   4.7172182e-01   0.0000000e+00   5.9805577e-02   9.4019442e-01
   4.7172735e-01   0.0000000e+00   5.9954947e-02   9.4004505e-01
   4.7172743e-01   0.0000000e+00   6.0046596e-02   9.3995340e-01
   4.7172948e-01   0.0000000e+00   5.9749115e-02   9.4025089e-01
   4.7173210e-01   0.0000000e+00   5.8960763e-02   9.4103924e-01
   4.7173450e-01   0.0000000e+00   5.9424766e-02   9.4057523e-01
   4.7173482e-01   0.0000000e+00   5.9619891e-02   9.4038011e-01
   4.7173600e-01   0.0000000e+00   5.9678716e-02   9.4032128e-01
   4.7174102e-01   0.0000000e+00   5.9116731e-02   9.4088327e-01
   4.7174151e-01   0.0000000e+00   6.0251504e-02   9.3974850e-01
   4.7174235e-01   0.0000000e+00   5.9186714e-02   9.4081329e-01
   4.7174263e-01   0.0000000e+00   5.9259708e-02   9.4074029e-01
   4.7174313e-01   0.0000000e+00   5.9647683e-02   9.4035232e-01
   4.7174394e-01   0.0000000e+00   5.9466273e-02   9.4053373e-01
   4.7174395e-01   0.0000000e+00   5.9475720e-02   9.4052428e-01
   4.7174676e-01   0.0000000e+00   5.9638228e-02   9.4036177e-01
   4.7174709e-01   0.0000000e+00   5.9689488e-02   9.4031051e-01
   4.7174853e-01   0.0000000e+00   5.9551666e-02   9.4044833e-01
   4.7174903e-01   0.0000000e+00   5.9644610e-02   9.4035539e-01
   4.7175051e-01   0.0000000e+00   6.0432397e-02   9.3956760e-01
   4.7175063e-01   0.0000000e+00   5.9337001e-02   9.4066300e-01
   4.7175136e-01   0.0000000e+00   5.9312824e-02   9.4068718e-01
   4.7175325e-01   0.0000000e+00   5.9289623e-02   9.4071038e-01
   4.7175478e-01   0.0000000e+00   5.9166579e-02   9.4083342e-01
   4.7175599e-01   0.0000000e+00   5.9336248e-02   9.4066375e-01
   4.7175734e-01   0.0000000e+00   5.9233801e-02   9.4076620e-01
   4.7175996e-01   0.0000000e+00   5.8907680e-02   9.4109232e-01
   4.7175997e-01   0.0000000e+00   5.9296085e-02   9.4070391e-01
   4.7176006e-01   0.0000000e+00   5.9138303e-02   9.4086170e-01
   4.7176031e-01   0.0000000e+00   5.9283156e-02   9.4071684e-01
   4.7176160e-01   0.0000000e+00   5.9694463e-02   9.4030554e-01
   4.7176200e-01   0.0000000e+00   5.9425497e-02   9.4057450e-01
   4.7176200e-01   0.0000000e+00   5.9170517e-02   9.4082948e-01
   4.7176245e-01   0.0000000e+00   5.9605190e-02   9.4039481e-01
   4.7176347e-01   0.0000000e+00   5.9028517e-02   9.4097148e-01
   4.7176362e-01   0.0000000e+00   5.9437936e-02   9.4056206e-01
   4.7176425e-01   0.0000000e+00   5.9106884e-02   9.4089312e-01
   4.7176564e-01   0.0000000e+00   5.9192465e-02   9.4080753e-01
   4.7176762e-01   0.0000000e+00   5.9762978e-02   9.4023702e-01
   4.7176796e-01   0.0000000e+00   5.9182102e-02   9.4081790e-01
   4.7176858e-01   0.0000000e+00   5.9120374e-02   9.4087963e-01
   4.7176898e-01   0.0000000e+00   5.9139555e-02   9.4086044e-01
   4.7176964e-01   0.0000000e+00   5.9154795e-02   9.4084520e-01
   4.7177179e-01   0.0000000e+00   5.8545786e-02   9.4145421e-01
   4.7177209e-01   0.0000000e+00   5.9142294e-02   9.4085771e-01
   4.7177228e-01   0.0000000e+00   5.8985501e-02   9.4101450e-01
   4.7177244e-01   0.0000000e+00   5.9035091e-02   9.4096491e-01
   4.7177280e-01   0.0000000e+00   5.8781675e-02   9.4121832e-01
   4.7177384e-01   0.0000000e+00   5.8794292e-02   9.4120571e-01
   4.7177407e-01   0.0000000e+00   5.9008123e-02   9.4099188e-01
   4.7177466e-01   0.0000000e+00   5.9131616e-02   9.4086838e-01
   4.7177473e-01   0.0000000e+00   5.9560337e-02   9.4043966e-01
   4.7177739e-01   0.0000000e+00   5.9611881e-02   9.4038812e-01
   4.7177742e-01   0.0000000e+00   5.9058631e-02   9.4094137e-01
   4.7177864e-01   0.0000000e+00   5.9029362e-02   9.4097064e-01
   4.7178035e-01   0.0000000e+00   5.9031546e-02   9.4096845e-01
   4.7178041e-01   0.0000000e+00   5.8862815e-02   9.4113718e-01
   4.7178192e-01   0.0000000e+00   5.8917090e-02   9.4108291e-01
   4.7178463e-01   0.0000000e+00   5.9087415e-02   9.4091258e-01
   4.7178467e-01   0.0000000e+00   5.9095563e-02   9.4090444e-01
   4.7178628e-01   0.0000000e+00   5.9465516e-02   9.4053448e-01
   4.7178675e-01   0.0000000e+00   5.8796320e-02   9.4120368e-01
   4.7178676e-01   0.0000000e+00   5.9057061e-02   9.4094294e-01
   4.7178764e-01   0.0000000e+00   5.8875579e-02   9.4112442e-01
   4.7178788e-01   0.0000000e+00   6.0176138e-02   9.3982386e-01
   4.7178920e-01   0.0000000e+00   5.9047534e-02   9.4095247e-01
   4.7178949e-01   0.0000000e+00   5.9067400e-02   9.4093260e-01
   4.7178997e-01   0.0000000e+00   5.8957422e-02   9.4104258e-01
   4.7179037e-01   0.0000000e+00   5.9018915e-02   9.4098108e-01
   4.7179168e-01   0.0000000e+00   5.9011013e-02   9.4098899e-01
   4.7179298e-01   0.0000000e+00   5.8111824e-02   9.4188818e-01
   4.7179362e-01   0.0000000e+00   5.9026148e-02   9.4097385e-01
   4.7179373e-01   0.0000000e+00   5.8714500e-02   9.4128550e-01
   4.7179538e-01   0.0000000e+00   5.9076103e-02   9.4092390e-01
   4.7179637e-01   0.0000000e+00   5.8828366e-02   9.4117163e-01
   4.7179667e-01   0.0000000e+00   5.9053288e-02   9.4094671e-01
   4.7179706e-01   0.0000000e+00   5.8728106e-02   9.4127189e-01
   4.7179765e-01   0.0000000e+00   5.8793508e-02   9.4120649e-01
   4.7179934e-01   0.0000000e+00   6.0090280e-02   9.3990972e-01
   4.7180209e-01   0.0000000e+00   5.8770721e-02   9.4122928e-01
   4.7180239e-01   0.0000000e+00   5.9675557e-02   9.4032444e-01
   4.7180478e-01   0.0000000e+00   5.9233963e-02   9.4076604e-01
   4.7180525e-01   0.0000000e+00   5.8445511e-02   9.4155449e-01
   4.7180750e-01   0.0000000e+00   5.8303636e-02   9.4169636e-01
   4.7180946e-01   0.0000000e+00   5.8779961e-02   9.4122004e-01
   4.7181117e-01   0.0000000e+00   5.8543936e-02   9.4145606e-01
   4.7181165e-01   0.0000000e+00   5.8757850e-02   9.4124215e-01
   4.7181420e-01   0.0000000e+00   5.8516163e-02   9.4148384e-01
   4.7181432e-01   0.0000000e+00   5.9106841e-02   9.4089316e-01
   4.7181484e-01   0.0000000e+00   5.9073363e-02   9.4092664e-01
   4.7181495e-01   0.0000000e+00   5.8346924e-02   9.4165308e-01
   4.7181495e-01   0.0000000e+00   5.9001340e-02   9.4099866e-01
   4.7181564e-01   0.0000000e+00   5.8809805e-02   9.4119020e-01
   4.7181718e-01   0.0000000e+00   5.8408155e-02   9.4159184e-01
   4.7181727e-01   0.0000000e+00   5.8773615e-02   9.4122638e-01
   4.7181906e-01   0.0000000e+00   5.8507689e-02   9.4149231e-01
   4.7181930e-01   0.0000000e+00   5.8242681e-02   9.4175732e-01
   4.7181990e-01   0.0000000e+00   5.8549018e-02   9.4145098e-01
   4.7181991e-01   0.0000000e+00   5.8255399e-02   9.4174460e-01
   4.7182342e-01   0.0000000e+00   5.8335897e-02   9.4166410e-01
   4.7182534e-01   0.0000000e+00   5.8457894e-02   9.4154211e-01
   4.7182561e-01   0.0000000e+00   5.8082170e-02   9.4191783e-01
   4.7182624e-01   0.0000000e+00   5.8449436e-02   9.4155056e-01
   4.7182686e-01   0.0000000e+00   5.8557336e-02   9.4144266e-01
   4.7183039e-01   0.0000000e+00   5.8825777e-02   9.4117422e-01
   4.7183087e-01   0.0000000e+00   5.8475590e-02   9.4152441e-01
   4.7183107e-01   0.0000000e+00   5.8958669e-02   9.4104133e-01
   4.7183170e-01   0.0000000e+00   5.7931080e-02   9.4206892e-01
   4.7183262e-01   0.0000000e+00   5.8302224e-02   9.4169778e-01
   4.7183360e-01   0.0000000e+00   5.8699438e-02   9.4130056e-01
   4.7183425e-01   0.0000000e+00   5.8565551e-02   9.4143445e-01
   4.7183438e-01   0.0000000e+00   5.8524994e-02   9.4147501e-01
   4.7183753e-01   0.0000000e+00   5.8465289e-02   9.4153471e-01
   4.7184168e-01   0.0000000e+00   5.7938527e-02   9.4206147e-01
   4.7184169e-01   0.0000000e+00   5.8227322e-02   9.4177268e-01
   4.7184197e-01   0.0000000e+00   5.9178512e-02   9.4082149e-01
   4.7184211e-01   0.0000000e+00   5.8274506e-02   9.4172549e-01
   4.7184220e-01   0.0000000e+00   5.8211823e-02   9.4178818e-01
   4.7184259e-01   0.0000000e+00   5.8505087e-02   9.4149491e-01
   4.7184376e-01   0.0000000e+00   5.8072093e-02   9.4192791e-01
   4.7184442e-01   0.0000000e+00   5.8080026e-02   9.4191997e-01
   4.7184472e-01   0.0000000e+00   5.9110488e-02   9.4088951e-01
   4.7184561e-01   0.0000000e+00   5.8718168e-02   9.4128183e-01
   4.7184603e-01   0.0000000e+00   5.8443745e-02   9.4155625e-01
   4.7184666e-01   0.0000000e+00   5.8600949e-02   9.4139905e-01
   4.7184749e-01   0.0000000e+00   5.7860599e-02   9.4213940e-01
   4.7185049e-01   0.0000000e+00   5.8134793e-02   9.4186521e-01
   4.7185099e-01   0.0000000e+00   5.8134661e-02   9.4186534e-01
   4.7185151e-01   0.0000000e+00   5.8558675e-02   9.4144133e-01
   4.7185239e-01   0.0000000e+00   5.8408307e-02   9.4159169e-01
   4.7185299e-01   0.0000000e+00   5.8440166e-02   9.4155983e-01
   4.7185430e-01   0.0000000e+00   5.7736077e-02   9.4226392e-01
   4.7185538e-01   0.0000000e+00   5.8513154e-02   9.4148685e-01
   4.7185764e-01   0.0000000e+00   5.8167849e-02   9.4183215e-01
   4.7185869e-01   0.0000000e+00   5.8192428e-02   9.4180757e-01
   4.7186000e-01   0.0000000e+00   5.8090291e-02   9.4190971e-01
   4.7186094e-01   0.0000000e+00   5.8457141e-02   9.4154286e-01
   4.7186152e-01   0.0000000e+00   5.7754530e-02   9.4224547e-01
   4.7186475e-01   0.0000000e+00   5.8308417e-02   9.4169158e-01
   4.7186891e-01   0.0000000e+00   5.7142790e-02   9.4285721e-01
   4.7187019e-01   0.0000000e+00   5.8379750e-02   9.4162025e-01
   4.7187084e-01   0.0000000e+00   5.8288446e-02   9.4171155e-01
   4.7187140e-01   0.0000000e+00   5.8378785e-02   9.4162121e-01
   4.7187630e-01   0.0000000e+00   5.7941901e-02   9.4205810e-01
   4.7187797e-01   0.0000000e+00   5.8278089e-02   9.4172191e-01
   4.7187880e-01   0.0000000e+00   5.8368735e-02   9.4163126e-01
   4.7187957e-01   0.0000000e+00   5.7476200e-02   9.4252380e-01
   4.7188128e-01   0.0000000e+00   5.8011269e-02   9.4198873e-01
   4.7188148e-01   0.0000000e+00   5.8297071e-02   9.4170293e-01
   4.7188154e-01   0.0000000e+00   5.8770948e-02   9.4122905e-01
   4.7188497e-01   0.0000000e+00   5.8748078e-02   9.4125192e-01
   4.7188519e-01   0.0000000e+00   5.8325444e-02   9.4167456e-01
   4.7188617e-01   0.0000000e+00   5.8365228e-02   9.4163477e-01
   4.7188897e-01   0.0000000e+00   5.8429779e-02   9.4157022e-01
   4.7188911e-01   0.0000000e+00   5.8217652e-02   9.4178235e-01
   4.7189036e-01   0.0000000e+00   5.8492918e-02   9.4150708e-01
   4.7189145e-01   0.0000000e+00   5.8221453e-02   9.4177855e-01
   4.7189274e-01   0.0000000e+00   5.8298674e-02   9.4170133e-01
   4.7189795e-01   0.0000000e+00   5.8297664e-02   9.4170234e-01
   4.7190269e-01   0.0000000e+00   5.8653813e-02   9.4134619e-01
   4.7190658e-01   0.0000000e+00   5.8175413e-02   9.4182459e-01
   4.7190909e-01   0.0000000e+00   5.8537637e-02   9.4146236e-01
   4.7191001e-01   0.0000000e+00   5.8467924e-02   9.4153208e-01
   4.7191355e-01   0.0000000e+00   5.8220440e-02   9.4177956e-01
   4.7191887e-01   0.0000000e+00   5.8402111e-02   9.4159789e-01
   4.7191893e-01   0.0000000e+00   5.8304417e-02   9.4169558e-01
   4.7192082e-01   0.0000000e+00   5.7430649e-02   9.4256935e-01
   4.7192158e-01   0.0000000e+00   5.7992502e-02   9.4200750e-01
   4.7192325e-01   0.0000000e+00   5.8481851e-02   9.4151815e-01
   4.7192377e-01   0.0000000e+00   5.8338871e-02   9.4166113e-01
   4.7192593e-01   0.0000000e+00   5.9465934e-02   9.4053407e-01
   4.7192973e-01   0.0000000e+00   5.8019019e-02   9.4198098e-01
   4.7193066e-01   0.0000000e+00   5.8474747e-02   9.4152525e-01
   4.7193135e-01   0.0000000e+00   5.8210659e-02   9.4178934e-01
   4.7193463e-01   0.0000000e+00   5.8579167e-02   9.4142083e-01
   4.7193802e-01   0.0000000e+00   5.8296831e-02   9.4170317e-01
   4.7193833e-01   0.0000000e+00   5.8188134e-02   9.4181187e-01
   4.7194102e-01   0.0000000e+00   5.8129164e-02   9.4187084e-01
   4.7194494e-01   0.0000000e+00   5.8424925e-02   9.4157508e-01
   4.7194591e-01   0.0000000e+00   5.7223646e-02   9.4277635e-01
   4.7194823e-01   0.0000000e+00   5.9182870e-02   9.4081713e-01
   4.7194922e-01   0.0000000e+00   5.8386898e-02   9.4161310e-01
   4.7195011e-01   0.0000000e+00   5.8468343e-02   9.4153166e-01
   4.7195063e-01   0.0000000e+00   5.8622949e-02   9.4137705e-01
   4.7195417e-01   0.0000000e+00   5.9298325e-02   9.4070167e-01
   4.7195519e-01   0.0000000e+00   5.8273098e-02   9.4172690e-01
   4.7195707e-01   0.0000000e+00   5.8137950e-02   9.4186205e-01
   4.7195910e-01   0.0000000e+00   5.8996368e-02   9.4100363e-01
   4.7196237e-01   0.0000000e+00   5.8574217e-02   9.4142578e-01
   4.7196639e-01   0.0000000e+00   5.8605306e-02   9.4139469e-01
   4.7196800e-01   0.0000000e+00   5.8065777e-02   9.4193422e-01
   4.7197288e-01   0.0000000e+00   5.8780666e-02   9.4121933e-01
   4.7197558e-01   0.0000000e+00   5.7263558e-02   9.4273644e-01
   4.7198080e-01   0.0000000e+00   5.8511748e-02   9.4148825e-01
   4.7198095e-01   0.0000000e+00   5.8483543e-02   9.4151646e-01
   4.7198320e-01   0.0000000e+00   5.9076044e-02   9.4092396e-01
   4.7198504e-01   0.0000000e+00   5.8922444e-02   9.4107756e-01
   4.7198847e-01   0.0000000e+00   5.9499001e-02   9.4050100e-01
   4.7199075e-01   0.0000000e+00   5.8377333e-02   9.4162267e-01
   4.7199498e-01   0.0000000e+00   5.8372962e-02   9.4162704e-01
   4.7199508e-01   0.0000000e+00   5.8511673e-02   9.4148833e-01
   4.7199580e-01   0.0000000e+00   5.7866860e-02   9.4213314e-01
   4.7199956e-01   0.0000000e+00   5.7911753e-02   9.4208825e-01
   4.7200078e-01   0.0000000e+00   5.8427450e-02   9.4157255e-01
   4.7200301e-01   0.0000000e+00   5.8567622e-02   9.4143238e-01
   4.7200428e-01   0.0000000e+00   5.7918863e-02   9.4208114e-01
   4.7200854e-01   0.0000000e+00   5.8504510e-02   9.4149549e-01
   4.7201059e-01   0.0000000e+00   5.8667524e-02   9.4133248e-01
   4.7201587e-01   0.0000000e+00   5.8310706e-02   9.4168929e-01
   4.7201728e-01   0.0000000e+00   5.8753355e-02   9.4124665e-01
   4.7201820e-01   0.0000000e+00   5.8643118e-02   9.4135688e-01
   4.7201855e-01   0.0000000e+00   5.9367821e-02   9.4063218e-01
   4.7203094e-01   0.0000000e+00   5.8147867e-02   9.4185213e-01
   4.7203524e-01   0.0000000e+00   5.7945291e-02   9.4205471e-01
   4.7203645e-01   0.0000000e+00   5.8631875e-02   9.4136813e-01
   4.7204165e-01   0.0000000e+00   5.7328881e-02   9.4267112e-01
   4.7204265e-01   0.0000000e+00   5.6072312e-02   9.4392769e-01
   4.7204600e-01   0.0000000e+00   5.9251559e-02   9.4074844e-01
   4.7204796e-01   0.0000000e+00   5.8580073e-02   9.4141993e-01
   4.7204902e-01   0.0000000e+00   6.0742721e-02   9.3925728e-01
   4.7205461e-01   0.0000000e+00   5.9624904e-02   9.4037510e-01
   4.7205904e-01   0.0000000e+00   5.8569681e-02   9.4143032e-01
   4.7206965e-01   0.0000000e+00   5.9003932e-02   9.4099607e-01
   4.7207177e-01   0.0000000e+00   5.9029641e-02   9.4097036e-01
   4.7207703e-01   0.0000000e+00   5.9031080e-02   9.4096892e-01
   4.7207825e-01   0.0000000e+00   5.8138737e-02   9.4186126e-01
   4.7207852e-01   0.0000000e+00   6.0686348e-02   9.3931365e-01
   4.7207913e-01   0.0000000e+00   5.8482220e-02   9.4151778e-01
   4.7208097e-01   0.0000000e+00   5.7486522e-02   9.4251348e-01
   4.7208277e-01   0.0000000e+00   5.8573213e-02   9.4142679e-01
   4.7208281e-01   0.0000000e+00   5.8332344e-02   9.4166766e-01
   4.7208509e-01   0.0000000e+00   5.8880165e-02   9.4111983e-01
   4.7208547e-01   0.0000000e+00   5.8512954e-02   9.4148705e-01
   4.7208733e-01   0.0000000e+00   5.8751194e-02   9.4124881e-01
   4.7208926e-01   0.0000000e+00   6.0226006e-02   9.3977399e-01
   4.7208934e-01   0.0000000e+00   5.8567419e-02   9.4143258e-01
   4.7210402e-01   0.0000000e+00   5.7116857e-02   9.4288314e-01
   4.7210475e-01   0.0000000e+00   5.8574434e-02   9.4142557e-01
   4.7211606e-01   0.0000000e+00   5.8566414e-02   9.4143359e-01
   4.7211694e-01   0.0000000e+00   5.8729849e-02   9.4127015e-01
   4.7212810e-01   0.0000000e+00   5.8024615e-02   9.4197538e-01
   4.7213099e-01   0.0000000e+00   5.9371267e-02   9.4062873e-01
   4.7213164e-01   0.0000000e+00   5.8495026e-02   9.4150497e-01
   4.7213922e-01   0.0000000e+00   5.7563620e-02   9.4243638e-01
   4.7214191e-01   0.0000000e+00   5.8836371e-02   9.4116363e-01
   4.7215405e-01   0.0000000e+00   5.8872288e-02   9.4112771e-01
   4.7216055e-01   0.0000000e+00   5.6909643e-02   9.4309036e-01
   4.7216973e-01   0.0000000e+00   5.7730770e-02   9.4226923e-01
   4.7217142e-01   0.0000000e+00   6.0177588e-02   9.3982241e-01
   4.7218870e-01   0.0000000e+00   5.9464298e-02   9.4053570e-01
   4.7218896e-01   0.0000000e+00   5.9268664e-02   9.4073134e-01
   4.7218934e-01   0.0000000e+00   6.0895810e-02   9.3910419e-01
   4.7219001e-01   0.0000000e+00   5.9251931e-02   9.4074807e-01
   4.7219111e-01   0.0000000e+00   5.8992911e-02   9.4100709e-01
   4.7219275e-01   0.0000000e+00   5.8446370e-02   9.4155363e-01
   4.7219352e-01   0.0000000e+00   5.8194671e-02   9.4180533e-01
   4.7219767e-01   0.0000000e+00   5.8940415e-02   9.4105959e-01
   4.7219918e-01   0.0000000e+00   5.8570194e-02   9.4142981e-01
   4.7220388e-01   0.0000000e+00   5.7783963e-02   9.4221604e-01
   4.7220462e-01   0.0000000e+00   5.8345169e-02   9.4165483e-01
   4.7221572e-01   0.0000000e+00   5.9269945e-02   9.4073006e-01
   4.7222557e-01   0.0000000e+00   5.8453195e-02   9.4154681e-01
   4.7223482e-01   0.0000000e+00   5.8534852e-02   9.4146515e-01
   4.7225219e-01   0.0000000e+00   5.8885214e-02   9.4111479e-01
   4.7225286e-01   0.0000000e+00   5.8507409e-02   9.4149259e-01
   4.7225485e-01   0.0000000e+00   5.8670786e-02   9.4132921e-01
   4.7227234e-01   0.0000000e+00   5.8957618e-02   9.4104238e-01
   4.7227389e-01   0.0000000e+00   5.9218914e-02   9.4078109e-01
   4.7228367e-01   0.0000000e+00   5.8308629e-02   9.4169137e-01
   4.7229746e-01   0.0000000e+00   5.7678885e-02   9.4232111e-01
   4.7229907e-01   0.0000000e+00   5.9036177e-02   9.4096382e-01
   4.7231042e-01   0.0000000e+00   6.0193859e-02   9.3980614e-01
   4.7231529e-01   0.0000000e+00   5.8798195e-02   9.4120181e-01
   4.7232723e-01   0.0000000e+00   5.8833359e-02   9.4116664e-01
   4.7232808e-01   0.0000000e+00   5.6878230e-02   9.4312177e-01
   4.7234103e-01   0.0000000e+00   5.8285594e-02   9.4171441e-01
   4.7234220e-01   0.0000000e+00   5.9769946e-02   9.4023005e-01
   4.7234840e-01   0.0000000e+00   5.8398735e-02   9.4160126e-01
   4.7234938e-01   0.0000000e+00   5.6034845e-02   9.4396516e-01
   4.7235429e-01   0.0000000e+00   6.0122585e-02   9.3987741e-01
   4.7236573e-01   0.0000000e+00   5.9398348e-02   9.4060165e-01
   4.7238170e-01   0.0000000e+00   5.9671153e-02   9.4032885e-01
   4.7238506e-01   0.0000000e+00   5.6707662e-02   9.4329234e-01
   4.7239219e-01   0.0000000e+00   6.0278257e-02   9.3972174e-01
   4.7239234e-01   0.0000000e+00   6.0342025e-02   9.3965798e-01
   4.7239824e-01   0.0000000e+00   5.9264482e-02   9.4073552e-01
   4.7240576e-01   0.0000000e+00   5.9012146e-02   9.4098785e-01
   4.7240816e-01   0.0000000e+00   5.8443779e-02   9.4155622e-01
   4.7240873e-01   0.0000000e+00   5.8002837e-02   9.4199716e-01
   4.7242115e-01   0.0000000e+00   5.9053278e-02   9.4094672e-01
   4.7243886e-01   0.0000000e+00   5.7836226e-02   9.4216377e-01
   4.7245339e-01   0.0000000e+00   5.8339470e-02   9.4166053e-01
   4.7245340e-01   0.0000000e+00   5.6453692e-02   9.4354631e-01
   4.7245627e-01   0.0000000e+00   5.9003096e-02   9.4099690e-01
   4.7246340e-01   0.0000000e+00   5.7935738e-02   9.4206426e-01
   4.7247303e-01   0.0000000e+00   5.8399443e-02   9.4160056e-01
   4.7247622e-01   0.0000000e+00   5.9087044e-02   9.4091296e-01
   4.7248592e-01   0.0000000e+00   5.8672837e-02   9.4132716e-01
   4.7249090e-01   0.0000000e+00   5.9143342e-02   9.4085666e-01
   4.7249560e-01   0.0000000e+00   5.7844844e-02   9.4215516e-01
   4.7249853e-01   0.0000000e+00   6.0728857e-02   9.3927114e-01
   4.7249920e-01   0.0000000e+00   5.9783416e-02   9.4021658e-01
   4.7252290e-01   0.0000000e+00   5.8476733e-02   9.4152327e-01
   4.7255460e-01   0.0000000e+00   5.7354066e-02   9.4264593e-01
   4.7255959e-01   0.0000000e+00   5.7529350e-02   9.4247065e-01
   4.7257171e-01   0.0000000e+00   5.7648336e-02   9.4235166e-01
   4.7257453e-01   0.0000000e+00   5.9683267e-02   9.4031673e-01
   4.7257744e-01   0.0000000e+00   6.1595418e-02   9.3840458e-01
   4.7258051e-01   0.0000000e+00   6.1842230e-02   9.3815777e-01
   4.7259025e-01   0.0000000e+00   5.9586088e-02   9.4041391e-01
   4.7261258e-01   0.0000000e+00   5.8723649e-02   9.4127635e-01
   4.7262310e-01   0.0000000e+00   6.0248254e-02   9.3975175e-01
   4.7263770e-01   0.0000000e+00   5.8927717e-02   9.4107228e-01
   4.7264006e-01   0.0000000e+00   5.6653772e-02   9.4334623e-01
   4.7264601e-01   0.0000000e+00   5.9415568e-02   9.4058443e-01
   4.7264642e-01   0.0000000e+00   5.7687757e-02   9.4231224e-01
   4.7265326e-01   0.0000000e+00   5.8914365e-02   9.4108563e-01
   4.7265615e-01   0.0000000e+00   5.9929811e-02   9.4007019e-01
   4.7267435e-01   0.0000000e+00   5.5808990e-02   9.4419101e-01
   4.7267506e-01   0.0000000e+00   5.8649172e-02   9.4135083e-01
   4.7268012e-01   0.0000000e+00   6.0190736e-02   9.3980926e-01
   4.7269422e-01   0.0000000e+00   6.0562504e-02   9.3943750e-01
   4.7270301e-01   0.0000000e+00   5.9051449e-02   9.4094855e-01
   4.7271146e-01   0.0000000e+00   5.9978772e-02   9.4002123e-01
   4.7272318e-01   0.0000000e+00   5.8252084e-02   9.4174792e-01
   4.7273730e-01   0.0000000e+00   5.3762523e-02   9.4623748e-01
   4.7274324e-01   0.0000000e+00   5.9225530e-02   9.4077447e-01
   4.7274544e-01   0.0000000e+00   5.7763131e-02   9.4223687e-01
   4.7276432e-01   0.0000000e+00   5.9340193e-02   9.4065981e-01
   4.7277048e-01   0.0000000e+00   5.9310431e-02   9.4068957e-01
   4.7278849e-01   0.0000000e+00   5.7882628e-02   9.4211737e-01
   4.7279101e-01   0.0000000e+00   5.6090136e-02   9.4390986e-01
   4.7279517e-01   0.0000000e+00   6.0550410e-02   9.3944959e-01
   4.7279998e-01   0.0000000e+00   5.6805681e-02   9.4319432e-01
   4.7282161e-01   0.0000000e+00   5.7517544e-02   9.4248246e-01
   4.7282456e-01   0.0000000e+00   6.0206447e-02   9.3979355e-01
   4.7283256e-01   0.0000000e+00   6.2041010e-02   9.3795899e-01
   4.7284235e-01   0.0000000e+00   5.7527896e-02   9.4247210e-01
   4.7285748e-01   0.0000000e+00   6.4008932e-02   9.3599107e-01
   4.7286563e-01   0.0000000e+00   6.1245066e-02   9.3875493e-01
   4.7286943e-01   0.0000000e+00   5.6574573e-02   9.4342543e-01
   4.7293332e-01   0.0000000e+00   6.4569643e-02   9.3543036e-01
   4.7293387e-01   0.0000000e+00   5.9729858e-02   9.4027014e-01
   4.7294803e-01   0.0000000e+00   5.8858039e-02   9.4114196e-01
   4.7296293e-01   0.0000000e+00   5.9791444e-02   9.4020856e-01
   4.7297836e-01   0.0000000e+00   5.6553164e-02   9.4344684e-01
   4.7299118e-01   0.0000000e+00   5.9542608e-02   9.4045739e-01
   4.7302264e-01   0.0000000e+00   6.2010562e-02   9.3798944e-01
   4.7305459e-01   0.0000000e+00   5.9710667e-02   9.4028933e-01
   4.7306946e-01   0.0000000e+00   5.8843552e-02   9.4115645e-01
   4.7307352e-01   0.0000000e+00   5.9057025e-02   9.4094298e-01
   4.7308100e-01   0.0000000e+00   5.7217800e-02   9.4278220e-01
   4.7308296e-01   0.0000000e+00   5.9232195e-02   9.4076781e-01
   4.7308529e-01   0.0000000e+00   5.8737407e-02   9.4126259e-01
   4.7312560e-01   0.0000000e+00   5.6854194e-02   9.4314581e-01
   4.7319256e-01   0.0000000e+00   6.1212032e-02   9.3878797e-01
   4.7322147e-01   0.0000000e+00   6.1776728e-02   9.3822327e-01
   4.7329134e-01   0.0000000e+00   5.5178238e-02   9.4482176e-01
   4.7329805e-01   0.0000000e+00   6.2089584e-02   9.3791042e-01
   4.7329933e-01   0.0000000e+00   5.9778584e-02   9.4022142e-01
   4.7330843e-01   0.0000000e+00   5.6522220e-02   9.4347778e-01
   4.7332886e-01   0.0000000e+00   5.8676087e-02   9.4132391e-01
   4.7336140e-01   0.0000000e+00   5.5389796e-02   9.4461020e-01
   4.7337142e-01   0.0000000e+00   5.8680557e-02   9.4131944e-01
   4.7338319e-01   0.0000000e+00   6.0981493e-02   9.3901851e-01
   4.7339497e-01   0.0000000e+00   6.0323542e-02   9.3967646e-01
   4.7340111e-01   0.0000000e+00   6.3064439e-02   9.3693556e-01
   4.7340674e-01   0.0000000e+00   5.4101546e-02   9.4589845e-01
   4.7340845e-01   0.0000000e+00   5.9515086e-02   9.4048491e-01
   4.7342172e-01   0.0000000e+00   5.7243252e-02   9.4275675e-01
   4.7342193e-01   0.0000000e+00   5.3678373e-02   9.4632163e-01
   4.7344567e-01   0.0000000e+00   5.9226808e-02   9.4077319e-01
   4.7346146e-01   0.0000000e+00   5.7550948e-02   9.4244905e-01
   4.7346633e-01   0.0000000e+00   6.3031079e-02   9.3696892e-01
   4.7347279e-01   0.0000000e+00   5.5739976e-02   9.4426002e-01
   4.7350212e-01   0.0000000e+00   5.9181016e-02   9.4081898e-01
   4.7351239e-01   0.0000000e+00   5.8329966e-02   9.4167003e-01
   4.7352663e-01   0.0000000e+00   5.9729877e-02   9.4027012e-01
   4.7352949e-01   0.0000000e+00   5.7696628e-02   9.4230337e-01
   4.7353415e-01   0.0000000e+00   6.1649917e-02   9.3835008e-01
   4.7356064e-01   0.0000000e+00   5.8252122e-02   9.4174788e-01
   4.7361061e-01   0.0000000e+00   6.0439643e-02   9.3956036e-01
   4.7362910e-01   0.0000000e+00   6.2818293e-02   9.3718171e-01
   4.7364757e-01   0.0000000e+00   6.2269679e-02   9.3773032e-01
   4.7367697e-01   0.0000000e+00   5.8950003e-02   9.4105000e-01
   4.7367987e-01   0.0000000e+00   5.9489701e-02   9.4051030e-01
   4.7370054e-01   0.0000000e+00   5.6762714e-02   9.4323729e-01
   4.7370414e-01   0.0000000e+00   5.9722082e-02   9.4027792e-01
   4.7370489e-01   0.0000000e+00   5.9163485e-02   9.4083652e-01
   4.7370732e-01   0.0000000e+00   5.8831581e-02   9.4116842e-01
   4.7370947e-01   0.0000000e+00   5.8307746e-02   9.4169225e-01
   4.7371381e-01   0.0000000e+00   5.8807702e-02   9.4119230e-01
   4.7372029e-01   0.0000000e+00   6.0143655e-02   9.3985634e-01
   4.7372439e-01   0.0000000e+00   5.7561001e-02   9.4243900e-01
   4.7372697e-01   0.0000000e+00   5.8961846e-02   9.4103815e-01
   4.7372867e-01   0.0000000e+00   5.7963549e-02   9.4203645e-01
   4.7372907e-01   0.0000000e+00   5.7705434e-02   9.4229457e-01
   4.7373283e-01   0.0000000e+00   5.8609545e-02   9.4139045e-01
   4.7373363e-01   0.0000000e+00   5.7836881e-02   9.4216312e-01
   4.7373736e-01   0.0000000e+00   5.8696386e-02   9.4130361e-01
   4.7373909e-01   0.0000000e+00   6.2757702e-02   9.3724230e-01
   4.7376202e-01   0.0000000e+00   5.9700930e-02   9.4029907e-01
   4.7376379e-01   0.0000000e+00   5.9883207e-02   9.4011679e-01
   4.7376603e-01   0.0000000e+00   5.8441689e-02   9.4155831e-01
   4.7377449e-01   0.0000000e+00   5.8280145e-02   9.4171985e-01
   4.7377802e-01   0.0000000e+00   6.4735449e-02   9.3526455e-01
   4.7378071e-01   0.0000000e+00   5.9535019e-02   9.4046498e-01
   4.7378329e-01   0.0000000e+00   5.8011434e-02   9.4198857e-01
   4.7378648e-01   0.0000000e+00   5.8134997e-02   9.4186500e-01
   4.7378804e-01   0.0000000e+00   5.8702407e-02   9.4129759e-01
   4.7379333e-01   0.0000000e+00   5.8009038e-02   9.4199096e-01
   4.7380424e-01   0.0000000e+00   6.2937613e-02   9.3706239e-01
   4.7381220e-01   0.0000000e+00   5.7242125e-02   9.4275788e-01
   4.7381829e-01   0.0000000e+00   5.7139819e-02   9.4286018e-01
   4.7382692e-01   0.0000000e+00   5.7338763e-02   9.4266124e-01
   4.7383656e-01   0.0000000e+00   5.7590312e-02   9.4240969e-01
   4.7383980e-01   0.0000000e+00   5.7971490e-02   9.4202851e-01
   4.7384962e-01   0.0000000e+00   5.7201063e-02   9.4279894e-01
   4.7385130e-01   0.0000000e+00   6.1081559e-02   9.3891844e-01
   4.7385377e-01   0.0000000e+00   5.9485532e-02   9.4051447e-01
   4.7387122e-01   0.0000000e+00   5.6956839e-02   9.4304316e-01
   4.7387771e-01   0.0000000e+00   5.7403657e-02   9.4259634e-01
   4.7396362e-01   0.0000000e+00   5.5608489e-02   9.4439151e-01
   4.7397959e-01   0.0000000e+00   6.5373827e-02   9.3462617e-01
   4.7399129e-01   0.0000000e+00   5.8221216e-02   9.4177878e-01
   4.7400836e-01   0.0000000e+00   6.1018386e-02   9.3898161e-01
   4.7401848e-01   0.0000000e+00   5.9167106e-02   9.4083289e-01
   4.7401967e-01   0.0000000e+00   5.5288378e-02   9.4471162e-01
   4.7403372e-01   0.0000000e+00   6.0257529e-02   9.3974247e-01
   4.7404849e-01   0.0000000e+00   6.0834556e-02   9.3916544e-01
   4.7406116e-01   0.0000000e+00   5.8465036e-02   9.4153496e-01
   4.7406174e-01   0.0000000e+00   5.9144128e-02   9.4085587e-01
   4.7407324e-01   0.0000000e+00   5.6443114e-02   9.4355689e-01
   4.7409435e-01   0.0000000e+00   5.6864752e-02   9.4313525e-01
   4.7409520e-01   0.0000000e+00   5.7246064e-02   9.4275394e-01
   4.7409586e-01   0.0000000e+00   6.0770258e-02   9.3922974e-01
   4.7410880e-01   0.0000000e+00   5.4931898e-02   9.4506810e-01
   4.7411577e-01   0.0000000e+00   6.2479883e-02   9.3752012e-01
   4.7414260e-01   0.0000000e+00   5.8065286e-02   9.4193471e-01
   4.7417160e-01   0.0000000e+00   5.6103300e-02   9.4389670e-01
   4.7422691e-01   0.0000000e+00   6.0138827e-02   9.3986117e-01
   4.7423655e-01   0.0000000e+00   5.5811999e-02   9.4418800e-01
   4.7426073e-01   0.0000000e+00   5.7645964e-02   9.4235404e-01
   4.7427364e-01   0.0000000e+00   5.4680705e-02   9.4531929e-01
   4.7429163e-01   0.0000000e+00   5.8930279e-02   9.4106972e-01
   4.7432046e-01   0.0000000e+00   6.4298376e-02   9.3570162e-01
   4.7433050e-01   0.0000000e+00   6.5380887e-02   9.3461911e-01
   4.7433164e-01   0.0000000e+00   6.0489589e-02   9.3951041e-01
   4.7433695e-01   0.0000000e+00   6.2966732e-02   9.3703327e-01
   4.7434844e-01   0.0000000e+00   5.7350525e-02   9.4264948e-01
   4.7436186e-01   0.0000000e+00   6.1163091e-02   9.3883691e-01
   4.7437752e-01   0.0000000e+00   5.4570540e-02   9.4542946e-01
   4.7439763e-01   0.0000000e+00   6.0321881e-02   9.3967812e-01
   4.7453368e-01   0.0000000e+00   5.9444459e-02   9.4055554e-01
   4.7453801e-01   0.0000000e+00   5.9926095e-02   9.4007391e-01
   4.7459299e-01   0.0000000e+00   5.7923853e-02   9.4207615e-01
   4.7460507e-01   0.0000000e+00   6.4860436e-02   9.3513956e-01
   4.7461629e-01   0.0000000e+00   6.5542654e-02   9.3445735e-01
   4.7465769e-01   0.0000000e+00   5.7602599e-02   9.4239740e-01
   4.7467589e-01   0.0000000e+00   6.2445004e-02   9.3755500e-01
   4.7468446e-01   0.0000000e+00   5.6251518e-02   9.4374848e-01
   4.7468540e-01   0.0000000e+00   6.3192584e-02   9.3680742e-01
   4.7471282e-01   0.0000000e+00   6.0455315e-02   9.3954469e-01
   4.7475099e-01   0.0000000e+00   5.9539030e-02   9.4046097e-01
   4.7482427e-01   0.0000000e+00   6.1966708e-02   9.3803329e-01
   4.7485218e-01   0.0000000e+00   5.5718138e-02   9.4428186e-01
   4.7485369e-01   0.0000000e+00   6.2613743e-02   9.3738626e-01
   4.7486428e-01   0.0000000e+00   5.7865990e-02   9.4213401e-01
   4.7487267e-01   0.0000000e+00   5.6396418e-02   9.4360358e-01
   4.7491989e-01   0.0000000e+00   5.6798385e-02   9.4320161e-01
   4.7492920e-01   0.0000000e+00   6.5669014e-02   9.3433099e-01
   4.7498873e-01   0.0000000e+00   5.8330284e-02   9.4166972e-01
   4.7500776e-01   0.0000000e+00   5.0914230e-02   9.4908577e-01
   4.7501186e-01   0.0000000e+00   5.6157761e-02   9.4384224e-01
   4.7501793e-01   0.0000000e+00   5.8016040e-02   9.4198396e-01
   4.7504555e-01   0.0000000e+00   6.2289013e-02   9.3771099e-01
   4.7516887e-01   0.0000000e+00   6.3395648e-02   9.3660435e-01
   4.7519560e-01   0.0000000e+00   6.1859667e-02   9.3814033e-01
   4.7524222e-01   0.0000000e+00   6.3118848e-02   9.3688115e-01
   4.7527894e-01   0.0000000e+00   6.2191518e-02   9.3780848e-01
   4.7530725e-01   0.0000000e+00   5.7208341e-02   9.4279166e-01
   4.7534058e-01   0.0000000e+00   6.2839365e-02   9.3716064e-01
   4.7534791e-01   0.0000000e+00   6.6519456e-02   9.3348054e-01
   4.7539102e-01   0.0000000e+00   5.6323998e-02   9.4367600e-01
   4.7545063e-01   0.0000000e+00   6.3849400e-02   9.3615060e-01
   4.7547594e-01   0.0000000e+00   5.7855912e-02   9.4214409e-01
   4.7547625e-01   0.0000000e+00   5.6977262e-02   9.4302274e-01
   4.7549858e-01   0.0000000e+00   6.0636793e-02   9.3936321e-01
   4.7556617e-01   0.0000000e+00   5.6553102e-02   9.4344690e-01
   4.7558985e-01   0.0000000e+00   6.4390939e-02   9.3560906e-01
   4.7562294e-01   0.0000000e+00   6.3711480e-02   9.3628852e-01
   4.7563391e-01   0.0000000e+00   6.6421660e-02   9.3357834e-01
   4.7569121e-01   0.0000000e+00   6.3786112e-02   9.3621389e-01
   4.7573878e-01   0.0000000e+00   6.0548652e-02   9.3945135e-01
   4.7576874e-01   0.0000000e+00   5.9750757e-02   9.4024924e-01
   4.7577495e-01   0.0000000e+00   5.8946557e-02   9.4105344e-01
   4.7583304e-01   0.0000000e+00   6.7466314e-02   9.3253369e-01
   4.7585677e-01   0.0000000e+00   6.0139032e-02   9.3986097e-01
   4.7587685e-01   0.0000000e+00   5.3844963e-02   9.4615504e-01
   4.7592964e-01   0.0000000e+00   6.2302965e-02   9.3769704e-01
   4.7593425e-01   0.0000000e+00   6.3593249e-02   9.3640675e-01
   4.7596643e-01   0.0000000e+00   6.4350606e-02   9.3564939e-01
   4.7599980e-01   0.0000000e+00   6.3616898e-02   9.3638310e-01
   4.7603702e-01   0.0000000e+00   7.1657443e-02   9.2834256e-01
   4.7605885e-01   0.0000000e+00   5.9208423e-02   9.4079158e-01
   4.7606179e-01   0.0000000e+00   6.3990489e-02   9.3600951e-01
   4.7613293e-01   0.0000000e+00   5.8823880e-02   9.4117612e-01
   4.7625464e-01   0.0000000e+00   6.4183042e-02   9.3581696e-01
   4.7636195e-01   0.0000000e+00   4.6304637e-02   9.5369536e-01
   4.7643763e-01   0.0000000e+00   6.6099520e-02   9.3390048e-01
   4.7644789e-01   0.0000000e+00   6.9051787e-02   9.3094821e-01
   4.7649482e-01   0.0000000e+00   5.2138477e-02   9.4786152e-01
   4.7658078e-01   0.0000000e+00   6.6472493e-02   9.3352751e-01
   4.7659591e-01   0.0000000e+00   5.6459131e-02   9.4354087e-01
   4.7664458e-01   0.0000000e+00   6.9565363e-02   9.3043464e-01
   4.7666106e-01   0.0000000e+00   6.2263782e-02   9.3773622e-01
   4.7683301e-01   0.0000000e+00   6.2068638e-02   9.3793136e-01
   4.7690909e-01   0.0000000e+00   6.5327688e-02   9.3467231e-01
   4.7691496e-01   0.0000000e+00   6.3154980e-02   9.3684502e-01
   4.7691517e-01   0.0000000e+00   6.5369523e-02   9.3463048e-01
   4.7691520e-01   0.0000000e+00   6.0864529e-02   9.3913547e-01
   4.7693966e-01   0.0000000e+00   6.3328524e-02   9.3667148e-01
   4.7700266e-01   0.0000000e+00   5.9686336e-02   9.4031366e-01
   4.7700742e-01   0.0000000e+00   6.3497866e-02   9.3650213e-01
   4.7702904e-01   0.0000000e+00   6.3901324e-02   9.3609868e-01
   4.7720496e-01   0.0000000e+00   6.7358344e-02   9.3264166e-01
   4.7722988e-01   0.0000000e+00   5.3460412e-02   9.4653959e-01
   4.7723186e-01   0.0000000e+00   6.2794363e-02   9.3720564e-01
   4.7723812e-01   0.0000000e+00   6.2397928e-02   9.3760207e-01
   4.7732071e-01   0.0000000e+00   5.4634560e-02   9.4536544e-01
   4.7748083e-01   0.0000000e+00   6.4354128e-02   9.3564587e-01
   4.7753042e-01   0.0000000e+00   6.4455473e-02   9.3554453e-01
   4.7755120e-01   0.0000000e+00   6.9012973e-02   9.3098703e-01
   4.7763040e-01   0.0000000e+00   6.4694180e-02   9.3530582e-01
   4.7768186e-01   0.0000000e+00   6.4277871e-02   9.3572213e-01
   4.7777330e-01   0.0000000e+00   6.9054168e-02   9.3094583e-01
   4.7781520e-01   0.0000000e+00   6.8672096e-02   9.3132790e-01
   4.7793012e-01   0.0000000e+00   5.9882080e-02   9.4011792e-01
   4.7794165e-01   0.0000000e+00   5.1673626e-02   9.4832637e-01
   4.7796341e-01   0.0000000e+00   7.1714780e-02   9.2828522e-01
   4.7801097e-01   0.0000000e+00   6.4995792e-02   9.3500421e-01
   4.7811131e-01   0.0000000e+00   6.8912674e-02   9.3108733e-01
   4.7821245e-01   0.0000000e+00   7.3733430e-02   9.2626657e-01
   4.7825380e-01   0.0000000e+00   6.4629805e-02   9.3537020e-01
   4.7829910e-01   0.0000000e+00   6.4319007e-02   9.3568099e-01
   4.7831256e-01   0.0000000e+00   6.8411535e-02   9.3158847e-01
   4.7832556e-01   0.0000000e+00   6.4584628e-02   9.3541537e-01
   4.7834960e-01   0.0000000e+00   6.3420244e-02   9.3657976e-01
   4.7839002e-01   0.0000000e+00   6.5042465e-02   9.3495753e-01
   4.7840004e-01   0.0000000e+00   6.0966986e-02   9.3903301e-01
   4.7851581e-01   0.0000000e+00   6.1021259e-02   9.3897874e-01
   4.7852254e-01   0.0000000e+00   6.4828747e-02   9.3517125e-01
   4.7863034e-01   0.0000000e+00   6.2839353e-02   9.3716065e-01
   4.7868618e-01   0.0000000e+00   6.9419113e-02   9.3058089e-01
   4.7870506e-01   0.0000000e+00   6.3869342e-02   9.3613066e-01
   4.7872970e-01   0.0000000e+00   7.1879295e-02   9.2812070e-01
   4.7874311e-01   0.0000000e+00   6.3886417e-02   9.3611358e-01
   4.7875134e-01   0.0000000e+00   6.4577570e-02   9.3542243e-01
   4.7876204e-01   0.0000000e+00   6.3353460e-02   9.3664654e-01
   4.7878598e-01   0.0000000e+00   6.6183743e-02   9.3381626e-01
   4.7880684e-01   0.0000000e+00   7.1134719e-02   9.2886528e-01
   4.7881850e-01   0.0000000e+00   6.2138899e-02   9.3786110e-01
   4.7884052e-01   0.0000000e+00   6.9350865e-02   9.3064913e-01
   4.7886311e-01   0.0000000e+00   6.7439082e-02   9.3256092e-01
   4.7889427e-01   0.0000000e+00   6.0761295e-02   9.3923871e-01
   4.7891685e-01   0.0000000e+00   6.5054141e-02   9.3494586e-01
   4.7891775e-01   0.0000000e+00   6.2559165e-02   9.3744083e-01
   4.7904773e-01   0.0000000e+00   6.5573044e-02   9.3442696e-01
   4.7908118e-01   0.0000000e+00   6.0118884e-02   9.3988112e-01
   4.7910304e-01   0.0000000e+00   6.4603382e-02   9.3539662e-01
   4.7910694e-01   0.0000000e+00   6.4052502e-02   9.3594750e-01
   4.7916861e-01   0.0000000e+00   6.4388835e-02   9.3561116e-01
   4.7917417e-01   0.0000000e+00   6.4649331e-02   9.3535067e-01
   4.7917671e-01   0.0000000e+00   6.6272353e-02   9.3372765e-01
   4.7918617e-01   0.0000000e+00   6.2101929e-02   9.3789807e-01
   4.7926040e-01   0.0000000e+00   6.1274607e-02   9.3872539e-01
   4.7928016e-01   0.0000000e+00   6.5597365e-02   9.3440264e-01
   4.7929047e-01   0.0000000e+00   6.6465696e-02   9.3353430e-01
   4.7930201e-01   0.0000000e+00   6.1975503e-02   9.3802450e-01
   4.7932352e-01   0.0000000e+00   6.0501685e-02   9.3949832e-01
   4.7932762e-01   0.0000000e+00   6.0536361e-02   9.3946364e-01
   4.7933022e-01   0.0000000e+00   7.1521069e-02   9.2847893e-01
   4.7934421e-01   0.0000000e+00   6.5867199e-02   9.3413280e-01
   4.7935502e-01   0.0000000e+00   6.0940340e-02   9.3905966e-01
   4.7940815e-01   0.0000000e+00   6.3843880e-02   9.3615612e-01
   4.7947702e-01   0.0000000e+00   6.2105649e-02   9.3789435e-01
   4.7948974e-01   0.0000000e+00   5.8821851e-02   9.4117815e-01
   4.7949245e-01   0.0000000e+00   6.1908299e-02   9.3809170e-01
   4.7952474e-01   0.0000000e+00   6.5896259e-02   9.3410374e-01
   4.7956367e-01   0.0000000e+00   5.8846361e-02   9.4115364e-01
   4.7962422e-01   0.0000000e+00   6.8518125e-02   9.3148188e-01
   4.7964095e-01   0.0000000e+00   6.8355249e-02   9.3164475e-01
   4.7966338e-01   0.0000000e+00   6.1226256e-02   9.3877374e-01
   4.7968955e-01   0.0000000e+00   6.0902919e-02   9.3909708e-01
   4.7970361e-01   0.0000000e+00   6.7287845e-02   9.3271216e-01
   4.7970899e-01   0.0000000e+00   6.4434882e-02   9.3556512e-01
   4.7971099e-01   0.0000000e+00   6.4926259e-02   9.3507374e-01
   4.7979842e-01   0.0000000e+00   5.9318705e-02   9.4068129e-01
   4.7981702e-01   0.0000000e+00   6.3875384e-02   9.3612462e-01
   4.7983573e-01   0.0000000e+00   6.0970279e-02   9.3902972e-01
   4.7984160e-01   0.0000000e+00   6.3893172e-02   9.3610683e-01
   4.7984465e-01   0.0000000e+00   6.4420119e-02   9.3557988e-01
   4.7986245e-01   0.0000000e+00   6.4258791e-02   9.3574121e-01
   4.7986596e-01   0.0000000e+00   6.6467897e-02   9.3353210e-01
   4.7992320e-01   0.0000000e+00   6.6640863e-02   9.3335914e-01
   4.7993617e-01   0.0000000e+00   6.0776543e-02   9.3922346e-01
   4.7994959e-01   0.0000000e+00   7.4181119e-02   9.2581888e-01
   4.7999382e-01   0.0000000e+00   6.5507364e-02   9.3449264e-01
   4.8000501e-01   0.0000000e+00   6.0782794e-02   9.3921721e-01
   4.8001752e-01   0.0000000e+00   6.5262999e-02   9.3473700e-01
   4.8011098e-01   0.0000000e+00   6.7577071e-02   9.3242293e-01
   4.8017543e-01   0.0000000e+00   5.8402923e-02   9.4159708e-01
   4.8021855e-01   0.0000000e+00   6.7837061e-02   9.3216294e-01
   4.8029343e-01   0.0000000e+00   5.8672362e-02   9.4132764e-01
   4.8035509e-01   0.0000000e+00   5.5460361e-02   9.4453964e-01
