   4.5764933e-01   0.0000000e+00   8.1442133e-02   9.1855787e-01
   4.5859902e-01   0.0000000e+00   8.1901727e-02   9.1809827e-01
   4.5694684e-01   0.0000000e+00   8.1543512e-02   9.1845649e-01
   4.5705181e-01   0.0000000e+00   8.1746502e-02   9.1825350e-01
   4.5838341e-01   0.0000000e+00   8.1865177e-02   9.1813482e-01
   4.5755487e-01   0.0000000e+00   8.1619433e-02   9.1838057e-01
   4.5811100e-01   0.0000000e+00   8.1714187e-02   9.1828581e-01
   4.5743267e-01   0.0000000e+00   8.1906832e-02   9.1809317e-01
   4.5786188e-01   0.0000000e+00   8.1604479e-02   9.1839552e-01
   4.5798070e-01   0.0000000e+00   8.1601968e-02   9.1839803e-01
   4.5869648e-01   0.0000000e+00   8.1366200e-02   9.1863380e-01
   4.5661917e-01   0.0000000e+00   8.1389559e-02   9.1861044e-01
   4.5764745e-01   0.0000000e+00   8.1892757e-02   9.1810724e-01
   4.5712057e-01   0.0000000e+00   8.1417679e-02   9.1858232e-01
   4.5809398e-01   0.0000000e+00   8.1961617e-02   9.1803838e-01
   4.5813121e-01   0.0000000e+00   8.1509764e-02   9.1849024e-01
   4.5711026e-01   0.0000000e+00   8.1482704e-02   9.1851730e-01
   4.5738774e-01   0.0000000e+00   8.1358932e-02   9.1864107e-01
   4.5806645e-01   0.0000000e+00   8.1708439e-02   9.1829156e-01
   4.5815045e-01   0.0000000e+00   8.1700587e-02   9.1829941e-01
   4.5842214e-01   0.0000000e+00   8.1847216e-02   9.1815278e-01
   4.5745962e-01   0.0000000e+00   8.1522905e-02   9.1847709e-01
   4.5807929e-01   0.0000000e+00   8.1585913e-02   9.1841409e-01
   4.5808676e-01   0.0000000e+00   8.1473646e-02   9.1852635e-01
   4.5771845e-01   0.0000000e+00   8.1757433e-02   9.1824257e-01
   4.5803174e-01   0.0000000e+00   8.1667123e-02   9.1833288e-01
   4.5712251e-01   0.0000000e+00   8.1273879e-02   9.1872612e-01
   4.5832918e-01   0.0000000e+00   8.2125712e-02   9.1787429e-01
   4.5737067e-01   0.0000000e+00   8.1682591e-02   9.1831741e-01
   4.5813680e-01   0.0000000e+00   8.1468965e-02   9.1853103e-01
   4.5807308e-01   0.0000000e+00   8.1659582e-02   9.1834042e-01
   4.5653056e-01   0.0000000e+00   8.1287365e-02   9.1871263e-01
   4.5918197e-01   0.0000000e+00   8.1702637e-02   9.1829736e-01
   4.5769474e-01   0.0000000e+00   8.1485298e-02   9.1851470e-01
   4.5749108e-01   0.0000000e+00   8.1686218e-02   9.1831378e-01
   4.5802398e-01   0.0000000e+00   8.1604928e-02   9.1839507e-01
   4.5804211e-01   0.0000000e+00   8.1623889e-02   9.1837611e-01
   4.5716873e-01   0.0000000e+00   8.1215010e-02   9.1878499e-01
   4.5823572e-01   0.0000000e+00   8.1629489e-02   9.1837051e-01
   4.5777447e-01   0.0000000e+00   8.1234515e-02   9.1876549e-01
   4.5828172e-01   0.0000000e+00   8.1456061e-02   9.1854394e-01
   4.5787567e-01   0.0000000e+00   8.1635350e-02   9.1836465e-01
   4.5829157e-01   0.0000000e+00   8.1851817e-02   9.1814818e-01
   4.5847921e-01   0.0000000e+00   8.1645805e-02   9.1835419e-01
   4.5860217e-01   0.0000000e+00   8.1555349e-02   9.1844465e-01
   4.5847609e-01   0.0000000e+00   8.1403340e-02   9.1859666e-01
   4.5813579e-01   0.0000000e+00   8.1540911e-02   9.1845909e-01
   4.5806925e-01   0.0000000e+00   8.1479646e-02   9.1852035e-01
   4.5957749e-01   0.0000000e+00   8.1893987e-02   9.1810601e-01
   4.5867878e-01   0.0000000e+00   8.1771334e-02   9.1822867e-01
   4.5816891e-01   0.0000000e+00   8.1545282e-02   9.1845472e-01
   4.5751305e-01   0.0000000e+00   8.1602268e-02   9.1839773e-01
   4.5859029e-01   0.0000000e+00   8.1383979e-02   9.1861602e-01
   4.5875217e-01   0.0000000e+00   8.1468929e-02   9.1853107e-01
   4.5845379e-01   0.0000000e+00   8.1579582e-02   9.1842042e-01
   4.5874432e-01   0.0000000e+00   8.1713937e-02   9.1828606e-01
   4.5803933e-01   0.0000000e+00   8.1453822e-02   9.1854618e-01
   4.5882953e-01   0.0000000e+00   8.1509379e-02   9.1849062e-01
   4.5912738e-01   0.0000000e+00   8.1613300e-02   9.1838670e-01
   4.5876525e-01   0.0000000e+00   8.1460097e-02   9.1853990e-01
   4.5669709e-01   0.0000000e+00   8.0869234e-02   9.1913077e-01
   4.5805355e-01   0.0000000e+00   8.1366313e-02   9.1863369e-01
   4.5777593e-01   0.0000000e+00   8.0876738e-02   9.1912326e-01
   4.5874788e-01   0.0000000e+00   8.1598925e-02   9.1840107e-01
   4.5826297e-01   0.0000000e+00   8.1401389e-02   9.1859861e-01
   4.5829648e-01   0.0000000e+00   8.1110172e-02   9.1888983e-01
   4.5900806e-01   0.0000000e+00   8.1570539e-02   9.1842946e-01
   4.5805794e-01   0.0000000e+00   8.1825014e-02   9.1817499e-01
   4.5963639e-01   0.0000000e+00   8.1589844e-02   9.1841016e-01
   4.5895507e-01   0.0000000e+00   8.1552120e-02   9.1844788e-01
   4.5703693e-01   0.0000000e+00   8.1557859e-02   9.1844214e-01
   4.5895970e-01   0.0000000e+00   8.1901931e-02   9.1809807e-01
   4.5886901e-01   0.0000000e+00   8.1502177e-02   9.1849782e-01
   4.5803064e-01   0.0000000e+00   8.1355599e-02   9.1864440e-01
   4.5901782e-01   0.0000000e+00   8.1318504e-02   9.1868150e-01
   4.5885391e-01   0.0000000e+00   8.1846021e-02   9.1815398e-01
   4.5854566e-01   0.0000000e+00   8.1335720e-02   9.1866428e-01
   4.6070190e-01   0.0000000e+00   8.2382725e-02   9.1761727e-01
   4.5959385e-01   0.0000000e+00   8.1252506e-02   9.1874749e-01
   4.5899762e-01   0.0000000e+00   8.1108348e-02   9.1889165e-01
   4.5873601e-01   0.0000000e+00   8.1328490e-02   9.1867151e-01
   4.5821814e-01   0.0000000e+00   8.1156925e-02   9.1884308e-01
   4.5915547e-01   0.0000000e+00   8.1354731e-02   9.1864527e-01
   4.5898214e-01   0.0000000e+00   8.1335955e-02   9.1866404e-01
   4.5872219e-01   0.0000000e+00   8.1507210e-02   9.1849279e-01
   4.5900545e-01   0.0000000e+00   8.1354212e-02   9.1864579e-01
   4.5890644e-01   0.0000000e+00   8.1442364e-02   9.1855764e-01
   4.5649400e-01   0.0000000e+00   8.0036913e-02   9.1996309e-01
   4.5883037e-01   0.0000000e+00   8.1304568e-02   9.1869543e-01
   4.5898714e-01   0.0000000e+00   8.1450977e-02   9.1854902e-01
   4.5922151e-01   0.0000000e+00   8.1363808e-02   9.1863619e-01
   4.5966567e-01   0.0000000e+00   8.1611716e-02   9.1838828e-01
   4.5939728e-01   0.0000000e+00   8.0726474e-02   9.1927353e-01
   4.5894236e-01   0.0000000e+00   8.2113483e-02   9.1788652e-01
   4.5895724e-01   0.0000000e+00   8.1168297e-02   9.1883170e-01
   4.6050375e-01   0.0000000e+00   8.1075450e-02   9.1892455e-01
   4.6070337e-01   0.0000000e+00   8.1443594e-02   9.1855641e-01
   4.5828993e-01   0.0000000e+00   8.1121205e-02   9.1887880e-01
   4.6043726e-01   0.0000000e+00   8.1467267e-02   9.1853273e-01
   4.5901309e-01   0.0000000e+00   8.1633072e-02   9.1836693e-01
   4.5926549e-01   0.0000000e+00   8.1105077e-02   9.1889492e-01
   4.5904824e-01   0.0000000e+00   8.1968486e-02   9.1803151e-01
   4.5924913e-01   0.0000000e+00   8.1112574e-02   9.1888743e-01
   4.5782222e-01   0.0000000e+00   8.0708909e-02   9.1929109e-01
   4.5955690e-01   0.0000000e+00   8.1122162e-02   9.1887784e-01
   4.5878427e-01   0.0000000e+00   8.0943921e-02   9.1905608e-01
   4.5904587e-01   0.0000000e+00   8.1346278e-02   9.1865372e-01
   4.6111199e-01   0.0000000e+00   8.1777701e-02   9.1822230e-01
   4.5994163e-01   0.0000000e+00   8.0997821e-02   9.1900218e-01
   4.5895699e-01   0.0000000e+00   8.1104894e-02   9.1889511e-01
   4.5930785e-01   0.0000000e+00   8.1287309e-02   9.1871269e-01
   4.5926002e-01   0.0000000e+00   8.1216541e-02   9.1878346e-01
   4.5912166e-01   0.0000000e+00   8.1017426e-02   9.1898257e-01
   4.6015378e-01   0.0000000e+00   8.1762073e-02   9.1823793e-01
   4.5945222e-01   0.0000000e+00   8.1277116e-02   9.1872288e-01
   4.5906075e-01   0.0000000e+00   8.0929320e-02   9.1907068e-01
   4.6029698e-01   0.0000000e+00   8.1208456e-02   9.1879154e-01
   4.5947174e-01   0.0000000e+00   8.0840915e-02   9.1915909e-01
   4.5848709e-01   0.0000000e+00   8.0435465e-02   9.1956453e-01
   4.5883166e-01   0.0000000e+00   8.0854811e-02   9.1914519e-01
   4.6172598e-01   0.0000000e+00   8.0516230e-02   9.1948377e-01
   4.5982390e-01   0.0000000e+00   8.0637256e-02   9.1936274e-01
   4.5915151e-01   0.0000000e+00   8.1026136e-02   9.1897386e-01
   4.5948493e-01   0.0000000e+00   8.0853682e-02   9.1914632e-01
   4.6011047e-01   0.0000000e+00   8.0863389e-02   9.1913661e-01
   4.5945695e-01   0.0000000e+00   8.1115990e-02   9.1888401e-01
   4.5834226e-01   0.0000000e+00   8.0635593e-02   9.1936441e-01
   4.6234481e-01   0.0000000e+00   8.1477760e-02   9.1852224e-01
   4.5932546e-01   0.0000000e+00   8.0619336e-02   9.1938066e-01
   4.6095057e-01   0.0000000e+00   8.0584887e-02   9.1941511e-01
   4.5906341e-01   0.0000000e+00   8.1782168e-02   9.1821783e-01
   4.5891892e-01   0.0000000e+00   8.0459444e-02   9.1954056e-01
   4.5885660e-01   0.0000000e+00   8.2680834e-02   9.1731917e-01
   4.5942252e-01   0.0000000e+00   8.0648657e-02   9.1935134e-01
   4.5950864e-01   0.0000000e+00   8.0794638e-02   9.1920536e-01
   4.5977682e-01   0.0000000e+00   7.9838927e-02   9.2016107e-01
   4.5986495e-01   0.0000000e+00   8.0459828e-02   9.1954017e-01
   4.6120316e-01   0.0000000e+00   8.2390829e-02   9.1760917e-01
   4.6018994e-01   0.0000000e+00   8.0964905e-02   9.1903510e-01
   4.6287741e-01   0.0000000e+00   8.1266821e-02   9.1873318e-01
   4.5885797e-01   0.0000000e+00   8.0698852e-02   9.1930115e-01
   4.5824771e-01   0.0000000e+00   8.0113211e-02   9.1988679e-01
   4.6169109e-01   0.0000000e+00   8.0816516e-02   9.1918348e-01
   4.6072195e-01   0.0000000e+00   8.0490768e-02   9.1950923e-01
   4.5715512e-01   0.0000000e+00   7.9821369e-02   9.2017863e-01
   4.6005756e-01   0.0000000e+00   8.0478464e-02   9.1952154e-01
   4.5966876e-01   0.0000000e+00   8.0266878e-02   9.1973312e-01
   4.5790437e-01   0.0000000e+00   8.2378128e-02   9.1762187e-01
   4.6000327e-01   0.0000000e+00   8.1495504e-02   9.1850450e-01
   4.6024843e-01   0.0000000e+00   8.0149235e-02   9.1985077e-01
   4.5912654e-01   0.0000000e+00   8.0742520e-02   9.1925748e-01
   4.5906471e-01   0.0000000e+00   8.0363303e-02   9.1963670e-01
   4.5964669e-01   0.0000000e+00   8.0146883e-02   9.1985312e-01
   4.6432790e-01   0.0000000e+00   8.1718550e-02   9.1828145e-01
   4.5914002e-01   0.0000000e+00   7.9747604e-02   9.2025240e-01
   4.6476932e-01   0.0000000e+00   8.1712117e-02   9.1828788e-01
   4.6034205e-01   0.0000000e+00   8.0673655e-02   9.1932635e-01
   4.6264865e-01   0.0000000e+00   7.9995452e-02   9.2000455e-01
   4.5889855e-01   0.0000000e+00   7.9687845e-02   9.2031215e-01
   4.6164691e-01   0.0000000e+00   7.9581897e-02   9.2041810e-01
   4.6173693e-01   0.0000000e+00   8.0924769e-02   9.1907523e-01
   4.5946551e-01   0.0000000e+00   7.9537278e-02   9.2046272e-01
   4.5750093e-01   0.0000000e+00   8.0894980e-02   9.1910502e-01
   4.5997497e-01   0.0000000e+00   8.0248868e-02   9.1975113e-01
   4.5874459e-01   0.0000000e+00   7.9461473e-02   9.2053853e-01
   4.6083016e-01   0.0000000e+00   7.9837638e-02   9.2016236e-01
   4.5985742e-01   0.0000000e+00   7.9664990e-02   9.2033501e-01
   4.6133661e-01   0.0000000e+00   8.0917289e-02   9.1908271e-01
   4.6363649e-01   0.0000000e+00   8.0695016e-02   9.1930498e-01
   4.5993695e-01   0.0000000e+00   7.9613533e-02   9.2038647e-01
   4.5977333e-01   0.0000000e+00   7.9736929e-02   9.2026307e-01
   4.6083073e-01   0.0000000e+00   7.9641942e-02   9.2035806e-01
   4.5841094e-01   0.0000000e+00   7.8344157e-02   9.2165584e-01
   4.5834751e-01   0.0000000e+00   7.9774745e-02   9.2022526e-01
   4.5992712e-01   0.0000000e+00   8.0350400e-02   9.1964960e-01
   4.5860046e-01   0.0000000e+00   7.9301493e-02   9.2069851e-01
   4.5934522e-01   0.0000000e+00   8.0339367e-02   9.1966063e-01
   4.5749353e-01   0.0000000e+00   7.9760638e-02   9.2023936e-01
   4.5905512e-01   0.0000000e+00   7.9792199e-02   9.2020780e-01
   4.5914506e-01   0.0000000e+00   7.8551564e-02   9.2144844e-01
   4.5826976e-01   0.0000000e+00   7.8647744e-02   9.2135226e-01
   4.6087130e-01   0.0000000e+00   7.8689029e-02   9.2131097e-01
   4.5484882e-01   0.0000000e+00   7.8534030e-02   9.2146597e-01
   4.6144423e-01   0.0000000e+00   8.0607595e-02   9.1939241e-01
   4.6399179e-01   0.0000000e+00   8.1922065e-02   9.1807794e-01
   4.6276079e-01   0.0000000e+00   8.2512444e-02   9.1748756e-01
   4.6087197e-01   0.0000000e+00   7.8725593e-02   9.2127441e-01
   4.5785781e-01   0.0000000e+00   7.8170655e-02   9.2182934e-01
   4.5920840e-01   0.0000000e+00   7.8195070e-02   9.2180493e-01
   4.5807413e-01   0.0000000e+00   7.8146587e-02   9.2185341e-01
   4.5911743e-01   0.0000000e+00   7.8179427e-02   9.2182057e-01
   4.5923607e-01   0.0000000e+00   7.9812662e-02   9.2018734e-01
   4.5964141e-01   0.0000000e+00   8.0263362e-02   9.1973664e-01
   4.5820153e-01   0.0000000e+00   7.9926896e-02   9.2007310e-01
   4.6253318e-01   0.0000000e+00   7.8332150e-02   9.2166785e-01
   4.5919648e-01   0.0000000e+00   8.1482531e-02   9.1851747e-01
   4.5944854e-01   0.0000000e+00   8.0165278e-02   9.1983472e-01
   4.5998199e-01   0.0000000e+00   7.8623583e-02   9.2137642e-01
   4.5588687e-01   0.0000000e+00   7.8950044e-02   9.2104996e-01
   4.6379875e-01   0.0000000e+00   7.8462700e-02   9.2153730e-01
   4.5816092e-01   0.0000000e+00   8.0211824e-02   9.1978818e-01
   4.5740645e-01   0.0000000e+00   7.8634159e-02   9.2136584e-01
   4.6186216e-01   0.0000000e+00   7.7299362e-02   9.2270064e-01
   4.5996261e-01   0.0000000e+00   7.7905854e-02   9.2209415e-01
   4.5722687e-01   0.0000000e+00   7.6782352e-02   9.2321765e-01
   4.5497515e-01   0.0000000e+00   7.8871371e-02   9.2112863e-01
   4.5710088e-01   0.0000000e+00   7.6232753e-02   9.2376725e-01
   4.5867698e-01   0.0000000e+00   7.6226674e-02   9.2377333e-01
   4.5786896e-01   0.0000000e+00   7.8508458e-02   9.2149154e-01
   4.6057865e-01   0.0000000e+00   7.6182082e-02   9.2381792e-01
   4.5954078e-01   0.0000000e+00   7.7073773e-02   9.2292623e-01
   4.5559827e-01   0.0000000e+00   7.6212879e-02   9.2378712e-01
   4.5784362e-01   0.0000000e+00   7.9368566e-02   9.2063143e-01
   4.5883783e-01   0.0000000e+00   7.8001157e-02   9.2199884e-01
   4.5511818e-01   0.0000000e+00   7.6557815e-02   9.2344218e-01
   4.5825630e-01   0.0000000e+00   7.5695985e-02   9.2430402e-01
   4.5496551e-01   0.0000000e+00   8.0206785e-02   9.1979322e-01
   4.5772922e-01   0.0000000e+00   7.5723557e-02   9.2427644e-01
   4.5612280e-01   0.0000000e+00   7.8117620e-02   9.2188238e-01
   4.5880626e-01   0.0000000e+00   7.5162240e-02   9.2483776e-01
   4.5389872e-01   0.0000000e+00   7.7942767e-02   9.2205723e-01
   4.5810174e-01   0.0000000e+00   7.5437423e-02   9.2456258e-01
   4.5495446e-01   0.0000000e+00   7.9625270e-02   9.2037473e-01
   4.5668130e-01   0.0000000e+00   8.1753586e-02   9.1824641e-01
   4.5479441e-01   0.0000000e+00   7.6550392e-02   9.2344961e-01
   4.6366541e-01   0.0000000e+00   7.5949556e-02   9.2405044e-01
   4.5642514e-01   0.0000000e+00   7.6217885e-02   9.2378211e-01
   4.6291048e-01   0.0000000e+00   7.5603437e-02   9.2439656e-01
   4.5664732e-01   0.0000000e+00   7.5299242e-02   9.2470076e-01
   4.5821665e-01   0.0000000e+00   7.5092630e-02   9.2490737e-01
   4.5847854e-01   0.0000000e+00   7.5948782e-02   9.2405122e-01
   4.5682040e-01   0.0000000e+00   7.5068042e-02   9.2493196e-01
   4.5894671e-01   0.0000000e+00   7.5236479e-02   9.2476352e-01
   4.5558948e-01   0.0000000e+00   7.7763026e-02   9.2223697e-01
   4.5249202e-01   0.0000000e+00   7.5447391e-02   9.2455261e-01
   4.5984796e-01   0.0000000e+00   7.5329760e-02   9.2467024e-01
   4.5785171e-01   0.0000000e+00   7.9128611e-02   9.2087139e-01
   4.5405060e-01   0.0000000e+00   7.4456225e-02   9.2554377e-01
   4.5867484e-01   0.0000000e+00   7.7538966e-02   9.2246103e-01
   4.5919480e-01   0.0000000e+00   7.8169640e-02   9.2183036e-01
   4.5905305e-01   0.0000000e+00   7.5277249e-02   9.2472275e-01
   4.5915631e-01   0.0000000e+00   8.2904974e-02   9.1709503e-01
   4.6105590e-01   0.0000000e+00   7.4527058e-02   9.2547294e-01
   4.5482370e-01   0.0000000e+00   7.4455535e-02   9.2554446e-01
   4.5733184e-01   0.0000000e+00   7.5787823e-02   9.2421218e-01
   4.5766008e-01   0.0000000e+00   7.4989622e-02   9.2501038e-01
   4.5937648e-01   0.0000000e+00   7.4379154e-02   9.2562085e-01
   4.5436425e-01   0.0000000e+00   7.4163115e-02   9.2583688e-01
   4.5737256e-01   0.0000000e+00   7.4356843e-02   9.2564316e-01
   4.5461785e-01   0.0000000e+00   7.5568385e-02   9.2443161e-01
   4.5766138e-01   0.0000000e+00   7.4116189e-02   9.2588381e-01
   4.6247153e-01   0.0000000e+00   7.4587563e-02   9.2541244e-01
   4.5692412e-01   0.0000000e+00   7.3799502e-02   9.2620050e-01
   4.5893842e-01   0.0000000e+00   7.3971896e-02   9.2602810e-01
   4.5797933e-01   0.0000000e+00   7.4065545e-02   9.2593445e-01
   4.5355090e-01   0.0000000e+00   7.3912088e-02   9.2608791e-01
   4.5679492e-01   0.0000000e+00   7.3756883e-02   9.2624312e-01
   4.6209121e-01   0.0000000e+00   7.4162177e-02   9.2583782e-01
   4.5848524e-01   0.0000000e+00   7.4123454e-02   9.2587655e-01
   4.5562890e-01   0.0000000e+00   7.3595834e-02   9.2640417e-01
   4.5641843e-01   0.0000000e+00   7.3598721e-02   9.2640128e-01
   4.6112249e-01   0.0000000e+00   7.4097013e-02   9.2590299e-01
   4.5708190e-01   0.0000000e+00   7.3960644e-02   9.2603936e-01
   4.5885136e-01   0.0000000e+00   7.3424430e-02   9.2657557e-01
   4.5458619e-01   0.0000000e+00   7.3544036e-02   9.2645596e-01
   4.5873913e-01   0.0000000e+00   7.3436714e-02   9.2656329e-01
   4.5540702e-01   0.0000000e+00   7.3924053e-02   9.2607595e-01
   4.5630635e-01   0.0000000e+00   7.3424245e-02   9.2657575e-01
   4.5800374e-01   0.0000000e+00   7.3540580e-02   9.2645942e-01
   4.5985209e-01   0.0000000e+00   7.3530115e-02   9.2646988e-01
   4.5492745e-01   0.0000000e+00   7.4010955e-02   9.2598904e-01
   4.5473490e-01   0.0000000e+00   7.4155404e-02   9.2584460e-01
   4.5652176e-01   0.0000000e+00   7.3630438e-02   9.2636956e-01
   4.5586355e-01   0.0000000e+00   7.3736571e-02   9.2626343e-01
   4.5877248e-01   0.0000000e+00   7.3310608e-02   9.2668939e-01
   4.5970473e-01   0.0000000e+00   7.3491598e-02   9.2650840e-01
   4.5752513e-01   0.0000000e+00   7.3185607e-02   9.2681439e-01
   4.5597638e-01   0.0000000e+00   7.3489805e-02   9.2651019e-01
   4.5409426e-01   0.0000000e+00   7.4233276e-02   9.2576672e-01
   4.5928483e-01   0.0000000e+00   7.3242729e-02   9.2675727e-01
   4.5928730e-01   0.0000000e+00   7.3848853e-02   9.2615115e-01
   4.5576204e-01   0.0000000e+00   7.3355305e-02   9.2664470e-01
   4.5616120e-01   0.0000000e+00   7.3600877e-02   9.2639912e-01
   4.5666453e-01   0.0000000e+00   7.3486544e-02   9.2651346e-01
   4.5800045e-01   0.0000000e+00   7.3197055e-02   9.2680295e-01
   4.6074761e-01   0.0000000e+00   7.3489719e-02   9.2651028e-01
   4.5737982e-01   0.0000000e+00   7.3204037e-02   9.2679596e-01
   4.5449124e-01   0.0000000e+00   7.3449125e-02   9.2655087e-01
   4.5857647e-01   0.0000000e+00   7.3508066e-02   9.2649193e-01
   4.5625385e-01   0.0000000e+00   7.3059398e-02   9.2694060e-01
   4.5777490e-01   0.0000000e+00   7.3095192e-02   9.2690481e-01
   4.5831546e-01   0.0000000e+00   7.3210070e-02   9.2678993e-01
   4.5547791e-01   0.0000000e+00   7.3732276e-02   9.2626772e-01
   4.5817913e-01   0.0000000e+00   7.3176159e-02   9.2682384e-01
   4.5531693e-01   0.0000000e+00   7.3192459e-02   9.2680754e-01
   4.5586979e-01   0.0000000e+00   7.3834123e-02   9.2616588e-01
   4.5738828e-01   0.0000000e+00   7.3432345e-02   9.2656766e-01
   4.5883789e-01   0.0000000e+00   7.3413222e-02   9.2658678e-01
   4.5711738e-01   0.0000000e+00   7.3258384e-02   9.2674162e-01
   4.5476182e-01   0.0000000e+00   7.3292453e-02   9.2670755e-01
   4.5800766e-01   0.0000000e+00   7.3604282e-02   9.2639572e-01
   4.5816005e-01   0.0000000e+00   7.3082709e-02   9.2691729e-01
   4.5387019e-01   0.0000000e+00   7.3371416e-02   9.2662858e-01
   4.5389789e-01   0.0000000e+00   7.4011247e-02   9.2598875e-01
   4.5611837e-01   0.0000000e+00   7.3736594e-02   9.2626341e-01
   4.5916308e-01   0.0000000e+00   7.2878318e-02   9.2712168e-01
   4.5811470e-01   0.0000000e+00   7.3085395e-02   9.2691460e-01
   4.5874586e-01   0.0000000e+00   7.2871653e-02   9.2712835e-01
   4.5872881e-01   0.0000000e+00   7.3041186e-02   9.2695881e-01
   4.5784767e-01   0.0000000e+00   7.3165673e-02   9.2683433e-01
   4.5667686e-01   0.0000000e+00   7.3530708e-02   9.2646929e-01
   4.5949449e-01   0.0000000e+00   7.3056762e-02   9.2694324e-01
   4.5686544e-01   0.0000000e+00   7.2863746e-02   9.2713625e-01
   4.5659567e-01   0.0000000e+00   7.3060839e-02   9.2693916e-01
   4.5921559e-01   0.0000000e+00   7.3729223e-02   9.2627078e-01
   4.5662564e-01   0.0000000e+00   7.2863993e-02   9.2713601e-01
   4.5738422e-01   0.0000000e+00   7.3015739e-02   9.2698426e-01
   4.5327881e-01   0.0000000e+00   7.4198626e-02   9.2580137e-01
   4.5712634e-01   0.0000000e+00   7.2759609e-02   9.2724039e-01
   4.5670304e-01   0.0000000e+00   7.3207110e-02   9.2679289e-01
   4.5779261e-01   0.0000000e+00   7.3233414e-02   9.2676659e-01
   4.5754997e-01   0.0000000e+00   7.2988177e-02   9.2701182e-01
   4.5760918e-01   0.0000000e+00   7.2802217e-02   9.2719778e-01
   4.5821114e-01   0.0000000e+00   7.3067339e-02   9.2693266e-01
   4.5776493e-01   0.0000000e+00   7.3256832e-02   9.2674317e-01
   4.5588847e-01   0.0000000e+00   7.2891372e-02   9.2710863e-01
   4.5790860e-01   0.0000000e+00   7.3071757e-02   9.2692824e-01
   4.5669630e-01   0.0000000e+00   7.3134991e-02   9.2686501e-01
   4.5923835e-01   0.0000000e+00   7.2804684e-02   9.2719532e-01
   4.5781125e-01   0.0000000e+00   7.2932996e-02   9.2706700e-01
   4.5801391e-01   0.0000000e+00   7.3203767e-02   9.2679623e-01
   4.5965629e-01   0.0000000e+00   7.3084688e-02   9.2691531e-01
   4.6028552e-01   0.0000000e+00   7.2994100e-02   9.2700590e-01
   4.5717583e-01   0.0000000e+00   7.3084341e-02   9.2691566e-01
   4.5660187e-01   0.0000000e+00   7.2921667e-02   9.2707833e-01
   4.5939326e-01   0.0000000e+00   7.2974048e-02   9.2702595e-01
   4.5700255e-01   0.0000000e+00   7.3005228e-02   9.2699477e-01
   4.5970189e-01   0.0000000e+00   7.3020807e-02   9.2697919e-01
   4.5734379e-01   0.0000000e+00   7.3020328e-02   9.2697967e-01
   4.5853659e-01   0.0000000e+00   7.3220515e-02   9.2677948e-01
   4.5745784e-01   0.0000000e+00   7.3700360e-02   9.2629964e-01
   4.5814445e-01   0.0000000e+00   7.2917109e-02   9.2708289e-01
   4.5815764e-01   0.0000000e+00   7.3003100e-02   9.2699690e-01
   4.5630048e-01   0.0000000e+00   7.3114841e-02   9.2688516e-01
   4.5611771e-01   0.0000000e+00   7.3210380e-02   9.2678962e-01
   4.5493545e-01   0.0000000e+00   7.3149896e-02   9.2685010e-01
   4.5892674e-01   0.0000000e+00   7.2924204e-02   9.2707580e-01
   4.5547546e-01   0.0000000e+00   7.3054787e-02   9.2694521e-01
   4.5757457e-01   0.0000000e+00   7.3218900e-02   9.2678110e-01
   4.5540812e-01   0.0000000e+00   7.2868788e-02   9.2713121e-01
   4.5679151e-01   0.0000000e+00   7.3244693e-02   9.2675531e-01
   4.5525365e-01   0.0000000e+00   7.3266622e-02   9.2673338e-01
   4.5806247e-01   0.0000000e+00   7.2816391e-02   9.2718361e-01
   4.5738887e-01   0.0000000e+00   7.3074732e-02   9.2692527e-01
   4.5745270e-01   0.0000000e+00   7.3310732e-02   9.2668927e-01
   4.5589517e-01   0.0000000e+00   7.3329955e-02   9.2667004e-01
   4.5547022e-01   0.0000000e+00   7.3214395e-02   9.2678561e-01
   4.5724943e-01   0.0000000e+00   7.3265199e-02   9.2673480e-01
   4.6196048e-01   0.0000000e+00   7.2988063e-02   9.2701194e-01
   4.5844281e-01   0.0000000e+00   7.3193738e-02   9.2680626e-01
   4.5702784e-01   0.0000000e+00   7.2543234e-02   9.2745677e-01
   4.5394279e-01   0.0000000e+00   7.2578870e-02   9.2742113e-01
   4.5644936e-01   0.0000000e+00   7.3080558e-02   9.2691944e-01
   4.5735155e-01   0.0000000e+00   7.3198010e-02   9.2680199e-01
   4.5635763e-01   0.0000000e+00   7.3161110e-02   9.2683889e-01
   4.5665856e-01   0.0000000e+00   7.3295264e-02   9.2670474e-01
   4.5711742e-01   0.0000000e+00   7.3131022e-02   9.2686898e-01
   4.5622496e-01   0.0000000e+00   7.2707823e-02   9.2729218e-01
   4.5856532e-01   0.0000000e+00   7.3368448e-02   9.2663155e-01
   4.5483204e-01   0.0000000e+00   7.3318748e-02   9.2668125e-01
   4.5327531e-01   0.0000000e+00   7.3204319e-02   9.2679568e-01
   4.5952042e-01   0.0000000e+00   7.2813120e-02   9.2718688e-01
   4.5866249e-01   0.0000000e+00   7.2611006e-02   9.2738899e-01
   4.5751612e-01   0.0000000e+00   7.3261218e-02   9.2673878e-01
   4.5704752e-01   0.0000000e+00   7.3206438e-02   9.2679356e-01
   4.5704619e-01   0.0000000e+00   7.3240585e-02   9.2675942e-01
   4.5998020e-01   0.0000000e+00   7.3225395e-02   9.2677460e-01
   4.5896480e-01   0.0000000e+00   7.3520308e-02   9.2647969e-01
   4.5615193e-01   0.0000000e+00   7.3029849e-02   9.2697015e-01
   4.5826908e-01   0.0000000e+00   7.2482031e-02   9.2751797e-01
   4.5727636e-01   0.0000000e+00   7.3183711e-02   9.2681629e-01
   4.6104576e-01   0.0000000e+00   7.4360783e-02   9.2563922e-01
   4.5799152e-01   0.0000000e+00   7.3272524e-02   9.2672748e-01
   4.5868200e-01   0.0000000e+00   7.2842568e-02   9.2715743e-01
   4.5273442e-01   0.0000000e+00   7.3372975e-02   9.2662703e-01
   4.5459161e-01   0.0000000e+00   7.3440903e-02   9.2655910e-01
   4.5603424e-01   0.0000000e+00   7.3396257e-02   9.2660374e-01
   4.5425067e-01   0.0000000e+00   7.2179676e-02   9.2782032e-01
   4.6178751e-01   0.0000000e+00   7.3832517e-02   9.2616748e-01
   4.6085455e-01   0.0000000e+00   7.3334106e-02   9.2666589e-01
   4.5625738e-01   0.0000000e+00   7.3138266e-02   9.2686173e-01
   4.5787110e-01   0.0000000e+00   7.3556705e-02   9.2644330e-01
   4.5714334e-01   0.0000000e+00   7.3122927e-02   9.2687707e-01
   4.5748423e-01   0.0000000e+00   7.3417513e-02   9.2658249e-01
   4.5806788e-01   0.0000000e+00   7.3785974e-02   9.2621403e-01
   4.5607411e-01   0.0000000e+00   7.3253301e-02   9.2674670e-01
   4.5652598e-01   0.0000000e+00   7.2774865e-02   9.2722514e-01
   4.6038968e-01   0.0000000e+00   7.3189627e-02   9.2681037e-01
   4.5545429e-01   0.0000000e+00   7.3270917e-02   9.2672908e-01
   4.5610332e-01   0.0000000e+00   7.3536617e-02   9.2646338e-01
   4.5894724e-01   0.0000000e+00   7.3367216e-02   9.2663278e-01
   4.5679135e-01   0.0000000e+00   7.3227846e-02   9.2677215e-01
   4.5280069e-01   0.0000000e+00   7.3182876e-02   9.2681712e-01
   4.5691345e-01   0.0000000e+00   7.3275131e-02   9.2672487e-01
   4.5774024e-01   0.0000000e+00   7.3358593e-02   9.2664141e-01
   4.5651983e-01   0.0000000e+00   7.3410279e-02   9.2658972e-01
   4.5623379e-01   0.0000000e+00   7.3372598e-02   9.2662740e-01
   4.5668413e-01   0.0000000e+00   7.3224862e-02   9.2677514e-01
   4.5917964e-01   0.0000000e+00   7.2552362e-02   9.2744764e-01
   4.5948762e-01   0.0000000e+00   7.3695795e-02   9.2630421e-01
   4.5744601e-01   0.0000000e+00   7.3221055e-02   9.2677895e-01
   4.5573009e-01   0.0000000e+00   7.3353212e-02   9.2664679e-01
   4.5630118e-01   0.0000000e+00   7.3195739e-02   9.2680426e-01
   4.5591011e-01   0.0000000e+00   7.2389127e-02   9.2761087e-01
   4.5508328e-01   0.0000000e+00   7.3227670e-02   9.2677233e-01
   4.5757708e-01   0.0000000e+00   7.2789178e-02   9.2721082e-01
   4.5898263e-01   0.0000000e+00   7.2238609e-02   9.2776139e-01
   4.6185001e-01   0.0000000e+00   7.3439360e-02   9.2656064e-01
   4.5722782e-01   0.0000000e+00   7.3218562e-02   9.2678144e-01
   4.5592096e-01   0.0000000e+00   7.3128188e-02   9.2687181e-01
   4.5760341e-01   0.0000000e+00   7.3074266e-02   9.2692573e-01
   4.6145834e-01   0.0000000e+00   7.3888272e-02   9.2611173e-01
   4.5584152e-01   0.0000000e+00   7.3313901e-02   9.2668610e-01
   4.5721454e-01   0.0000000e+00   7.3477074e-02   9.2652293e-01
   4.6075109e-01   0.0000000e+00   7.2451298e-02   9.2754870e-01
   4.5908349e-01   0.0000000e+00   7.3265249e-02   9.2673475e-01
   4.5536533e-01   0.0000000e+00   7.2366848e-02   9.2763315e-01
   4.5336784e-01   0.0000000e+00   7.3496946e-02   9.2650305e-01
   4.5510073e-01   0.0000000e+00   7.3308549e-02   9.2669145e-01
   4.5378374e-01   0.0000000e+00   7.2806774e-02   9.2719323e-01
   4.5698868e-01   0.0000000e+00   7.3169026e-02   9.2683097e-01
   4.5781500e-01   0.0000000e+00   7.3730977e-02   9.2626902e-01
   4.5442419e-01   0.0000000e+00   7.2586404e-02   9.2741360e-01
   4.5831887e-01   0.0000000e+00   7.3438399e-02   9.2656160e-01
   4.5511132e-01   0.0000000e+00   7.2669222e-02   9.2733078e-01
   4.5613063e-01   0.0000000e+00   7.2860308e-02   9.2713969e-01
   4.5959909e-01   0.0000000e+00   7.2737655e-02   9.2726235e-01
   4.5562048e-01   0.0000000e+00   7.3208355e-02   9.2679165e-01
   4.5114857e-01   0.0000000e+00   7.3747474e-02   9.2625253e-01
   4.5546753e-01   0.0000000e+00   7.3334744e-02   9.2666526e-01
   4.5838565e-01   0.0000000e+00   7.3824671e-02   9.2617533e-01
   4.5680639e-01   0.0000000e+00   7.3456944e-02   9.2654306e-01
   4.6348247e-01   0.0000000e+00   7.3367953e-02   9.2663205e-01
   4.5681899e-01   0.0000000e+00   7.3360078e-02   9.2663992e-01
   4.5454755e-01   0.0000000e+00   7.3267006e-02   9.2673299e-01
   4.5732579e-01   0.0000000e+00   7.3227786e-02   9.2677221e-01
   4.5855718e-01   0.0000000e+00   7.3532063e-02   9.2646794e-01
   4.5163553e-01   0.0000000e+00   7.2419450e-02   9.2758055e-01
   4.5790438e-01   0.0000000e+00   7.3567030e-02   9.2643297e-01
   4.5453642e-01   0.0000000e+00   7.3104669e-02   9.2689533e-01
   4.5805263e-01   0.0000000e+00   7.3287241e-02   9.2671276e-01
   4.5754263e-01   0.0000000e+00   7.2697816e-02   9.2730218e-01
   4.5394801e-01   0.0000000e+00   7.2861098e-02   9.2713890e-01
   4.6030164e-01   0.0000000e+00   7.3675923e-02   9.2632408e-01
   4.5404049e-01   0.0000000e+00   7.2879494e-02   9.2712051e-01
   4.5084242e-01   0.0000000e+00   7.2883328e-02   9.2711667e-01
   4.5236267e-01   0.0000000e+00   7.3061716e-02   9.2693828e-01
   4.5432415e-01   0.0000000e+00   7.3287506e-02   9.2671249e-01
   4.6235585e-01   0.0000000e+00   7.3930766e-02   9.2606923e-01
   4.5081448e-01   0.0000000e+00   7.2955063e-02   9.2704494e-01
   4.5582935e-01   0.0000000e+00   7.3467555e-02   9.2653244e-01
   4.5761946e-01   0.0000000e+00   7.3576574e-02   9.2642343e-01
   4.5383281e-01   0.0000000e+00   7.3277750e-02   9.2672225e-01
   4.5532565e-01   0.0000000e+00   7.3359566e-02   9.2664043e-01
   4.5246720e-01   0.0000000e+00   7.2778825e-02   9.2722117e-01
   4.5510447e-01   0.0000000e+00   7.3039882e-02   9.2696012e-01
   4.5586585e-01   0.0000000e+00   7.3521427e-02   9.2647857e-01
   4.4989386e-01   0.0000000e+00   7.3628513e-02   9.2637149e-01
   4.5683319e-01   0.0000000e+00   7.3976707e-02   9.2602329e-01
   4.6303682e-01   0.0000000e+00   7.3741810e-02   9.2625819e-01
   4.5029639e-01   0.0000000e+00   7.2483710e-02   9.2751629e-01
   4.5296539e-01   0.0000000e+00   7.3064147e-02   9.2693585e-01
   4.5542919e-01   0.0000000e+00   7.3376797e-02   9.2662320e-01
   4.5351787e-01   0.0000000e+00   7.2467464e-02   9.2753254e-01
   4.5309426e-01   0.0000000e+00   7.3611721e-02   9.2638828e-01
   4.5544464e-01   0.0000000e+00   7.3936639e-02   9.2606336e-01
   4.5446630e-01   0.0000000e+00   7.3042990e-02   9.2695701e-01
   4.5124484e-01   0.0000000e+00   7.2656708e-02   9.2734329e-01
   4.6077267e-01   0.0000000e+00   7.3806106e-02   9.2619389e-01
   4.5409431e-01   0.0000000e+00   7.2527119e-02   9.2747288e-01
   4.5252412e-01   0.0000000e+00   7.1519486e-02   9.2848051e-01
   4.5471675e-01   0.0000000e+00   7.3428607e-02   9.2657139e-01
   4.6072064e-01   0.0000000e+00   7.2734311e-02   9.2726569e-01
   4.5410602e-01   0.0000000e+00   7.3229110e-02   9.2677089e-01
   4.5530076e-01   0.0000000e+00   7.4045316e-02   9.2595468e-01
   4.5745573e-01   0.0000000e+00   7.3597131e-02   9.2640287e-01
   4.5682544e-01   0.0000000e+00   7.3287319e-02   9.2671268e-01
   4.6586216e-01   0.0000000e+00   7.2030107e-02   9.2796989e-01
   4.4803185e-01   0.0000000e+00   7.2596169e-02   9.2740383e-01
   4.5397241e-01   0.0000000e+00   7.3533322e-02   9.2646668e-01
   4.5383017e-01   0.0000000e+00   7.1828072e-02   9.2817193e-01
   4.5322438e-01   0.0000000e+00   7.3462853e-02   9.2653715e-01
   4.5610266e-01   0.0000000e+00   7.3716380e-02   9.2628362e-01
   4.5721220e-01   0.0000000e+00   7.3581518e-02   9.2641848e-01
   4.5799890e-01   0.0000000e+00   7.3478375e-02   9.2652162e-01
   4.5423786e-01   0.0000000e+00   7.3801100e-02   9.2619890e-01
   4.5562964e-01   0.0000000e+00   7.3203308e-02   9.2679669e-01
   4.5702635e-01   0.0000000e+00   7.2338889e-02   9.2766111e-01
   4.6029827e-01   0.0000000e+00   7.3668077e-02   9.2633192e-01
   4.5102198e-01   0.0000000e+00   7.3279370e-02   9.2672063e-01
   4.5781363e-01   0.0000000e+00   7.3381477e-02   9.2661852e-01
   4.5522844e-01   0.0000000e+00   7.3282386e-02   9.2671761e-01
   4.4961823e-01   0.0000000e+00   7.3251346e-02   9.2674865e-01
   4.4432463e-01   0.0000000e+00   7.2537848e-02   9.2746215e-01
   4.4695169e-01   0.0000000e+00   7.3308609e-02   9.2669139e-01
   4.5805137e-01   0.0000000e+00   7.3679648e-02   9.2632035e-01
   4.5096554e-01   0.0000000e+00   7.3135900e-02   9.2686410e-01
   4.5112415e-01   0.0000000e+00   7.3051297e-02   9.2694870e-01
   4.4571974e-01   0.0000000e+00   7.1848451e-02   9.2815155e-01
   4.5015301e-01   0.0000000e+00   7.2607596e-02   9.2739240e-01
   4.6839567e-01   0.0000000e+00   7.4301532e-02   9.2569847e-01
   4.5554909e-01   0.0000000e+00   7.3464801e-02   9.2653520e-01
   4.5968345e-01   0.0000000e+00   7.3296583e-02   9.2670342e-01
   4.6442071e-01   0.0000000e+00   7.4918859e-02   9.2508114e-01
   4.4990162e-01   0.0000000e+00   7.3179984e-02   9.2682002e-01
   4.6426549e-01   0.0000000e+00   7.4396917e-02   9.2560308e-01
   4.6393112e-01   0.0000000e+00   7.3099937e-02   9.2690006e-01
   4.5694691e-01   0.0000000e+00   7.2979537e-02   9.2702046e-01
   4.5923194e-01   0.0000000e+00   7.3665537e-02   9.2633446e-01
   4.5611902e-01   0.0000000e+00   7.3650039e-02   9.2634996e-01
   4.5905859e-01   0.0000000e+00   7.3794599e-02   9.2620540e-01
   4.5646314e-01   0.0000000e+00   7.3580951e-02   9.2641905e-01
   4.5629967e-01   0.0000000e+00   7.3666965e-02   9.2633304e-01
   4.5869033e-01   0.0000000e+00   7.3634853e-02   9.2636515e-01
   4.4500981e-01   0.0000000e+00   7.2133366e-02   9.2786663e-01
   4.5707801e-01   0.0000000e+00   7.4400115e-02   9.2559988e-01
   4.6122805e-01   0.0000000e+00   7.4331850e-02   9.2566815e-01
   4.6445012e-01   0.0000000e+00   7.3997712e-02   9.2600229e-01
   4.5878134e-01   0.0000000e+00   7.3634900e-02   9.2636510e-01
   4.5750666e-01   0.0000000e+00   7.3996977e-02   9.2600302e-01
   4.4457970e-01   0.0000000e+00   7.2825915e-02   9.2717409e-01
   4.5043169e-01   0.0000000e+00   7.4778335e-02   9.2522166e-01
   4.5737078e-01   0.0000000e+00   7.3618882e-02   9.2638112e-01
   4.4818080e-01   0.0000000e+00   7.3181262e-02   9.2681874e-01
   4.4876446e-01   0.0000000e+00   7.3761416e-02   9.2623858e-01
   4.6571712e-01   0.0000000e+00   7.4812734e-02   9.2518727e-01
   4.4471818e-01   0.0000000e+00   7.3109113e-02   9.2689089e-01
   4.4987743e-01   0.0000000e+00   7.3233702e-02   9.2676630e-01
   4.5893812e-01   0.0000000e+00   7.3746798e-02   9.2625320e-01
   4.5603391e-01   0.0000000e+00   7.3800524e-02   9.2619948e-01
   4.6732662e-01   0.0000000e+00   7.4759552e-02   9.2524045e-01
   4.4901102e-01   0.0000000e+00   7.3989956e-02   9.2601004e-01
   4.5827572e-01   0.0000000e+00   7.3013896e-02   9.2698610e-01
   4.6241564e-01   0.0000000e+00   7.3763480e-02   9.2623652e-01
   4.5900597e-01   0.0000000e+00   7.3795576e-02   9.2620442e-01
   4.6085261e-01   0.0000000e+00   7.3658044e-02   9.2634196e-01
   4.5514801e-01   0.0000000e+00   7.3817082e-02   9.2618292e-01
   4.4555580e-01   0.0000000e+00   7.2926897e-02   9.2707310e-01
   4.5591022e-01   0.0000000e+00   7.3295503e-02   9.2670450e-01
   4.5818589e-01   0.0000000e+00   7.4032292e-02   9.2596771e-01
   4.5886516e-01   0.0000000e+00   7.3644703e-02   9.2635530e-01
   4.5719134e-01   0.0000000e+00   7.3546139e-02   9.2645386e-01
   4.6846554e-01   0.0000000e+00   7.4313712e-02   9.2568629e-01
   4.5866429e-01   0.0000000e+00   7.3830609e-02   9.2616939e-01
   4.5247381e-01   0.0000000e+00   7.2559441e-02   9.2744056e-01
   4.4170777e-01   0.0000000e+00   7.2547462e-02   9.2745254e-01
   4.6298722e-01   0.0000000e+00   7.3826283e-02   9.2617372e-01
   4.4658805e-01   0.0000000e+00   7.3887570e-02   9.2611243e-01
   4.4511090e-01   0.0000000e+00   7.3289653e-02   9.2671035e-01
   4.6907146e-01   0.0000000e+00   7.5152017e-02   9.2484798e-01
   4.4642628e-01   0.0000000e+00   7.1440178e-02   9.2855982e-01
   4.4572782e-01   0.0000000e+00   7.3038923e-02   9.2696108e-01
   4.6119729e-01   0.0000000e+00   7.3690861e-02   9.2630914e-01
   4.5706857e-01   0.0000000e+00   7.4505381e-02   9.2549462e-01
   4.5203599e-01   0.0000000e+00   7.3934397e-02   9.2606560e-01
   4.4369878e-01   0.0000000e+00   7.4344042e-02   9.2565596e-01
   4.5615538e-01   0.0000000e+00   7.4536351e-02   9.2546365e-01
   4.5437864e-01   0.0000000e+00   7.3914628e-02   9.2608537e-01
   4.6595516e-01   0.0000000e+00   7.3574957e-02   9.2642504e-01
   4.6226388e-01   0.0000000e+00   7.4496940e-02   9.2550306e-01
   4.6513958e-01   0.0000000e+00   7.2925150e-02   9.2707485e-01
   4.6478058e-01   0.0000000e+00   7.2867892e-02   9.2713211e-01
   4.3765176e-01   0.0000000e+00   7.2999390e-02   9.2700061e-01
   4.6769114e-01   0.0000000e+00   7.4209682e-02   9.2579032e-01
   4.3630309e-01   0.0000000e+00   7.2506344e-02   9.2749366e-01
   4.6195433e-01   0.0000000e+00   7.4522607e-02   9.2547739e-01
   4.6272723e-01   0.0000000e+00   7.1895126e-02   9.2810487e-01
   4.6776699e-01   0.0000000e+00   7.4129578e-02   9.2587042e-01
   4.6748358e-01   0.0000000e+00   7.3843585e-02   9.2615641e-01
   4.6102014e-01   0.0000000e+00   7.2497951e-02   9.2750205e-01
   4.6121094e-01   0.0000000e+00   7.5191171e-02   9.2480883e-01
   4.4547726e-01   0.0000000e+00   7.1746710e-02   9.2825329e-01
   4.6543429e-01   0.0000000e+00   7.3532597e-02   9.2646740e-01
   4.5028534e-01   0.0000000e+00   7.4191885e-02   9.2580812e-01
   4.6306959e-01   0.0000000e+00   7.6138078e-02   9.2386192e-01
   4.7032904e-01   0.0000000e+00   7.4171921e-02   9.2582808e-01
   4.6299648e-01   0.0000000e+00   7.3731820e-02   9.2626818e-01
   4.6143543e-01   0.0000000e+00   7.4285028e-02   9.2571497e-01
   4.6615302e-01   0.0000000e+00   7.3177944e-02   9.2682206e-01
   4.7881903e-01   0.0000000e+00   7.4888874e-02   9.2511113e-01
   4.7033238e-01   0.0000000e+00   7.3812535e-02   9.2618747e-01
   4.6493926e-01   0.0000000e+00   7.3916306e-02   9.2608369e-01
   4.6901070e-01   0.0000000e+00   7.4119072e-02   9.2588093e-01
   4.6635687e-01   0.0000000e+00   7.3891037e-02   9.2610896e-01
   4.6149050e-01   0.0000000e+00   7.4170014e-02   9.2582999e-01
   4.7287503e-01   0.0000000e+00   7.4587984e-02   9.2541202e-01
   4.3576351e-01   0.0000000e+00   7.2789397e-02   9.2721060e-01
   4.6252304e-01   0.0000000e+00   7.3242451e-02   9.2675755e-01
   4.7848992e-01   0.0000000e+00   7.4244801e-02   9.2575520e-01
   4.6367228e-01   0.0000000e+00   7.4847632e-02   9.2515237e-01
   4.6729199e-01   0.0000000e+00   7.5383439e-02   9.2461656e-01
   4.7727552e-01   0.0000000e+00   7.4646451e-02   9.2535355e-01
   4.6590801e-01   0.0000000e+00   7.3738038e-02   9.2626196e-01
   4.7962190e-01   0.0000000e+00   7.4907381e-02   9.2509262e-01
   4.6146696e-01   0.0000000e+00   7.4097478e-02   9.2590252e-01
   4.7325430e-01   0.0000000e+00   7.3607583e-02   9.2639242e-01
   4.6992839e-01   0.0000000e+00   7.4092231e-02   9.2590777e-01
   4.3497541e-01   0.0000000e+00   7.2198394e-02   9.2780161e-01
   4.7129230e-01   0.0000000e+00   7.4137698e-02   9.2586230e-01
   4.5952519e-01   0.0000000e+00   7.3772904e-02   9.2622710e-01
   4.7455627e-01   0.0000000e+00   7.4213770e-02   9.2578623e-01
   4.7823903e-01   0.0000000e+00   7.4368085e-02   9.2563192e-01
   4.7093213e-01   0.0000000e+00   7.3996119e-02   9.2600388e-01
   4.5673840e-01   0.0000000e+00   7.3223328e-02   9.2677667e-01
   4.7092007e-01   0.0000000e+00   7.4185750e-02   9.2581425e-01
