   4.1102860e-01   5.3072968e-03   8.5221829e-02   9.0947087e-01
   4.1248627e-01   5.5120221e-03   8.5675545e-02   9.0881243e-01
   4.1152959e-01   5.7047661e-03   8.5280968e-02   9.0901427e-01
   4.1152418e-01   5.6268567e-03   8.5504267e-02   9.0886888e-01
   4.1222409e-01   5.4428924e-03   8.5646609e-02   9.0891050e-01
   4.1177293e-01   5.6333777e-03   8.5367511e-02   9.0899911e-01
   4.1179311e-01   5.4058926e-03   8.5494728e-02   9.0909938e-01
   4.1164988e-01   5.4749860e-03   8.5690365e-02   9.0883465e-01
   4.1165588e-01   5.4468482e-03   8.5374508e-02   9.0917864e-01
   4.1156807e-01   5.3922347e-03   8.5379174e-02   9.0922859e-01
   4.1133401e-01   5.1389941e-03   8.5160446e-02   9.0970056e-01
   4.1122064e-01   5.7143863e-03   8.5118928e-02   9.0916669e-01
   4.1231543e-01   5.6822277e-03   8.5648997e-02   9.0866877e-01
   4.1141087e-01   5.6321794e-03   8.5158048e-02   9.0920977e-01
   4.1256782e-01   5.6450740e-03   8.5724726e-02   9.0863020e-01
   4.1160173e-01   5.3519126e-03   8.5286213e-02   9.0936187e-01
   4.1103064e-01   5.4354521e-03   8.5252150e-02   9.0931240e-01
   4.1123771e-01   5.4841584e-03   8.5114456e-02   9.0940139e-01
   4.1216775e-01   5.5589338e-03   8.5469927e-02   9.0897114e-01
   4.1217260e-01   5.5416785e-03   8.5463659e-02   9.0899466e-01
   4.1265019e-01   5.5944456e-03   8.5609086e-02   9.0879647e-01
   4.1101045e-01   5.2835162e-03   8.5312060e-02   9.0940442e-01
   4.1198970e-01   5.5130283e-03   8.5346817e-02   9.0914015e-01
   4.1180051e-01   5.4718355e-03   8.5233849e-02   9.0929432e-01
   4.1235868e-01   5.7085079e-03   8.5503550e-02   9.0878794e-01
   4.1204839e-01   5.5324458e-03   8.5430386e-02   9.0903717e-01
   4.1131094e-01   5.6164562e-03   8.5008205e-02   9.0937534e-01
   4.1310508e-01   5.7401850e-03   8.5884670e-02   9.0837514e-01
   4.1191977e-01   5.6399553e-03   8.5435325e-02   9.0892472e-01
   4.1204469e-01   5.5673511e-03   8.5216886e-02   9.0921576e-01
   4.1207653e-01   5.5211714e-03   8.5423721e-02   9.0905511e-01
   4.1122468e-01   5.7767677e-03   8.5005311e-02   9.0921792e-01
   4.1284390e-01   5.5057944e-03   8.5465098e-02   9.0902911e-01
   4.1233944e-01   5.8211593e-03   8.5201929e-02   9.0897691e-01
   4.1201167e-01   5.6429934e-03   8.5438548e-02   9.0891846e-01
   4.1203392e-01   5.5326147e-03   8.5365073e-02   9.0910231e-01
   4.1218244e-01   5.5913331e-03   8.5377722e-02   9.0903094e-01
   4.1091849e-01   5.4568610e-03   8.4968173e-02   9.0957497e-01
   4.1228054e-01   5.5660335e-03   8.5385854e-02   9.0904811e-01
   4.1131770e-01   5.4389377e-03   8.4988751e-02   9.0957231e-01
   4.1197871e-01   5.4866014e-03   8.5213334e-02   9.0930007e-01
   4.1246277e-01   5.7474704e-03   8.5370413e-02   9.0888212e-01
   4.1213604e-01   5.3779244e-03   8.5642900e-02   9.0897918e-01
   4.1233205e-01   5.5129986e-03   8.5409253e-02   9.0907775e-01
   4.1223248e-01   5.4603933e-03   8.5320016e-02   9.0921959e-01
   4.1224926e-01   5.5735214e-03   8.5146384e-02   9.0928009e-01
   4.1195423e-01   5.4716416e-03   8.5305817e-02   9.0922254e-01
   4.1204520e-01   5.5539482e-03   8.5231223e-02   9.0921483e-01
   4.1306454e-01   5.3827565e-03   8.5680916e-02   9.0893633e-01
   4.1254243e-01   5.4611227e-03   8.5546606e-02   9.0899227e-01
   4.1210488e-01   5.5291051e-03   8.5303476e-02   9.0916742e-01
   4.1202677e-01   5.6762586e-03   8.5347559e-02   9.0897618e-01
   4.1195277e-01   5.3925657e-03   8.5148445e-02   9.0945899e-01
   4.1223799e-01   5.4364685e-03   8.5232270e-02   9.0933126e-01
   4.1260709e-01   5.6382775e-03   8.5324426e-02   9.0903730e-01
   4.1264354e-01   5.5223250e-03   8.5479290e-02   9.0899838e-01
   4.1211717e-01   5.6052052e-03   8.5198414e-02   9.0919638e-01
   4.1230938e-01   5.4305405e-03   8.5275600e-02   9.0929386e-01
   4.1268943e-01   5.4724828e-03   8.5378659e-02   9.0914886e-01
   4.1232119e-01   5.4643071e-03   8.5219891e-02   9.0931580e-01
   4.1014019e-01   5.3726793e-03   8.4618481e-02   9.1000884e-01
   4.1165351e-01   5.4138447e-03   8.5131005e-02   9.0945515e-01
   4.1088640e-01   5.3661163e-03   8.4623149e-02   9.1001073e-01
   4.1255947e-01   5.5055661e-03   8.5359697e-02   9.0913474e-01
   4.1196642e-01   5.4729639e-03   8.5159473e-02   9.0936756e-01
   4.1189060e-01   5.5379300e-03   8.4844302e-02   9.0961777e-01
   4.1256692e-01   5.4518308e-03   8.5336869e-02   9.0921130e-01
   4.1304015e-01   5.8211258e-03   8.5560383e-02   9.0861849e-01
   4.1305710e-01   5.4710204e-03   8.5351508e-02   9.0917747e-01
   4.1248932e-01   5.4342415e-03   8.5320385e-02   9.0924537e-01
   4.1192927e-01   5.7805911e-03   8.5290864e-02   9.0892854e-01
   4.1321490e-01   5.6246931e-03   8.5664226e-02   9.0871108e-01
   4.1237064e-01   5.4256076e-03   8.5269386e-02   9.0930501e-01
   4.1202519e-01   5.5945804e-03   8.5098178e-02   9.0930724e-01
   4.1231146e-01   5.4256954e-03   8.5075842e-02   9.0949846e-01
   4.1313547e-01   5.6452427e-03   8.5603653e-02   9.0875110e-01
   4.1211995e-01   5.4746181e-03   8.5090163e-02   9.0943522e-01
   4.1492417e-01   5.6623767e-03   8.6154389e-02   9.0818323e-01
   4.1233015e-01   5.2790205e-03   8.5022494e-02   9.0969849e-01
   4.1177881e-01   5.2340579e-03   8.4878158e-02   9.0988778e-01
   4.1221528e-01   5.4597318e-03   8.5084429e-02   9.0945584e-01
   4.1122536e-01   5.2290191e-03   8.4935157e-02   9.0983582e-01
   4.1242761e-01   5.4183150e-03   8.5115239e-02   9.0946645e-01
   4.1227194e-01   5.4045277e-03   8.5098057e-02   9.0949742e-01
   4.1221908e-01   5.3747719e-03   8.5282878e-02   9.0934235e-01
   4.1224611e-01   5.3675594e-03   8.5121993e-02   9.0951045e-01
   4.1221470e-01   5.3418668e-03   8.5218077e-02   9.0944006e-01
   4.0897481e-01   5.2409927e-03   8.3761255e-02   9.1099775e-01
   4.1192179e-01   5.2818906e-03   8.5081343e-02   9.0963677e-01
   4.1233873e-01   5.3758343e-03   8.5222997e-02   9.0940117e-01
   4.1254158e-01   5.4348874e-03   8.5123082e-02   9.0944203e-01
   4.1305186e-01   5.4443335e-03   8.5381232e-02   9.0917443e-01
   4.1132980e-01   5.0174296e-03   8.4501457e-02   9.1048111e-01
   4.1373464e-01   5.7682156e-03   8.5870305e-02   9.0836148e-01
   4.1208690e-01   5.3807619e-03   8.4926003e-02   9.0969323e-01
   4.1240517e-01   5.0761755e-03   8.4858625e-02   9.1006520e-01
   4.1352906e-01   5.3961762e-03   8.5203849e-02   9.0939998e-01
   4.1184303e-01   5.5073820e-03   8.4864373e-02   9.0962824e-01
   4.1335302e-01   5.3935303e-03   8.5231912e-02   9.0937456e-01
   4.1267540e-01   5.4393574e-03   8.5406686e-02   9.0915396e-01
   4.1219083e-01   5.3608876e-03   8.4861770e-02   9.0977734e-01
   4.1277986e-01   5.3459212e-03   8.5769947e-02   9.0888413e-01
   4.1202437e-01   5.2701559e-03   8.4880704e-02   9.0984914e-01
   4.1003889e-01   4.9622399e-03   8.4500780e-02   9.1053698e-01
   4.1227891e-01   5.2918652e-03   8.4886765e-02   9.0982137e-01
   4.1170169e-01   5.3424705e-03   8.4697054e-02   9.0996048e-01
   4.1218201e-01   5.3083593e-03   8.5122440e-02   9.0956920e-01
   4.1386804e-01   5.2686068e-03   8.5569543e-02   9.0916185e-01
   4.1233295e-01   5.2455674e-03   8.4759825e-02   9.0999461e-01
   4.1175820e-01   5.2299422e-03   8.4879041e-02   9.0989102e-01
   4.1248175e-01   5.3888479e-03   8.5049564e-02   9.0956159e-01
   4.1219050e-01   5.3002820e-03   8.4986966e-02   9.0971275e-01
   4.1203527e-01   5.3544610e-03   8.4771885e-02   9.0987365e-01
   4.1355301e-01   5.4629883e-03   8.5536776e-02   9.0900024e-01
   4.1192555e-01   5.0669109e-03   8.5078058e-02   9.0985503e-01
   4.1183814e-01   5.3108185e-03   8.4684966e-02   9.1000422e-01
   4.1259015e-01   5.1411210e-03   8.4993619e-02   9.0986526e-01
   4.1187168e-01   5.2253176e-03   8.4602465e-02   9.1017222e-01
   4.1085750e-01   5.2292659e-03   8.4180182e-02   9.1059055e-01
   4.1130224e-01   5.1376615e-03   8.4630169e-02   9.1023217e-01
   4.1193496e-01   4.6536551e-03   8.4318359e-02   9.1102799e-01
   4.1223056e-01   5.3817681e-03   8.4368033e-02   9.1025020e-01
   4.1209175e-01   5.3362605e-03   8.4784743e-02   9.0987900e-01
   4.1198580e-01   5.2531324e-03   8.4612333e-02   9.1013453e-01
   4.1223854e-01   5.1722285e-03   8.4630126e-02   9.1019765e-01
   4.1220109e-01   5.2497332e-03   8.4888765e-02   9.0986150e-01
   4.1130097e-01   5.4100075e-03   8.4370263e-02   9.1021973e-01
   4.1444416e-01   5.2805927e-03   8.5251171e-02   9.0946824e-01
   4.1167211e-01   5.2563092e-03   8.4367249e-02   9.1037644e-01
   4.1254799e-01   5.1828673e-03   8.4331085e-02   9.1048605e-01
   4.1287275e-01   5.4131404e-03   8.5568726e-02   9.0901813e-01
   4.1110634e-01   5.1786634e-03   8.4211247e-02   9.1061009e-01
   4.1346660e-01   5.4195662e-03   8.6509401e-02   9.0807103e-01
   4.1174897e-01   5.2395717e-03   8.4400977e-02   9.1035945e-01
   4.1176448e-01   5.1591285e-03   8.4563733e-02   9.1027714e-01
   4.1107662e-01   5.1299712e-03   8.3554107e-02   9.1131592e-01
   4.1156595e-01   5.0820609e-03   8.4221265e-02   9.1069667e-01
   4.1507538e-01   5.5879662e-03   8.6179182e-02   9.0823285e-01
   4.1160122e-01   4.7327779e-03   8.4791016e-02   9.1047621e-01
   4.1467558e-01   5.2780541e-03   8.5025568e-02   9.0969638e-01
   4.1162304e-01   5.3130096e-03   8.4448265e-02   9.1023873e-01
   4.0984387e-01   4.8908223e-03   8.3886946e-02   9.1122223e-01
   4.1283721e-01   4.9291725e-03   8.4604614e-02   9.1046621e-01
   4.1204648e-01   5.0082757e-03   8.4259473e-02   9.1073225e-01
   4.0954598e-01   5.2668458e-03   8.3539387e-02   9.1119377e-01
   4.1163944e-01   5.0256544e-03   8.4247504e-02   9.1072684e-01
   4.1131018e-01   5.0755907e-03   8.4020719e-02   9.1090369e-01
   4.1304289e-01   5.5886252e-03   8.6176553e-02   9.0823482e-01
   4.1282253e-01   5.1620271e-03   8.5297257e-02   9.0954072e-01
   4.1142938e-01   4.9911503e-03   8.3905394e-02   9.1110346e-01
   4.1170894e-01   5.2230383e-03   8.4505211e-02   9.1027175e-01
   4.1111959e-01   5.1434777e-03   8.4118188e-02   9.1073833e-01
   4.1099621e-01   4.9893118e-03   8.3907215e-02   9.1110347e-01
   4.1515796e-01   4.8370203e-03   8.5548808e-02   9.0961417e-01
   4.1056383e-01   5.0934713e-03   8.3476889e-02   9.1142964e-01
   4.1634599e-01   5.3177329e-03   8.5484071e-02   9.0919820e-01
   4.1192366e-01   4.9668815e-03   8.4460224e-02   9.1057289e-01
   4.1263460e-01   4.8983577e-03   8.3741669e-02   9.1135997e-01
   4.1016567e-01   5.0140367e-03   8.3425383e-02   9.1156058e-01
   4.1086188e-01   4.4848359e-03   8.3362973e-02   9.1215219e-01
   4.1364508e-01   5.2428380e-03   8.4683333e-02   9.1007383e-01
   4.1046648e-01   5.0291205e-03   8.3263353e-02   9.1170753e-01
   4.1134373e-01   5.5061059e-03   8.4638129e-02   9.0985577e-01
   4.1141634e-01   5.0133677e-03   8.4011872e-02   9.1097476e-01
   4.0979266e-01   4.9544986e-03   8.3196313e-02   9.1184919e-01
   4.1123923e-01   4.8107863e-03   8.3600465e-02   9.1158875e-01
   4.1063090e-01   4.9085447e-03   8.3411504e-02   9.1167995e-01
   4.1145813e-01   4.1955462e-03   8.4802206e-02   9.1100225e-01
   4.1341996e-01   4.5837309e-03   8.4511529e-02   9.1090474e-01
   4.1050642e-01   4.8422785e-03   8.3366224e-02   9.1179150e-01
   4.1075443e-01   4.9590463e-03   8.3482494e-02   9.1155846e-01
   4.1109621e-01   4.8186947e-03   8.3394913e-02   9.1178639e-01
   4.0761334e-01   4.4139614e-03   8.2080534e-02   9.1350550e-01
   4.1042895e-01   5.3019711e-03   8.3487282e-02   9.1121075e-01
   4.1154718e-01   5.0291622e-03   8.4118891e-02   9.1085195e-01
   4.0982363e-01   5.1124964e-03   8.3012533e-02   9.1187497e-01
   4.1086632e-01   4.8607407e-03   8.4128976e-02   9.1101028e-01
   4.0986888e-01   5.2873513e-03   8.3477914e-02   9.1123473e-01
   4.1076447e-01   5.1709656e-03   8.3521396e-02   9.1130764e-01
   4.0917410e-01   4.8795945e-03   8.2250681e-02   9.1286972e-01
   4.0862681e-01   4.8590660e-03   8.2359343e-02   9.1278159e-01
   4.1007656e-01   4.6658698e-03   8.2415029e-02   9.1291910e-01
   4.0607696e-01   4.7184603e-03   8.2265328e-02   9.1301621e-01
   4.1177227e-01   4.4120461e-03   8.4455456e-02   9.1113250e-01
   4.1583909e-01   5.0708336e-03   8.5741339e-02   9.0918783e-01
   4.1595825e-01   5.3467051e-03   8.6334110e-02   9.0831918e-01
   4.1003239e-01   4.6353441e-03   8.2459231e-02   9.1290543e-01
   4.0781466e-01   4.7992811e-03   8.1866867e-02   9.1333385e-01
   4.0835763e-01   4.5729455e-03   8.1915022e-02   9.1351203e-01
   4.0817334e-01   4.9054018e-03   8.1828959e-02   9.1326564e-01
   4.0856631e-01   4.7294084e-03   8.1881594e-02   9.1338900e-01
   4.1079051e-01   5.0786688e-03   8.3555954e-02   9.1136538e-01
   4.1167957e-01   5.1629759e-03   8.4016745e-02   9.1082028e-01
   4.0995524e-01   4.9070632e-03   8.3699291e-02   9.1139365e-01
   4.1012264e-01   4.2451985e-03   8.2086869e-02   9.1366793e-01
   4.1282680e-01   5.3374879e-03   8.5273083e-02   9.0938943e-01
   4.1017531e-01   4.4182814e-03   8.4002135e-02   9.1157958e-01
   4.0961647e-01   4.6935221e-03   8.2353167e-02   9.1295331e-01
   4.0682992e-01   4.5343951e-03   8.2726665e-02   9.1273894e-01
   4.1120059e-01   4.2380623e-03   8.2221824e-02   9.1354011e-01
   4.1044184e-01   5.0118742e-03   8.3987923e-02   9.1100020e-01
   4.0910295e-01   5.3670943e-03   8.2295525e-02   9.1233738e-01
   4.0886134e-01   4.2529420e-03   8.1009583e-02   9.1473748e-01
   4.0840291e-01   4.3443065e-03   8.1644050e-02   9.1401164e-01
   4.0614147e-01   4.7166020e-03   8.0426283e-02   9.1485712e-01
   4.0797101e-01   5.5384437e-03   8.2530416e-02   9.1193114e-01
   4.0509156e-01   4.4849618e-03   7.9873459e-02   9.1564158e-01
   4.0637389e-01   4.5424983e-03   7.9856998e-02   9.1560050e-01
   4.0908178e-01   5.2740754e-03   8.2175520e-02   9.1255040e-01
   4.0673664e-01   4.0514571e-03   7.9858265e-02   9.1609028e-01
   4.0784473e-01   4.5685863e-03   8.0747700e-02   9.1468371e-01
   4.0486892e-01   4.8703895e-03   7.9814754e-02   9.1531486e-01
   4.1002078e-01   5.3331981e-03   8.3071913e-02   9.1159489e-01
   4.0924734e-01   5.1516588e-03   8.1658138e-02   9.1319020e-01
   4.0444546e-01   4.6765613e-03   8.0204184e-02   9.1511925e-01
   4.0553962e-01   4.4873193e-03   7.9309731e-02   9.1620295e-01
   4.0928797e-01   5.5320200e-03   8.3933891e-02   9.1053409e-01
   4.0546083e-01   4.5680104e-03   7.9332399e-02   9.1609959e-01
   4.0748278e-01   5.1153023e-03   8.1792115e-02   9.1309258e-01
   4.0463887e-01   4.0461530e-03   7.8788974e-02   9.1716487e-01
   4.0532852e-01   4.8965476e-03   8.1638535e-02   9.1346492e-01
   4.0477191e-01   4.2024676e-03   7.9074390e-02   9.1672314e-01
   4.0856351e-01   5.4116569e-03   8.3340333e-02   9.1124801e-01
   4.1141433e-01   5.2470428e-03   8.5579762e-02   9.0917320e-01
   4.0402519e-01   4.6040927e-03   8.0206636e-02   9.1518927e-01
   4.0952902e-01   4.5153774e-03   7.9556173e-02   9.1592845e-01
   4.0521103e-01   4.6776089e-03   7.9848549e-02   9.1547384e-01
   4.0837239e-01   4.3336756e-03   7.9214414e-02   9.1645191e-01
   4.0431783e-01   4.6070218e-03   7.8885850e-02   9.1650713e-01
   4.0526230e-01   4.6562020e-03   7.8656326e-02   9.1668747e-01
   4.0664219e-01   4.8606688e-03   7.9539022e-02   9.1560031e-01
   4.0356660e-01   4.1208645e-03   7.8701362e-02   9.1717777e-01
   4.0612942e-01   4.7151787e-03   7.8802336e-02   9.1648248e-01
   4.0829054e-01   5.9117616e-03   8.1328492e-02   9.1275975e-01
   4.0166632e-01   4.5816742e-03   7.9052976e-02   9.1636535e-01
   4.0574416e-01   4.0866382e-03   7.8975122e-02   9.1693824e-01
   4.1093968e-01   5.9346589e-03   8.2753827e-02   9.1131151e-01
   4.0120155e-01   4.0908273e-03   7.8059315e-02   9.1784986e-01
   4.0915925e-01   5.4810923e-03   8.1138173e-02   9.1338073e-01
   4.1039065e-01   5.4864031e-03   8.1799562e-02   9.1271403e-01
   4.0597214e-01   4.6266803e-03   7.8858907e-02   9.1651441e-01
   4.1501560e-01   5.6484326e-03   8.6727628e-02   9.0762394e-01
   4.0544494e-01   3.9323691e-03   7.8130285e-02   9.1793735e-01
   4.0187801e-01   4.3668346e-03   7.8019298e-02   9.1761387e-01
   4.0539572e-01   4.6359760e-03   7.9402173e-02   9.1596185e-01
   4.0508195e-01   4.7466167e-03   7.8544787e-02   9.1670860e-01
   4.0453418e-01   4.0766175e-03   7.7975096e-02   9.1794829e-01
   4.0112512e-01   4.2411004e-03   7.7731673e-02   9.1802723e-01
   4.0390553e-01   4.4744319e-03   7.7910514e-02   9.1761505e-01
   4.0366752e-01   4.8977917e-03   7.9144022e-02   9.1595819e-01
   4.0373742e-01   4.4331211e-03   7.7656731e-02   9.1791015e-01
   4.0693139e-01   4.0975499e-03   7.8173950e-02   9.1772850e-01
   4.0159391e-01   3.6039288e-03   7.7420926e-02   9.1897515e-01
   4.0394422e-01   4.1729742e-03   7.7527700e-02   9.1829933e-01
   4.0382829e-01   4.3467162e-03   7.7618909e-02   9.1803438e-01
   3.9997141e-01   4.0058454e-03   7.7499551e-02   9.1849460e-01
   4.0238957e-01   4.1907918e-03   7.7305355e-02   9.1850385e-01
   4.0622926e-01   4.0303127e-03   7.7745398e-02   9.1822429e-01
   4.0449043e-01   4.5452752e-03   7.7650777e-02   9.1780395e-01
   4.0111987e-01   3.9628647e-03   7.7168022e-02   9.1886911e-01
   4.0166069e-01   3.9754597e-03   7.7164228e-02   9.1886031e-01
   4.0596142e-01   4.3096525e-03   7.7648606e-02   9.1804174e-01
   4.0299633e-01   4.2203328e-03   7.7525839e-02   9.1825383e-01
   4.0248226e-01   3.5030093e-03   7.7024890e-02   9.1947210e-01
   4.0035923e-01   3.7984778e-03   7.7136914e-02   9.1906461e-01
   4.0292705e-01   3.8513036e-03   7.7004468e-02   9.1914423e-01
   4.0229203e-01   4.5834941e-03   7.7435135e-02   9.1798137e-01
   4.0131940e-01   3.8873868e-03   7.6991082e-02   9.1912153e-01
   4.0314859e-01   4.1336933e-03   7.7086799e-02   9.1877951e-01
   4.0416869e-01   4.0942023e-03   7.7077135e-02   9.1882866e-01
   4.0188984e-01   4.4647124e-03   7.7555394e-02   9.1797989e-01
   4.0222874e-01   4.6774412e-03   7.7680596e-02   9.1764196e-01
   4.0266063e-01   4.4752572e-03   7.7143821e-02   9.1838092e-01
   4.0246562e-01   4.5661895e-03   7.7250605e-02   9.1818321e-01
   4.0312354e-01   3.9921086e-03   7.6862188e-02   9.1914570e-01
   4.0431449e-01   4.2022954e-03   7.7020440e-02   9.1877726e-01
   4.0216496e-01   3.9793872e-03   7.6731382e-02   9.1928923e-01
   4.0194320e-01   4.2938813e-03   7.7023784e-02   9.1868233e-01
   4.0126526e-01   4.4622875e-03   7.7788200e-02   9.1774951e-01
   4.0345529e-01   4.0165319e-03   7.6784256e-02   9.1919921e-01
   4.0486894e-01   4.6809443e-03   7.7338399e-02   9.1798066e-01
   4.0174326e-01   4.3703764e-03   7.6869085e-02   9.1876054e-01
   4.0274514e-01   4.6159068e-03   7.7100490e-02   9.1828360e-01
   4.0264106e-01   4.4594274e-03   7.6995173e-02   9.1854540e-01
   4.0278892e-01   4.1245949e-03   7.6727217e-02   9.1914819e-01
   4.0539126e-01   4.2847465e-03   7.7013186e-02   9.1870207e-01
   4.0253494e-01   4.2251621e-03   7.6725605e-02   9.1904923e-01
   4.0109796e-01   4.4018554e-03   7.6967500e-02   9.1863064e-01
   4.0416555e-01   4.5549482e-03   7.7002857e-02   9.1844220e-01
   4.0153340e-01   4.0664284e-03   7.6595520e-02   9.1933805e-01
   4.0227811e-01   3.9993042e-03   7.6637919e-02   9.1936278e-01
   4.0308063e-01   4.1694322e-03   7.6736152e-02   9.1909442e-01
   4.0249626e-01   4.7297060e-03   7.7224494e-02   9.1804580e-01
   4.0313927e-01   4.2827893e-03   7.6686607e-02   9.1903060e-01
   4.0068589e-01   3.7972418e-03   7.6771758e-02   9.1943100e-01
   4.0234178e-01   4.4832585e-03   7.7366224e-02   9.1815052e-01
   4.0298188e-01   4.4043356e-03   7.6943474e-02   9.1865219e-01
   4.0430345e-01   4.5742779e-03   7.6907711e-02   9.1851801e-01
   4.0220987e-01   4.0701617e-03   7.6806275e-02   9.1912356e-01
   4.0109420e-01   4.3737805e-03   7.6805200e-02   9.1882102e-01
   4.0301479e-01   4.0773417e-03   7.7170228e-02   9.1875243e-01
   4.0284250e-01   4.1159722e-03   7.6608894e-02   9.1927513e-01
   4.0097663e-01   4.5649869e-03   7.6865111e-02   9.1856990e-01
   4.0145918e-01   4.6932440e-03   7.7529507e-02   9.1777725e-01
   4.0350850e-01   4.9486509e-03   7.7201442e-02   9.1784991e-01
   4.0303196e-01   3.8964557e-03   7.6418437e-02   9.1968511e-01
   4.0284662e-01   4.1639341e-03   7.6607162e-02   9.1922890e-01
   4.0275903e-01   3.9629800e-03   7.6401995e-02   9.1963502e-01
   4.0293370e-01   3.9633677e-03   7.6585106e-02   9.1945153e-01
   4.0309744e-01   4.3439507e-03   7.6672918e-02   9.1898313e-01
   4.0306417e-01   4.6609134e-03   7.7016364e-02   9.1832272e-01
   4.0348223e-01   3.9908163e-03   7.6593989e-02   9.1941519e-01
   4.0166192e-01   4.0395323e-03   7.6389230e-02   9.1957124e-01
   4.0196434e-01   4.2498914e-03   7.6574159e-02   9.1917595e-01
   4.0554853e-01   4.9342714e-03   7.7189778e-02   9.1787595e-01
   4.0087544e-01   3.8393386e-03   7.6411213e-02   9.1974945e-01
   4.0244391e-01   4.1970094e-03   7.6531427e-02   9.1927156e-01
   4.0198018e-01   5.0170022e-03   7.7692456e-02   9.1729054e-01
   4.0188678e-01   4.0308358e-03   7.6282637e-02   9.1968653e-01
   4.0263397e-01   4.5104638e-03   7.6699120e-02   9.1879042e-01
   4.0337126e-01   4.5343339e-03   7.6718989e-02   9.1874668e-01
   4.0250845e-01   4.1800723e-03   7.6503032e-02   9.1931690e-01
   4.0218026e-01   3.9831121e-03   7.6331231e-02   9.1968566e-01
   4.0309408e-01   4.2509255e-03   7.6579159e-02   9.1916992e-01
   4.0232457e-01   3.8200417e-03   7.6836129e-02   9.1934383e-01
   4.0147746e-01   4.2324098e-03   7.6395317e-02   9.1937227e-01
   4.0297502e-01   4.3303146e-03   7.6573757e-02   9.1909593e-01
   4.0263055e-01   4.5285214e-03   7.6615247e-02   9.1885623e-01
   4.0297302e-01   3.8440634e-03   7.6350028e-02   9.1980591e-01
   4.0255618e-01   4.1219892e-03   7.6452975e-02   9.1942504e-01
   4.0363320e-01   4.5709551e-03   7.6686432e-02   9.1874261e-01
   4.0432370e-01   4.4043490e-03   7.6575287e-02   9.1902036e-01
   4.0430422e-01   4.1934692e-03   7.6505609e-02   9.1930092e-01
   4.0282464e-01   4.4647799e-03   7.6569836e-02   9.1896538e-01
   4.0161294e-01   4.1178231e-03   7.6444274e-02   9.1943790e-01
   4.0302330e-01   3.7107858e-03   7.6545434e-02   9.1974378e-01
   4.0229835e-01   4.2843202e-03   7.6509960e-02   9.1920572e-01
   4.0429239e-01   4.4207433e-03   7.6507232e-02   9.1907202e-01
   4.0264489e-01   4.3380540e-03   7.6518267e-02   9.1914368e-01
   4.0368717e-01   4.4116069e-03   7.6722951e-02   9.1886544e-01
   4.0426404e-01   5.0095433e-03   7.7155246e-02   9.1783521e-01
   4.0270260e-01   4.0660968e-03   7.6442765e-02   9.1949114e-01
   4.0302250e-01   4.2900296e-03   7.6506727e-02   9.1920324e-01
   4.0233546e-01   4.5779483e-03   7.6585333e-02   9.1883672e-01
   4.0243957e-01   4.6006783e-03   7.6690958e-02   9.1870836e-01
   4.0146390e-01   4.5198954e-03   7.6642682e-02   9.1883742e-01
   4.0356248e-01   4.2461960e-03   7.6428965e-02   9.1932484e-01
   4.0115799e-01   4.2749018e-03   7.6571514e-02   9.1915358e-01
   4.0337679e-01   4.6104515e-03   7.6694484e-02   9.1869506e-01
   4.0137577e-01   4.4130731e-03   7.6355237e-02   9.1923169e-01
   4.0301878e-01   4.7153424e-03   7.6705109e-02   9.1857955e-01
   4.0230161e-01   4.8139635e-03   7.6719261e-02   9.1846678e-01
   4.0252809e-01   4.0019807e-03   7.6340623e-02   9.1965740e-01
   4.0282911e-01   4.3962620e-03   7.6568192e-02   9.1903555e-01
   4.0391371e-01   4.8374922e-03   7.6770842e-02   9.1839167e-01
   4.0291810e-01   4.8709340e-03   7.6777149e-02   9.1835192e-01
   4.0247643e-01   4.8156528e-03   7.6663645e-02   9.1852070e-01
   4.0359353e-01   4.7586050e-03   7.6722811e-02   9.1851858e-01
   4.0566127e-01   4.3156646e-03   7.6478817e-02   9.1920552e-01
   4.0380841e-01   4.5416142e-03   7.6676446e-02   9.1878194e-01
   4.0092830e-01   3.5738022e-03   7.6111822e-02   9.2031438e-01
   3.9973994e-01   4.0028247e-03   7.6093884e-02   9.1990329e-01
   4.0223444e-01   4.4334521e-03   7.6571332e-02   9.1899522e-01
   4.0318612e-01   4.5887383e-03   7.6673218e-02   9.1873804e-01
   4.0273562e-01   4.6914952e-03   7.6628974e-02   9.1867953e-01
   4.0319811e-01   4.7878499e-03   7.6753830e-02   9.1845832e-01
   4.0298978e-01   4.5798140e-03   7.6604441e-02   9.1881574e-01
   4.0051923e-01   3.6886503e-03   7.6273558e-02   9.2003779e-01
   4.0466043e-01   4.7940253e-03   7.6823784e-02   9.1838219e-01
   4.0198605e-01   4.8046005e-03   7.6774773e-02   9.1842063e-01
   4.0066023e-01   4.6532042e-03   7.6675593e-02   9.1867120e-01
   4.0316464e-01   3.7648013e-03   7.6368553e-02   9.1986665e-01
   4.0268436e-01   4.0800790e-03   7.6117813e-02   9.1980211e-01
   4.0331060e-01   4.5691806e-03   7.6740134e-02   9.1869069e-01
   4.0322009e-01   4.6897814e-03   7.6673671e-02   9.1863655e-01
   4.0326643e-01   4.7181283e-03   7.6704362e-02   9.1857751e-01
   4.0525534e-01   4.6155112e-03   7.6693800e-02   9.1869069e-01
   4.0516879e-01   4.9263656e-03   7.6967283e-02   9.1810635e-01
   4.0190639e-01   4.3711766e-03   7.6526042e-02   9.1910278e-01
   4.0205430e-01   3.7416757e-03   7.6018981e-02   9.2023934e-01
   4.0318061e-01   4.5963709e-03   7.6659658e-02   9.1874397e-01
   4.0879776e-01   5.6151447e-03   7.7767681e-02   9.1661717e-01
   4.0387206e-01   4.6636432e-03   7.6743939e-02   9.1859242e-01
   4.0304108e-01   4.1660479e-03   7.6353563e-02   9.1948039e-01
   4.0035198e-01   4.6817678e-03   7.6861758e-02   9.1845647e-01
   4.0230045e-01   4.9680256e-03   7.6893312e-02   9.1813866e-01
   4.0318069e-01   4.9350048e-03   7.6844391e-02   9.1822060e-01
   3.9862397e-01   3.5373943e-03   7.5732504e-02   9.2073010e-01
   4.0684561e-01   4.9160003e-03   7.7302879e-02   9.1778112e-01
   4.0544035e-01   4.5698384e-03   7.6821411e-02   9.1860875e-01
   4.0268772e-01   4.6920075e-03   7.6609486e-02   9.1869851e-01
   4.0468403e-01   5.0659653e-03   7.6999469e-02   9.1793457e-01
   4.0295494e-01   4.5408843e-03   7.6599672e-02   9.1885944e-01
   4.0453359e-01   5.0380105e-03   7.6867630e-02   9.1809436e-01
   4.0522576e-01   5.2438308e-03   7.7216778e-02   9.1753939e-01
   4.0270221e-01   4.7535757e-03   7.6714300e-02   9.1853212e-01
   4.0122833e-01   4.1023862e-03   7.6274442e-02   9.1962317e-01
   4.0519176e-01   4.5626949e-03   7.6659811e-02   9.1877749e-01
   4.0245642e-01   4.8042620e-03   7.6731066e-02   9.1846467e-01
   4.0390206e-01   5.1962303e-03   7.6955649e-02   9.1784812e-01
   4.0448825e-01   4.6734117e-03   7.6848820e-02   9.1847777e-01
   4.0312248e-01   4.7300508e-03   7.6689971e-02   9.1857998e-01
   4.0092544e-01   4.8783145e-03   7.6624115e-02   9.1849757e-01
   4.0333770e-01   4.7569499e-03   7.6738004e-02   9.1850505e-01
   4.0341457e-01   4.5071033e-03   7.6846754e-02   9.1864614e-01
   4.0352279e-01   4.9306314e-03   7.6859256e-02   9.1821011e-01
   4.0360341e-01   5.0838864e-03   7.6798316e-02   9.1811780e-01
   4.0298789e-01   4.6811308e-03   7.6693758e-02   9.1862511e-01
   4.0233783e-01   3.4910358e-03   7.6129946e-02   9.2037902e-01
   4.0651924e-01   5.1973353e-03   7.7116898e-02   9.1768577e-01
   4.0332795e-01   4.5782413e-03   7.6701681e-02   9.1872008e-01
   4.0282247e-01   4.8861389e-03   7.6806260e-02   9.1830760e-01
   4.0308854e-01   4.8783125e-03   7.6632921e-02   9.1848877e-01
   3.9968211e-01   3.5662767e-03   7.5946831e-02   9.2048689e-01
   4.0207263e-01   4.7333734e-03   7.6697244e-02   9.1856938e-01
   4.0231884e-01   4.2094603e-03   7.6294174e-02   9.1949637e-01
   4.0221824e-01   3.8274555e-03   7.5760412e-02   9.2041213e-01
   4.0737824e-01   4.8573594e-03   7.6887793e-02   9.1825485e-01
   4.0330999e-01   4.6599249e-03   7.6687623e-02   9.1865245e-01
   4.0223717e-01   4.5954857e-03   7.6602912e-02   9.1880160e-01
   4.0310982e-01   4.5019872e-03   7.6556237e-02   9.1894178e-01
   4.0771061e-01   5.2060961e-03   7.7312369e-02   9.1748153e-01
   4.0279439e-01   4.8392123e-03   7.6769864e-02   9.1839092e-01
   4.0410484e-01   4.9442611e-03   7.6927957e-02   9.1812778e-01
   4.0332879e-01   3.4340482e-03   7.6021901e-02   9.2054405e-01
   4.0565433e-01   4.9692236e-03   7.6698780e-02   9.1833200e-01
   4.0021705e-01   3.8968700e-03   7.5890080e-02   9.2021305e-01
   4.0155698e-01   4.9784236e-03   7.6959289e-02   9.1806229e-01
   4.0225493e-01   4.8194241e-03   7.6770683e-02   9.1840989e-01
   4.0022613e-01   4.3845932e-03   7.6294990e-02   9.1932042e-01
   4.0299600e-01   4.5858783e-03   7.6647704e-02   9.1876642e-01
   4.0463320e-01   4.8305179e-03   7.7190765e-02   9.1797872e-01
   3.9910196e-01   3.8863605e-03   7.6114132e-02   9.1999951e-01
   4.0503190e-01   5.0904567e-03   7.6871146e-02   9.1803840e-01
   3.9952269e-01   3.8240081e-03   7.6211446e-02   9.1996455e-01
   4.0205825e-01   4.4325190e-03   7.6356699e-02   9.1921078e-01
   4.0333193e-01   3.9971736e-03   7.6267746e-02   9.1973508e-01
   4.0235325e-01   4.6927682e-03   7.6674434e-02   9.1863280e-01
   4.0077672e-01   5.2690571e-03   7.7170714e-02   9.1756023e-01
   4.0248766e-01   4.8086098e-03   7.6798715e-02   9.1839268e-01
   4.0462293e-01   4.6816995e-03   7.7308927e-02   9.1800937e-01
   4.0386177e-01   4.9477291e-03   7.6909196e-02   9.1814307e-01
   4.0791835e-01   4.7756626e-03   7.6812946e-02   9.1841139e-01
   4.0348724e-01   4.7920105e-03   7.6824216e-02   9.1838377e-01
   4.0169262e-01   4.7264874e-03   7.6735244e-02   9.1853827e-01
   4.0327932e-01   4.6214503e-03   7.6705992e-02   9.1867256e-01
   4.0510791e-01   4.9302728e-03   7.6985755e-02   9.1808397e-01
   3.9805523e-01   4.0816961e-03   7.5933804e-02   9.1998450e-01
   4.0579053e-01   5.3847311e-03   7.6959979e-02   9.1765529e-01
   4.0138791e-01   4.5619371e-03   7.6595351e-02   9.1884271e-01
   4.0368733e-01   4.5235516e-03   7.6780425e-02   9.1869602e-01
   4.0207870e-01   4.1410745e-03   7.6210056e-02   9.1964887e-01
   4.0095728e-01   4.5784400e-03   7.6319564e-02   9.1910200e-01
   4.0752054e-01   5.2918908e-03   7.7086543e-02   9.1762157e-01
   3.9964936e-01   4.2175065e-03   7.6389217e-02   9.1939328e-01
   3.9815869e-01   4.3327885e-03   7.6387767e-02   9.1927944e-01
   4.0078264e-01   4.9536801e-03   7.6492849e-02   9.1855347e-01
   4.0145279e-01   4.6879120e-03   7.6767169e-02   9.1854492e-01
   4.0876510e-01   5.3669073e-03   7.7344574e-02   9.1728852e-01
   3.9904611e-01   4.6825264e-03   7.6411905e-02   9.1890557e-01
   4.0296811e-01   4.8514070e-03   7.6936411e-02   9.1821218e-01
   4.0457217e-01   4.9459825e-03   7.7037811e-02   9.1801621e-01
   4.0142333e-01   4.7727330e-03   7.6738195e-02   9.1848907e-01
   4.0262888e-01   4.8297646e-03   7.6824689e-02   9.1834555e-01
   3.9901961e-01   4.2169277e-03   7.6291814e-02   9.1949126e-01
   4.0118648e-01   4.4065932e-03   7.6538558e-02   9.1905485e-01
   4.0350852e-01   5.0022655e-03   7.6973793e-02   9.1802394e-01
   3.9954798e-01   5.0651391e-03   7.7102128e-02   9.1783273e-01
   4.0533192e-01   5.4613693e-03   7.7370506e-02   9.1716812e-01
   4.0923978e-01   5.4846139e-03   7.7140189e-02   9.1737520e-01
   3.9755476e-01   4.2486047e-03   7.5979088e-02   9.1977231e-01
   4.0017009e-01   4.5340516e-03   7.6556704e-02   9.1890924e-01
   4.0334547e-01   5.0873519e-03   7.6827323e-02   9.1808532e-01
   4.0017534e-01   4.3252049e-03   7.5928382e-02   9.1974641e-01
   4.0169166e-01   5.0532166e-03   7.7059383e-02   9.1788740e-01
   4.0331917e-01   5.2239048e-03   7.7394557e-02   9.1738154e-01
   4.0126540e-01   4.4072267e-03   7.6558932e-02   9.1903384e-01
   3.9745658e-01   3.9301934e-03   7.6201944e-02   9.1986786e-01
   4.0729417e-01   5.0912630e-03   7.7249779e-02   9.1765896e-01
   4.0073118e-01   4.3738455e-03   7.5989973e-02   9.1963618e-01
   3.9687794e-01   3.1903267e-03   7.5090353e-02   9.2171932e-01
   4.0186211e-01   4.7053339e-03   7.6917422e-02   9.1837724e-01
   4.0375449e-01   3.9610234e-03   7.6269106e-02   9.1976987e-01
   3.9955323e-01   4.2984885e-03   7.6744087e-02   9.1895742e-01
   4.0357144e-01   5.3392752e-03   7.7495169e-02   9.1716556e-01
   4.0421083e-01   4.8484477e-03   7.7072777e-02   9.1807878e-01
   4.0311858e-01   4.6699002e-03   7.6770569e-02   9.1855953e-01
   4.0642768e-01   3.4242988e-03   7.5574335e-02   9.2100137e-01
   3.9744011e-01   4.6872589e-03   7.6038863e-02   9.1927388e-01
   4.0242334e-01   5.1167461e-03   7.6950666e-02   9.1793259e-01
   3.9995995e-01   3.9750474e-03   7.5322144e-02   9.2070281e-01
   4.0065689e-01   4.7391783e-03   7.6943950e-02   9.1831687e-01
   4.0411868e-01   5.1332096e-03   7.7165289e-02   9.1770150e-01
   4.0445010e-01   4.9687896e-03   7.7042917e-02   9.1798829e-01
   4.0383317e-01   4.5449912e-03   7.6984083e-02   9.1847093e-01
   4.0400252e-01   5.4637393e-03   7.7194839e-02   9.1734142e-01
   4.0151027e-01   4.3542120e-03   7.6718698e-02   9.1892709e-01
   4.0147644e-01   4.0351086e-03   7.5816400e-02   9.2014849e-01
   4.0652487e-01   4.9344979e-03   7.7139656e-02   9.1792585e-01
   3.9946746e-01   4.7554775e-03   7.6751544e-02   9.1849298e-01
   4.0345126e-01   4.5533010e-03   7.6889264e-02   9.1855743e-01
   4.0378283e-01   5.2977920e-03   7.6718304e-02   9.1798390e-01
   4.0059358e-01   5.4610403e-03   7.6626209e-02   9.1791275e-01
   3.9286137e-01   3.8999567e-03   7.6071611e-02   9.2002843e-01
   3.9798459e-01   5.1625516e-03   7.6721971e-02   9.1811548e-01
   4.0357350e-01   4.3857561e-03   7.7185185e-02   9.1842906e-01
   3.9899932e-01   4.5186869e-03   7.6644659e-02   9.1883665e-01
   4.0034919e-01   5.2009574e-03   7.6480899e-02   9.1831814e-01
   3.9383940e-01   3.9266701e-03   7.5358577e-02   9.2071475e-01
   3.9685062e-01   3.8862712e-03   7.6161988e-02   9.1995174e-01
   4.1397739e-01   5.7793859e-03   7.7670873e-02   9.1654974e-01
   4.0232407e-01   4.5527768e-03   7.6980106e-02   9.1846712e-01
   4.0649259e-01   5.2016403e-03   7.6686233e-02   9.1811213e-01
   4.1245629e-01   5.9612028e-03   7.8293852e-02   9.1574495e-01
   3.9853060e-01   4.6531644e-03   7.6646169e-02   9.1870067e-01
   4.0935376e-01   5.2136352e-03   7.7844828e-02   9.1694154e-01
   4.0804739e-01   4.7544059e-03   7.6526196e-02   9.1871940e-01
   4.0112935e-01   3.8295423e-03   7.6550350e-02   9.1962011e-01
   4.0517990e-01   4.6350199e-03   7.7174821e-02   9.1819016e-01
   4.0299744e-01   4.7027158e-03   7.7155349e-02   9.1814194e-01
   4.0530722e-01   4.8591920e-03   7.7283514e-02   9.1785729e-01
   4.0256201e-01   4.4659405e-03   7.7102525e-02   9.1843153e-01
   4.0263596e-01   4.4655094e-03   7.7157427e-02   9.1837706e-01
   4.0589511e-01   5.0928602e-03   7.7090722e-02   9.1781642e-01
   3.9246201e-01   3.5671492e-03   7.5700468e-02   9.2073238e-01
   4.0628200e-01   5.7629595e-03   7.7787225e-02   9.1644982e-01
   4.1077036e-01   6.1582234e-03   7.7677366e-02   9.1616441e-01
   4.1069891e-01   5.2660012e-03   7.7420427e-02   9.1731357e-01
   4.0504156e-01   4.8163694e-03   7.7124674e-02   9.1805896e-01
   4.0581613e-01   5.3122366e-03   7.7441627e-02   9.1724614e-01
   3.9411287e-01   4.1357391e-03   7.6369340e-02   9.1949492e-01
   4.0218049e-01   5.8413959e-03   7.8214850e-02   9.1594375e-01
   4.0302349e-01   4.6562674e-03   7.7130068e-02   9.1821366e-01
   3.9629418e-01   4.4841534e-03   7.6685849e-02   9.1883000e-01
   3.9972776e-01   5.2687459e-03   7.7196616e-02   9.1753464e-01
   4.1391013e-01   6.1352077e-03   7.8170321e-02   9.1569447e-01
   3.9505822e-01   4.6724794e-03   7.6574578e-02   9.1875294e-01
   3.9766190e-01   4.5875603e-03   7.6739758e-02   9.1867268e-01
   4.0497020e-01   4.6695027e-03   7.7261857e-02   9.1806864e-01
   4.0288100e-01   4.5435469e-03   7.7340008e-02   9.1811644e-01
   4.1249340e-01   5.5259014e-03   7.8184223e-02   9.1628988e-01
   4.0016720e-01   5.4467847e-03   7.7414331e-02   9.1713888e-01
   4.0245027e-01   3.8684630e-03   7.6593595e-02   9.1953794e-01
   4.0676155e-01   4.3640427e-03   7.7309582e-02   9.1832638e-01
   4.0515594e-01   4.6940104e-03   7.7314019e-02   9.1799197e-01
   4.0630606e-01   4.6401151e-03   7.7171240e-02   9.1818864e-01
   4.0248687e-01   4.7198335e-03   7.7335623e-02   9.1794454e-01
   3.9415967e-01   4.4143454e-03   7.6425715e-02   9.1915994e-01
   4.0208517e-01   4.1610363e-03   7.6863621e-02   9.1897534e-01
   4.0724008e-01   5.5149022e-03   7.7460674e-02   9.1702442e-01
   4.0347189e-01   4.0546173e-03   7.7222418e-02   9.1872296e-01
   4.0147317e-01   3.5422054e-03   7.7116069e-02   9.1934173e-01
   4.1431026e-01   5.5264701e-03   7.7720298e-02   9.1675323e-01
   4.0470961e-01   4.6299447e-03   7.7363812e-02   9.1800624e-01
   3.9961737e-01   3.8929374e-03   7.6136667e-02   9.1997040e-01
   3.9213644e-01   4.1138691e-03   7.6094653e-02   9.1979148e-01
   4.0760844e-01   4.5006406e-03   7.7366511e-02   9.1813285e-01
   3.9966220e-01   5.5355071e-03   7.7301527e-02   9.1716297e-01
   3.9580458e-01   4.6716032e-03   7.6748803e-02   9.1857959e-01
   4.1792990e-01   6.5811013e-03   7.8464585e-02   9.1495431e-01
   3.9247083e-01   2.6287359e-03   7.5096946e-02   9.2227432e-01
   3.9396498e-01   3.7910206e-03   7.6630006e-02   9.1957897e-01
   4.0368262e-01   3.3302793e-03   7.7353392e-02   9.1931633e-01
   4.0979592e-01   6.5526146e-03   7.7791655e-02   9.1565573e-01
   3.9990698e-01   4.3706414e-03   7.7512976e-02   9.1811638e-01
   3.9855216e-01   6.0035119e-03   7.7719540e-02   9.1627695e-01
   4.0787496e-01   6.0821889e-03   7.7873445e-02   9.1604437e-01
   4.0113062e-01   3.9350498e-03   7.7553487e-02   9.1851146e-01
   4.1072401e-01   5.1376162e-03   7.7007166e-02   9.1785522e-01
   4.1321057e-01   6.2349296e-03   7.7871765e-02   9.1589331e-01
   4.0680210e-01   3.8010902e-03   7.6475914e-02   9.1972300e-01
   4.0815619e-01   4.6080089e-03   7.6337221e-02   9.1905477e-01
   3.8997795e-01   4.5224445e-03   7.6526696e-02   9.1895086e-01
   4.1230077e-01   5.2965465e-03   7.7638276e-02   9.1706518e-01
   3.8645862e-01   3.8749994e-03   7.6062726e-02   9.2006227e-01
   4.1109559e-01   5.9219761e-03   7.7839644e-02   9.1623838e-01
   4.0392680e-01   3.2419002e-03   7.5468888e-02   9.2128921e-01
   4.1092241e-01   4.9025742e-03   7.7614297e-02   9.1748313e-01
   4.1130203e-01   4.9427879e-03   7.7314370e-02   9.1774284e-01
   4.0330057e-01   3.4141507e-03   7.6089402e-02   9.2049645e-01
   4.1182902e-01   6.2427923e-03   7.8522678e-02   9.1523453e-01
   3.9349928e-01   2.9923670e-03   7.5402152e-02   9.2160548e-01
   4.1022437e-01   4.8180855e-03   7.7018644e-02   9.1816327e-01
   3.9852070e-01   3.9345357e-03   7.7854722e-02   9.1821074e-01
   4.1745789e-01   7.4807390e-03   7.9376665e-02   9.1314260e-01
   4.1355761e-01   4.8775920e-03   7.7666099e-02   9.1745631e-01
   4.0795230e-01   4.5395485e-03   7.7263038e-02   9.1819741e-01
   4.0830589e-01   5.1175125e-03   7.7780429e-02   9.1710206e-01
   4.0804098e-01   3.5115592e-03   7.6795416e-02   9.1969302e-01
   4.2134225e-01   5.8027563e-03   7.8256783e-02   9.1594046e-01
   4.1378719e-01   5.0259814e-03   7.7285612e-02   9.1768841e-01
   4.0927774e-01   4.4686463e-03   7.7465041e-02   9.1806631e-01
   4.1546753e-01   5.8338694e-03   7.7510482e-02   9.1665565e-01
   4.0995093e-01   4.3099660e-03   7.7455423e-02   9.1823461e-01
   4.0739058e-01   4.6666769e-03   7.7718723e-02   9.1761460e-01
   4.1441941e-01   4.3682973e-03   7.8155552e-02   9.1747615e-01
   3.8643728e-01   3.2989014e-03   7.6434668e-02   9.2026643e-01
   4.0583889e-01   3.6953511e-03   7.6856955e-02   9.1944769e-01
   4.1958877e-01   5.2706010e-03   7.7681278e-02   9.1704812e-01
   4.1144188e-01   5.5008173e-03   7.8334829e-02   9.1616435e-01
   4.1704433e-01   6.2986376e-03   7.8725530e-02   9.1497583e-01
   4.1880518e-01   5.0696910e-03   7.8106678e-02   9.1682363e-01
   4.0981453e-01   4.3785665e-03   7.7292829e-02   9.1832860e-01
   4.2176060e-01   5.7942959e-03   7.8284338e-02   9.1592137e-01
   4.1193628e-01   6.9070143e-03   7.7398533e-02   9.1569445e-01
   4.1387302e-01   4.1920123e-03   7.7152861e-02   9.1865513e-01
   4.1344055e-01   4.5851938e-03   7.7639463e-02   9.1777534e-01
   3.8761909e-01   3.8857953e-03   7.5793665e-02   9.2032054e-01
   4.1373013e-01   4.3823993e-03   7.7697777e-02   9.1791982e-01
   4.0791463e-01   5.6691158e-03   7.7209267e-02   9.1712162e-01
   4.1646217e-01   4.5503185e-03   7.7758208e-02   9.1769147e-01
   4.1909448e-01   4.6872339e-03   7.7890400e-02   9.1742237e-01
   4.1342839e-01   4.2204617e-03   7.7580990e-02   9.1819855e-01
   4.0312807e-01   3.6401695e-03   7.6874288e-02   9.1948554e-01
   4.1310499e-01   3.9944851e-03   7.7810464e-02   9.1819505e-01
