   1.2546467e+00   0.0000000e+00   9.8630049e-02   9.0136995e-01
   1.2525646e+00   0.0000000e+00   9.9166767e-02   9.0083323e-01
   1.2535570e+00   0.0000000e+00   9.8812515e-02   9.0118748e-01
   1.2530076e+00   0.0000000e+00   9.9183530e-02   9.0081647e-01
   1.2537003e+00   0.0000000e+00   9.9084473e-02   9.0091553e-01
   1.2525762e+00   0.0000000e+00   9.8917693e-02   9.0108231e-01
   1.2536848e+00   0.0000000e+00   9.9002286e-02   9.0099771e-01
   1.2538957e+00   0.0000000e+00   9.9311716e-02   9.0068828e-01
   1.2541150e+00   0.0000000e+00   9.8796267e-02   9.0120373e-01
   1.2537303e+00   0.0000000e+00   9.8874545e-02   9.0112545e-01
   1.2545365e+00   0.0000000e+00   9.8463406e-02   9.0153659e-01
   1.2539292e+00   0.0000000e+00   9.8604303e-02   9.0139570e-01
   1.2534077e+00   0.0000000e+00   9.9193250e-02   9.0080675e-01
   1.2539131e+00   0.0000000e+00   9.8623448e-02   9.0137655e-01
   1.2529095e+00   0.0000000e+00   9.9284134e-02   9.0071587e-01
   1.2547338e+00   0.0000000e+00   9.8606945e-02   9.0139305e-01
   1.2547554e+00   0.0000000e+00   9.8772872e-02   9.0122713e-01
   1.2545474e+00   0.0000000e+00   9.8520258e-02   9.0147974e-01
   1.2536114e+00   0.0000000e+00   9.8923305e-02   9.0107670e-01
   1.2535390e+00   0.0000000e+00   9.8916530e-02   9.0108347e-01
   1.2536120e+00   0.0000000e+00   9.8990547e-02   9.0100945e-01
   1.2554343e+00   0.0000000e+00   9.8769541e-02   9.0123046e-01
   1.2540356e+00   0.0000000e+00   9.8731232e-02   9.0126877e-01
   1.2541764e+00   0.0000000e+00   9.8576454e-02   9.0142355e-01
   1.2536889e+00   0.0000000e+00   9.8959094e-02   9.0104091e-01
   1.2536947e+00   0.0000000e+00   9.8893108e-02   9.0110689e-01
   1.2545130e+00   0.0000000e+00   9.8342037e-02   9.0165796e-01
   1.2523673e+00   0.0000000e+00   9.9481250e-02   9.0051875e-01
   1.2544223e+00   0.0000000e+00   9.8909804e-02   9.0109020e-01
   1.2536966e+00   0.0000000e+00   9.8561558e-02   9.0143844e-01
   1.2540078e+00   0.0000000e+00   9.8849455e-02   9.0115054e-01
   1.2536242e+00   0.0000000e+00   9.8520069e-02   9.0147993e-01
   1.2534409e+00   0.0000000e+00   9.8687533e-02   9.0131247e-01
   1.2529490e+00   0.0000000e+00   9.8547385e-02   9.0145261e-01
   1.2542737e+00   0.0000000e+00   9.8911278e-02   9.0108872e-01
   1.2541123e+00   0.0000000e+00   9.8766954e-02   9.0123305e-01
   1.2537068e+00   0.0000000e+00   9.8804425e-02   9.0119557e-01
   1.2548818e+00   0.0000000e+00   9.8370460e-02   9.0162954e-01
   1.2538606e+00   0.0000000e+00   9.8764675e-02   9.0123532e-01
   1.2545621e+00   0.0000000e+00   9.8321620e-02   9.0167838e-01
   1.2541309e+00   0.0000000e+00   9.8526109e-02   9.0147389e-01
   1.2534331e+00   0.0000000e+00   9.8785053e-02   9.0121495e-01
   1.2549011e+00   0.0000000e+00   9.9067647e-02   9.0093235e-01
   1.2537257e+00   0.0000000e+00   9.8796652e-02   9.0120335e-01
   1.2540177e+00   0.0000000e+00   9.8633233e-02   9.0136677e-01
   1.2534606e+00   0.0000000e+00   9.8437698e-02   9.0156230e-01
   1.2545105e+00   0.0000000e+00   9.8676293e-02   9.0132371e-01
   1.2542834e+00   0.0000000e+00   9.8576160e-02   9.0142384e-01
   1.2540351e+00   0.0000000e+00   9.8905940e-02   9.0109406e-01
   1.2545204e+00   0.0000000e+00   9.8864707e-02   9.0113529e-01
   1.2541395e+00   0.0000000e+00   9.8693118e-02   9.0130688e-01
   1.2538745e+00   0.0000000e+00   9.8859711e-02   9.0114029e-01
   1.2545169e+00   0.0000000e+00   9.8372613e-02   9.0162739e-01
   1.2542050e+00   0.0000000e+00   9.8497995e-02   9.0150200e-01
   1.2537985e+00   0.0000000e+00   9.8650712e-02   9.0134929e-01
   1.2538431e+00   0.0000000e+00   9.8843562e-02   9.0115644e-01
   1.2539950e+00   0.0000000e+00   9.8569956e-02   9.0143004e-01
   1.2540806e+00   0.0000000e+00   9.8567206e-02   9.0143279e-01
   1.2535689e+00   0.0000000e+00   9.8689128e-02   9.0131087e-01
   1.2542044e+00   0.0000000e+00   9.8483617e-02   9.0151638e-01
   1.2556725e+00   0.0000000e+00   9.8001634e-02   9.0199837e-01
   1.2550006e+00   0.0000000e+00   9.8472450e-02   9.0152755e-01
   1.2550426e+00   0.0000000e+00   9.7863470e-02   9.0213653e-01
   1.2544518e+00   0.0000000e+00   9.8589285e-02   9.0141071e-01
   1.2546874e+00   0.0000000e+00   9.8468006e-02   9.0153199e-01
   1.2545629e+00   0.0000000e+00   9.8009156e-02   9.0199084e-01
   1.2541085e+00   0.0000000e+00   9.8612065e-02   9.0138793e-01
   1.2538474e+00   0.0000000e+00   9.8933054e-02   9.0106695e-01
   1.2536518e+00   0.0000000e+00   9.8512022e-02   9.0148798e-01
   1.2542849e+00   0.0000000e+00   9.8607376e-02   9.0139262e-01
   1.2538620e+00   0.0000000e+00   9.8880896e-02   9.0111910e-01
   1.2533347e+00   0.0000000e+00   9.9101662e-02   9.0089834e-01
   1.2543987e+00   0.0000000e+00   9.8548825e-02   9.0145118e-01
   1.2540639e+00   0.0000000e+00   9.8490304e-02   9.0150970e-01
   1.2543041e+00   0.0000000e+00   9.8275576e-02   9.0172442e-01
   1.2532311e+00   0.0000000e+00   9.9051749e-02   9.0094825e-01
   1.2544508e+00   0.0000000e+00   9.8373911e-02   9.0162609e-01
   1.2523074e+00   0.0000000e+00   9.9361910e-02   9.0063809e-01
   1.2545405e+00   0.0000000e+00   9.8118167e-02   9.0188183e-01
   1.2559977e+00   0.0000000e+00   9.7892008e-02   9.0210799e-01
   1.2543211e+00   0.0000000e+00   9.8374070e-02   9.0162593e-01
   1.2557636e+00   0.0000000e+00   9.8235372e-02   9.0176463e-01
   1.2541606e+00   0.0000000e+00   9.8349477e-02   9.0165052e-01
   1.2544141e+00   0.0000000e+00   9.8347227e-02   9.0165277e-01
   1.2550173e+00   0.0000000e+00   9.8604621e-02   9.0139538e-01
   1.2547191e+00   0.0000000e+00   9.8365660e-02   9.0163434e-01
   1.2550171e+00   0.0000000e+00   9.8487173e-02   9.0151283e-01
   1.2560624e+00   0.0000000e+00   9.6969711e-02   9.0303029e-01
   1.2553814e+00   0.0000000e+00   9.8316946e-02   9.0168305e-01
   1.2546323e+00   0.0000000e+00   9.8516098e-02   9.0148390e-01
   1.2541574e+00   0.0000000e+00   9.8359451e-02   9.0164055e-01
   1.2533821e+00   0.0000000e+00   9.8713777e-02   9.0128622e-01
   1.2573367e+00   0.0000000e+00   9.7243397e-02   9.0275660e-01
   1.2525703e+00   0.0000000e+00   9.9473435e-02   9.0052656e-01
   1.2546571e+00   0.0000000e+00   9.8141664e-02   9.0185834e-01
   1.2550312e+00   0.0000000e+00   9.7764031e-02   9.0223597e-01
   1.2533811e+00   0.0000000e+00   9.8184032e-02   9.0181597e-01
   1.2542705e+00   0.0000000e+00   9.8228266e-02   9.0177173e-01
   1.2532960e+00   0.0000000e+00   9.8350373e-02   9.0164963e-01
   1.2544059e+00   0.0000000e+00   9.8767628e-02   9.0123237e-01
   1.2543361e+00   0.0000000e+00   9.8070704e-02   9.0192930e-01
   1.2545376e+00   0.0000000e+00   9.9248676e-02   9.0075132e-01
   1.2550624e+00   0.0000000e+00   9.8048414e-02   9.0195159e-01
   1.2571412e+00   0.0000000e+00   9.7773137e-02   9.0222686e-01
   1.2546683e+00   0.0000000e+00   9.8020203e-02   9.0197980e-01
   1.2549015e+00   0.0000000e+00   9.7917487e-02   9.0208251e-01
   1.2550399e+00   0.0000000e+00   9.8401828e-02   9.0159817e-01
   1.2539350e+00   0.0000000e+00   9.8588252e-02   9.0141175e-01
   1.2546620e+00   0.0000000e+00   9.7773007e-02   9.0222699e-01
   1.2556060e+00   0.0000000e+00   9.8072977e-02   9.0192702e-01
   1.2545045e+00   0.0000000e+00   9.8274991e-02   9.0172501e-01
   1.2547716e+00   0.0000000e+00   9.8226830e-02   9.0177317e-01
   1.2546339e+00   0.0000000e+00   9.7979362e-02   9.0202064e-01
   1.2525333e+00   0.0000000e+00   9.8975558e-02   9.0102444e-01
   1.2560145e+00   0.0000000e+00   9.8243140e-02   9.0175686e-01
   1.2550059e+00   0.0000000e+00   9.7853830e-02   9.0214617e-01
   1.2551018e+00   0.0000000e+00   9.8031284e-02   9.0196872e-01
   1.2549940e+00   0.0000000e+00   9.7748749e-02   9.0225125e-01
   1.2557269e+00   0.0000000e+00   9.7337943e-02   9.0266206e-01
   1.2561575e+00   0.0000000e+00   9.7818504e-02   9.0218150e-01
   1.2563240e+00   0.0000000e+00   9.6845024e-02   9.0315498e-01
   1.2536851e+00   0.0000000e+00   9.7455435e-02   9.0254457e-01
   1.2550207e+00   0.0000000e+00   9.8008241e-02   9.0199176e-01
   1.2551578e+00   0.0000000e+00   9.7721577e-02   9.0227842e-01
   1.2549608e+00   0.0000000e+00   9.7675205e-02   9.0232479e-01
   1.2551698e+00   0.0000000e+00   9.8107859e-02   9.0189214e-01
   1.2546228e+00   0.0000000e+00   9.7712479e-02   9.0228752e-01
   1.2523460e+00   0.0000000e+00   9.8187186e-02   9.0181281e-01
   1.2550968e+00   0.0000000e+00   9.7470940e-02   9.0252906e-01
   1.2541511e+00   0.0000000e+00   9.7130611e-02   9.0286939e-01
   1.2546769e+00   0.0000000e+00   9.9045402e-02   9.0095460e-01
   1.2557526e+00   0.0000000e+00   9.7343321e-02   9.0265668e-01
   1.2539663e+00   0.0000000e+00   1.0031933e-01   8.9968067e-01
   1.2550861e+00   0.0000000e+00   9.7546847e-02   9.0245315e-01
   1.2553043e+00   0.0000000e+00   9.7739957e-02   9.0226004e-01
   1.2562449e+00   0.0000000e+00   9.6064573e-02   9.0393543e-01
   1.2553941e+00   0.0000000e+00   9.7285888e-02   9.0271411e-01
   1.2502525e+00   0.0000000e+00   9.9899719e-02   9.0010028e-01
   1.2573143e+00   0.0000000e+00   9.7802472e-02   9.0219753e-01
   1.2526976e+00   0.0000000e+00   9.7666154e-02   9.0233385e-01
   1.2554340e+00   0.0000000e+00   9.7701610e-02   9.0229839e-01
   1.2579407e+00   0.0000000e+00   9.6998188e-02   9.0300181e-01
   1.2553902e+00   0.0000000e+00   9.7356448e-02   9.0264355e-01
   1.2552717e+00   0.0000000e+00   9.7198319e-02   9.0280168e-01
   1.2564678e+00   0.0000000e+00   9.6820494e-02   9.0317951e-01
   1.2557454e+00   0.0000000e+00   9.7279913e-02   9.0272009e-01
   1.2560002e+00   0.0000000e+00   9.7017982e-02   9.0298202e-01
   1.2548636e+00   0.0000000e+00   1.0000495e-01   8.9999505e-01
   1.2554604e+00   0.0000000e+00   9.8589662e-02   9.0141034e-01
   1.2559425e+00   0.0000000e+00   9.6796930e-02   9.0320307e-01
   1.2558903e+00   0.0000000e+00   9.7758470e-02   9.0224153e-01
   1.2557009e+00   0.0000000e+00   9.7356060e-02   9.0264394e-01
   1.2558755e+00   0.0000000e+00   9.6982618e-02   9.0301738e-01
   1.2536673e+00   0.0000000e+00   9.8103235e-02   9.0189677e-01
   1.2563335e+00   0.0000000e+00   9.6448043e-02   9.0355196e-01
   1.2498696e+00   0.0000000e+00   9.8276504e-02   9.0172350e-01
   1.2556644e+00   0.0000000e+00   9.7589017e-02   9.0241098e-01
   1.2542177e+00   0.0000000e+00   9.6193326e-02   9.0380667e-01
   1.2565856e+00   0.0000000e+00   9.6459422e-02   9.0354058e-01
   1.2572670e+00   0.0000000e+00   9.5787660e-02   9.0421234e-01
   1.2536432e+00   0.0000000e+00   9.7642557e-02   9.0235744e-01
   1.2562224e+00   0.0000000e+00   9.6172415e-02   9.0382759e-01
   1.2555645e+00   0.0000000e+00   9.8229514e-02   9.0177049e-01
   1.2557072e+00   0.0000000e+00   9.7133427e-02   9.0286657e-01
   1.2572350e+00   0.0000000e+00   9.6179480e-02   9.0382052e-01
   1.2562826e+00   0.0000000e+00   9.6412739e-02   9.0358726e-01
   1.2565584e+00   0.0000000e+00   9.6313932e-02   9.0368607e-01
   1.2592980e+00   0.0000000e+00   9.7569586e-02   9.0243041e-01
   1.2558509e+00   0.0000000e+00   9.6908743e-02   9.0309126e-01
   1.2565820e+00   0.0000000e+00   9.6301484e-02   9.0369852e-01
   1.2563352e+00   0.0000000e+00   9.6475486e-02   9.0352451e-01
   1.2562033e+00   0.0000000e+00   9.6185607e-02   9.0381439e-01
   1.2613242e+00   0.0000000e+00   9.4360619e-02   9.0563938e-01
   1.2548665e+00   0.0000000e+00   9.6849746e-02   9.0315025e-01
   1.2554950e+00   0.0000000e+00   9.7381603e-02   9.0261840e-01
   1.2556680e+00   0.0000000e+00   9.6159660e-02   9.0384034e-01
   1.2572084e+00   0.0000000e+00   9.7356465e-02   9.0264354e-01
   1.2560181e+00   0.0000000e+00   9.6911981e-02   9.0308802e-01
   1.2553891e+00   0.0000000e+00   9.6834986e-02   9.0316501e-01
   1.2572376e+00   0.0000000e+00   9.5019057e-02   9.0498094e-01
   1.2577327e+00   0.0000000e+00   9.5348232e-02   9.0465177e-01
   1.2571168e+00   0.0000000e+00   9.5001210e-02   9.0499879e-01
   1.2627107e+00   0.0000000e+00   9.5312706e-02   9.0468729e-01
   1.2583149e+00   0.0000000e+00   9.7328718e-02   9.0267128e-01
   1.2535704e+00   0.0000000e+00   9.8601093e-02   9.0139891e-01
   1.2507152e+00   0.0000000e+00   9.9981752e-02   9.0001825e-01
   1.2566845e+00   0.0000000e+00   9.5175429e-02   9.0482457e-01
   1.2582275e+00   0.0000000e+00   9.4780789e-02   9.0521921e-01
   1.2584853e+00   0.0000000e+00   9.4632265e-02   9.0536774e-01
   1.2576776e+00   0.0000000e+00   9.4738439e-02   9.0526156e-01
   1.2575466e+00   0.0000000e+00   9.4699647e-02   9.0530035e-01
   1.2556425e+00   0.0000000e+00   9.6953010e-02   9.0304699e-01
   1.2552781e+00   0.0000000e+00   9.7432340e-02   9.0256766e-01
   1.2579860e+00   0.0000000e+00   9.7119903e-02   9.0288010e-01
   1.2572596e+00   0.0000000e+00   9.4478181e-02   9.0552182e-01
   1.2549627e+00   0.0000000e+00   9.9024095e-02   9.0097590e-01
   1.2596227e+00   0.0000000e+00   9.7190706e-02   9.0280929e-01
   1.2575501e+00   0.0000000e+00   9.5270720e-02   9.0472928e-01
   1.2615017e+00   0.0000000e+00   9.6087827e-02   9.0391217e-01
   1.2570437e+00   0.0000000e+00   9.4470334e-02   9.0552967e-01
   1.2574717e+00   0.0000000e+00   9.7591267e-02   9.0240873e-01
   1.2554558e+00   0.0000000e+00   9.5756371e-02   9.0424363e-01
   1.2571852e+00   0.0000000e+00   9.3482124e-02   9.0651788e-01
   1.2588942e+00   0.0000000e+00   9.4464575e-02   9.0553542e-01
   1.2589077e+00   0.0000000e+00   9.3259550e-02   9.0674045e-01
   1.2565602e+00   0.0000000e+00   9.6276093e-02   9.0372391e-01
   1.2597224e+00   0.0000000e+00   9.2513895e-02   9.0748611e-01
   1.2589574e+00   0.0000000e+00   9.2312652e-02   9.0768735e-01
   1.2548485e+00   0.0000000e+00   9.5679819e-02   9.0432018e-01
   1.2600317e+00   0.0000000e+00   9.1920024e-02   9.0807998e-01
   1.2583427e+00   0.0000000e+00   9.3507277e-02   9.0649272e-01
   1.2594372e+00   0.0000000e+00   9.2687335e-02   9.0731266e-01
   1.2549713e+00   0.0000000e+00   9.6853173e-02   9.0314683e-01
   1.2555962e+00   0.0000000e+00   9.4946781e-02   9.0505322e-01
   1.2604661e+00   0.0000000e+00   9.3281494e-02   9.0671851e-01
   1.2590366e+00   0.0000000e+00   9.1802873e-02   9.0819713e-01
   1.2573104e+00   0.0000000e+00   9.8065769e-02   9.0193423e-01
   1.2599069e+00   0.0000000e+00   9.1855181e-02   9.0814482e-01
   1.2585935e+00   0.0000000e+00   9.5268430e-02   9.0473157e-01
   1.2610686e+00   0.0000000e+00   9.0767468e-02   9.0923253e-01
   1.2612799e+00   0.0000000e+00   9.5188764e-02   9.0481124e-01
   1.2607158e+00   0.0000000e+00   9.1567240e-02   9.0843276e-01
   1.2580073e+00   0.0000000e+00   9.7344532e-02   9.0265547e-01
   1.2579302e+00   0.0000000e+00   9.9765486e-02   9.0023451e-01
   1.2605348e+00   0.0000000e+00   9.3387679e-02   9.0661232e-01
   1.2550118e+00   0.0000000e+00   9.1558884e-02   9.0844112e-01
   1.2599755e+00   0.0000000e+00   9.2827765e-02   9.0717223e-01
   1.2563560e+00   0.0000000e+00   9.1152089e-02   9.0884791e-01
   1.2592182e+00   0.0000000e+00   9.1575895e-02   9.0842410e-01
   1.2573479e+00   0.0000000e+00   9.1147262e-02   9.0885274e-01
   1.2566145e+00   0.0000000e+00   9.2386984e-02   9.0761302e-01
   1.2627054e+00   0.0000000e+00   9.1224921e-02   9.0877508e-01
   1.2574032e+00   0.0000000e+00   9.1269271e-02   9.0873073e-01
   1.2536121e+00   0.0000000e+00   9.5058090e-02   9.0494191e-01
   1.2640033e+00   0.0000000e+00   9.1920028e-02   9.0807997e-01
   1.2595269e+00   0.0000000e+00   9.1476628e-02   9.0852337e-01
   1.2503499e+00   0.0000000e+00   9.6876445e-02   9.0312356e-01
   1.2667312e+00   0.0000000e+00   9.0231242e-02   9.0976876e-01
   1.2517553e+00   0.0000000e+00   9.4708264e-02   9.0529174e-01
   1.2536065e+00   0.0000000e+00   9.5322776e-02   9.0467722e-01
   1.2566641e+00   0.0000000e+00   9.1535537e-02   9.0846446e-01
   1.2539255e+00   0.0000000e+00   1.0106545e-01   8.9893455e-01
   1.2591482e+00   0.0000000e+00   8.9896661e-02   9.1010334e-01
   1.2617972e+00   0.0000000e+00   9.0331389e-02   9.0966861e-01
   1.2590457e+00   0.0000000e+00   9.2329463e-02   9.0767054e-01
   1.2578218e+00   0.0000000e+00   9.1171337e-02   9.0882866e-01
   1.2596330e+00   0.0000000e+00   9.0230471e-02   9.0976953e-01
   1.2628007e+00   0.0000000e+00   9.0112427e-02   9.0988757e-01
   1.2597781e+00   0.0000000e+00   9.0310354e-02   9.0968965e-01
   1.2589967e+00   0.0000000e+00   9.2245044e-02   9.0775496e-01
   1.2591813e+00   0.0000000e+00   8.9913593e-02   9.1008641e-01
   1.2585472e+00   0.0000000e+00   8.9801777e-02   9.1019822e-01
   1.2640551e+00   0.0000000e+00   8.9528764e-02   9.1047124e-01
   1.2589101e+00   0.0000000e+00   8.9558487e-02   9.1044151e-01
   1.2595156e+00   0.0000000e+00   8.9973462e-02   9.1002654e-01
   1.2644957e+00   0.0000000e+00   8.9945553e-02   9.1005445e-01
   1.2609286e+00   0.0000000e+00   8.9442011e-02   9.1055799e-01
   1.2584984e+00   0.0000000e+00   8.9652061e-02   9.1034794e-01
   1.2574451e+00   0.0000000e+00   8.9935420e-02   9.1006458e-01
   1.2633183e+00   0.0000000e+00   8.9380836e-02   9.1061916e-01
   1.2625873e+00   0.0000000e+00   8.9221598e-02   9.1077840e-01
   1.2573914e+00   0.0000000e+00   8.9742216e-02   9.1025778e-01
   1.2615308e+00   0.0000000e+00   8.9847595e-02   9.1015240e-01
   1.2638808e+00   0.0000000e+00   8.8586736e-02   9.1141326e-01
   1.2670875e+00   0.0000000e+00   8.9228239e-02   9.1077176e-01
   1.2613819e+00   0.0000000e+00   8.8885526e-02   9.1111447e-01
   1.2599639e+00   0.0000000e+00   8.9689937e-02   9.1031006e-01
   1.2632286e+00   0.0000000e+00   8.8993009e-02   9.1100699e-01
   1.2616564e+00   0.0000000e+00   8.9062884e-02   9.1093712e-01
   1.2588527e+00   0.0000000e+00   8.9101844e-02   9.1089816e-01
   1.2613087e+00   0.0000000e+00   9.0164110e-02   9.0983589e-01
   1.2600604e+00   0.0000000e+00   9.0317461e-02   9.0968254e-01
   1.2596482e+00   0.0000000e+00   8.9408100e-02   9.1059190e-01
   1.2597292e+00   0.0000000e+00   8.9714910e-02   9.1028509e-01
   1.2603892e+00   0.0000000e+00   8.8931724e-02   9.1106828e-01
   1.2592735e+00   0.0000000e+00   8.8861576e-02   9.1113842e-01
   1.2618434e+00   0.0000000e+00   8.8730793e-02   9.1126921e-01
   1.2616338e+00   0.0000000e+00   8.9360977e-02   9.1063902e-01
   1.2603306e+00   0.0000000e+00   9.0584237e-02   9.0941576e-01
   1.2599563e+00   0.0000000e+00   8.8725935e-02   9.1127406e-01
   1.2541317e+00   0.0000000e+00   8.9593421e-02   9.1040658e-01
   1.2609354e+00   0.0000000e+00   8.9134857e-02   9.1086514e-01
   1.2598244e+00   0.0000000e+00   8.9422500e-02   9.1057750e-01
   1.2596997e+00   0.0000000e+00   8.9233404e-02   9.1076660e-01
   1.2608983e+00   0.0000000e+00   8.8730596e-02   9.1126940e-01
   1.2595833e+00   0.0000000e+00   8.8801983e-02   9.1119802e-01
   1.2607213e+00   0.0000000e+00   8.8840022e-02   9.1115998e-01
   1.2624868e+00   0.0000000e+00   8.9277246e-02   9.1072275e-01
   1.2577584e+00   0.0000000e+00   8.9122663e-02   9.1087734e-01
   1.2637903e+00   0.0000000e+00   8.8641263e-02   9.1135874e-01
   1.2610003e+00   0.0000000e+00   8.8778461e-02   9.1122154e-01
   1.2602154e+00   0.0000000e+00   8.8772806e-02   9.1122719e-01
   1.2589104e+00   0.0000000e+00   8.9666270e-02   9.1033373e-01
   1.2596617e+00   0.0000000e+00   8.8732856e-02   9.1126714e-01
   1.2666698e+00   0.0000000e+00   8.8886875e-02   9.1111312e-01
   1.2595418e+00   0.0000000e+00   8.9978653e-02   9.1002135e-01
   1.2591755e+00   0.0000000e+00   8.9136490e-02   9.1086351e-01
   1.2573094e+00   0.0000000e+00   8.9214606e-02   9.1078539e-01
   1.2619800e+00   0.0000000e+00   8.9031601e-02   9.1096840e-01
   1.2622756e+00   0.0000000e+00   8.9072728e-02   9.1092727e-01
   1.2601834e+00   0.0000000e+00   8.9592210e-02   9.1040779e-01
   1.2610873e+00   0.0000000e+00   8.8576599e-02   9.1142340e-01
   1.2627439e+00   0.0000000e+00   8.9096380e-02   9.1090362e-01
   1.2598388e+00   0.0000000e+00   9.0305035e-02   9.0969497e-01
   1.2581724e+00   0.0000000e+00   8.9512507e-02   9.1048749e-01
   1.2616634e+00   0.0000000e+00   8.8271582e-02   9.1172842e-01
   1.2603462e+00   0.0000000e+00   8.8659039e-02   9.1134096e-01
   1.2609967e+00   0.0000000e+00   8.8284256e-02   9.1171574e-01
   1.2610448e+00   0.0000000e+00   8.8613645e-02   9.1138636e-01
   1.2600060e+00   0.0000000e+00   8.8786460e-02   9.1121354e-01
   1.2584104e+00   0.0000000e+00   8.9259237e-02   9.1074076e-01
   1.2601927e+00   0.0000000e+00   8.8509230e-02   9.1149077e-01
   1.2626721e+00   0.0000000e+00   8.8362343e-02   9.1163766e-01
   1.2613954e+00   0.0000000e+00   8.8701151e-02   9.1129885e-01
   1.2552608e+00   0.0000000e+00   8.9359787e-02   9.1064021e-01
   1.2614722e+00   0.0000000e+00   8.8576247e-02   9.1142375e-01
   1.2615860e+00   0.0000000e+00   8.8533988e-02   9.1146601e-01
   1.2599100e+00   0.0000000e+00   9.0522069e-02   9.0947793e-01
   1.2636055e+00   0.0000000e+00   8.8170897e-02   9.1182910e-01
   1.2599089e+00   0.0000000e+00   8.8923811e-02   9.1107619e-01
   1.2582801e+00   0.0000000e+00   8.8871811e-02   9.1112819e-01
   1.2615360e+00   0.0000000e+00   8.8454392e-02   9.1154561e-01
   1.2635071e+00   0.0000000e+00   8.8152942e-02   9.1184706e-01
   1.2600306e+00   0.0000000e+00   8.8634032e-02   9.1136597e-01
   1.2627403e+00   0.0000000e+00   8.9093845e-02   9.1090616e-01
   1.2635877e+00   0.0000000e+00   8.8276995e-02   9.1172301e-01
   1.2594484e+00   0.0000000e+00   8.8669528e-02   9.1133047e-01
   1.2601572e+00   0.0000000e+00   8.8652423e-02   9.1134758e-01
   1.2617608e+00   0.0000000e+00   8.8263989e-02   9.1173601e-01
   1.2616278e+00   0.0000000e+00   8.8412168e-02   9.1158783e-01
   1.2583489e+00   0.0000000e+00   8.8859103e-02   9.1114090e-01
   1.2577358e+00   0.0000000e+00   8.8567968e-02   9.1143203e-01
   1.2581919e+00   0.0000000e+00   8.8489233e-02   9.1151077e-01
   1.2602378e+00   0.0000000e+00   8.8569884e-02   9.1143012e-01
   1.2617749e+00   0.0000000e+00   8.8581287e-02   9.1141871e-01
   1.2620811e+00   0.0000000e+00   8.8542323e-02   9.1145768e-01
   1.2610709e+00   0.0000000e+00   8.8546149e-02   9.1145385e-01
   1.2572181e+00   0.0000000e+00   8.8559472e-02   9.1144053e-01
   1.2605714e+00   0.0000000e+00   8.8521943e-02   9.1147806e-01
   1.2583764e+00   0.0000000e+00   8.8903761e-02   9.1109624e-01
   1.2546365e+00   0.0000000e+00   8.9648224e-02   9.1035178e-01
   1.2617455e+00   0.0000000e+00   8.8367085e-02   9.1163291e-01
   1.2593374e+00   0.0000000e+00   8.8596234e-02   9.1140377e-01
   1.2593196e+00   0.0000000e+00   8.8661014e-02   9.1133899e-01
   1.2600829e+00   0.0000000e+00   8.8879409e-02   9.1112059e-01
   1.2617758e+00   0.0000000e+00   8.8951029e-02   9.1104897e-01
   1.2602277e+00   0.0000000e+00   8.8362380e-02   9.1163762e-01
   1.2613986e+00   0.0000000e+00   8.8976756e-02   9.1102324e-01
   1.2580930e+00   0.0000000e+00   8.8835927e-02   9.1116407e-01
   1.2621461e+00   0.0000000e+00   8.8472253e-02   9.1152775e-01
   1.2579160e+00   0.0000000e+00   8.8826332e-02   9.1117367e-01
   1.2597258e+00   0.0000000e+00   8.8843502e-02   9.1115650e-01
   1.2628937e+00   0.0000000e+00   8.8066756e-02   9.1193324e-01
   1.2601233e+00   0.0000000e+00   8.8574207e-02   9.1142579e-01
   1.2577686e+00   0.0000000e+00   8.9035383e-02   9.1096462e-01
   1.2589117e+00   0.0000000e+00   8.8859135e-02   9.1114087e-01
   1.2600308e+00   0.0000000e+00   8.8710201e-02   9.1128980e-01
   1.2585198e+00   0.0000000e+00   8.8735375e-02   9.1126463e-01
   1.2563222e+00   0.0000000e+00   8.8286413e-02   9.1171359e-01
   1.2574708e+00   0.0000000e+00   8.8813688e-02   9.1118631e-01
   1.2654620e+00   0.0000000e+00   8.8070707e-02   9.1192929e-01
   1.2684321e+00   0.0000000e+00   8.7722912e-02   9.1227709e-01
   1.2604543e+00   0.0000000e+00   8.8654709e-02   9.1134529e-01
   1.2584610e+00   0.0000000e+00   8.8751300e-02   9.1124870e-01
   1.2592590e+00   0.0000000e+00   8.8839134e-02   9.1116087e-01
   1.2581442e+00   0.0000000e+00   8.8918183e-02   9.1108182e-01
   1.2589757e+00   0.0000000e+00   8.8659378e-02   9.1134062e-01
   1.2640481e+00   0.0000000e+00   8.8471770e-02   9.1152823e-01
   1.2572494e+00   0.0000000e+00   8.8751868e-02   9.1124813e-01
   1.2595080e+00   0.0000000e+00   8.8957022e-02   9.1104298e-01
   1.2627676e+00   0.0000000e+00   8.8797835e-02   9.1120217e-01
   1.2625728e+00   0.0000000e+00   8.8176057e-02   9.1182394e-01
   1.2598707e+00   0.0000000e+00   8.8094259e-02   9.1190574e-01
   1.2582561e+00   0.0000000e+00   8.8783870e-02   9.1121613e-01
   1.2583630e+00   0.0000000e+00   8.8825761e-02   9.1117424e-01
   1.2579340e+00   0.0000000e+00   8.8854607e-02   9.1114539e-01
   1.2578417e+00   0.0000000e+00   8.8446924e-02   9.1155308e-01
   1.2548112e+00   0.0000000e+00   8.9065308e-02   9.1093469e-01
   1.2611163e+00   0.0000000e+00   8.8590303e-02   9.1140970e-01
   1.2646382e+00   0.0000000e+00   8.7588804e-02   9.1241120e-01
   1.2586301e+00   0.0000000e+00   8.8761728e-02   9.1123827e-01
   1.2497952e+00   0.0000000e+00   9.0038766e-02   9.0996123e-01
   1.2576545e+00   0.0000000e+00   8.8831146e-02   9.1116885e-01
   1.2592225e+00   0.0000000e+00   8.8433443e-02   9.1156656e-01
   1.2621133e+00   0.0000000e+00   8.9418192e-02   9.1058181e-01
   1.2591434e+00   0.0000000e+00   8.9291484e-02   9.1070852e-01
   1.2579787e+00   0.0000000e+00   8.9078823e-02   9.1092118e-01
   1.2680159e+00   0.0000000e+00   8.7623030e-02   9.1237697e-01
   1.2492320e+00   0.0000000e+00   8.9939698e-02   9.1006030e-01
   1.2537187e+00   0.0000000e+00   8.9143387e-02   9.1085661e-01
   1.2593966e+00   0.0000000e+00   8.8906788e-02   9.1109321e-01
   1.2546655e+00   0.0000000e+00   8.9411970e-02   9.1058803e-01
   1.2591886e+00   0.0000000e+00   8.8607445e-02   9.1139256e-01
   1.2574793e+00   0.0000000e+00   8.9288680e-02   9.1071132e-01
   1.2525190e+00   0.0000000e+00   8.9756769e-02   9.1024323e-01
   1.2586422e+00   0.0000000e+00   8.8892078e-02   9.1110792e-01
   1.2604805e+00   0.0000000e+00   8.8113604e-02   9.1188640e-01
   1.2558289e+00   0.0000000e+00   8.8526915e-02   9.1147308e-01
   1.2593893e+00   0.0000000e+00   8.8970747e-02   9.1102925e-01
   1.2566073e+00   0.0000000e+00   8.9145444e-02   9.1085456e-01
   1.2556810e+00   0.0000000e+00   8.9215301e-02   9.1078470e-01
   1.2580091e+00   0.0000000e+00   8.8846389e-02   9.1115361e-01
   1.2631290e+00   0.0000000e+00   8.8621748e-02   9.1137825e-01
   1.2580509e+00   0.0000000e+00   8.8902112e-02   9.1109789e-01
   1.2580352e+00   0.0000000e+00   8.8835670e-02   9.1116433e-01
   1.2574390e+00   0.0000000e+00   8.9078132e-02   9.1092187e-01
   1.2568904e+00   0.0000000e+00   8.8990370e-02   9.1100963e-01
   1.2585840e+00   0.0000000e+00   8.8837563e-02   9.1116244e-01
   1.2638973e+00   0.0000000e+00   8.8029347e-02   9.1197065e-01
   1.2551699e+00   0.0000000e+00   8.8991523e-02   9.1100848e-01
   1.2585454e+00   0.0000000e+00   8.8793857e-02   9.1120614e-01
   1.2581141e+00   0.0000000e+00   8.9083877e-02   9.1091612e-01
   1.2579128e+00   0.0000000e+00   8.8679575e-02   9.1132043e-01
   1.2637101e+00   0.0000000e+00   8.8023805e-02   9.1197619e-01
   1.2602266e+00   0.0000000e+00   8.8968109e-02   9.1103189e-01
   1.2597026e+00   0.0000000e+00   8.8427958e-02   9.1157204e-01
   1.2606198e+00   0.0000000e+00   8.7809443e-02   9.1219056e-01
   1.2566394e+00   0.0000000e+00   8.8463755e-02   9.1153625e-01
   1.2580642e+00   0.0000000e+00   8.8779708e-02   9.1122029e-01
   1.2596625e+00   0.0000000e+00   8.8738949e-02   9.1126105e-01
   1.2582066e+00   0.0000000e+00   8.8670595e-02   9.1132940e-01
   1.2505801e+00   0.0000000e+00   8.9361577e-02   9.1063842e-01
   1.2582876e+00   0.0000000e+00   8.9003839e-02   9.1099616e-01
   1.2566951e+00   0.0000000e+00   8.9135906e-02   9.1086409e-01
   1.2641463e+00   0.0000000e+00   8.7502371e-02   9.1249763e-01
   1.2586080e+00   0.0000000e+00   8.8414615e-02   9.1158538e-01
   1.2655501e+00   0.0000000e+00   8.7799280e-02   9.1220072e-01
   1.2602789e+00   0.0000000e+00   8.9550271e-02   9.1044973e-01
   1.2590302e+00   0.0000000e+00   8.9097743e-02   9.1090226e-01
   1.2634975e+00   0.0000000e+00   8.8417993e-02   9.1158201e-01
   1.2586763e+00   0.0000000e+00   8.8780179e-02   9.1121982e-01
   1.2578621e+00   0.0000000e+00   8.8935087e-02   9.1106491e-01
   1.2616182e+00   0.0000000e+00   8.8381773e-02   9.1161823e-01
   1.2542046e+00   0.0000000e+00   8.9190702e-02   9.1080930e-01
   1.2611461e+00   0.0000000e+00   8.8561593e-02   9.1143841e-01
   1.2617033e+00   0.0000000e+00   8.8706237e-02   9.1129376e-01
   1.2588816e+00   0.0000000e+00   8.8448929e-02   9.1155107e-01
   1.2597230e+00   0.0000000e+00   8.8764791e-02   9.1123521e-01
   1.2596730e+00   0.0000000e+00   8.9640021e-02   9.1035998e-01
   1.2584359e+00   0.0000000e+00   8.9125135e-02   9.1087486e-01
   1.2563889e+00   0.0000000e+00   8.9217150e-02   9.1078285e-01
   1.2570737e+00   0.0000000e+00   8.9155033e-02   9.1084497e-01
   1.2524851e+00   0.0000000e+00   8.8462530e-02   9.1153747e-01
   1.2579388e+00   0.0000000e+00   8.8984713e-02   9.1101529e-01
   1.2599769e+00   0.0000000e+00   8.8969806e-02   9.1103019e-01
   1.2574067e+00   0.0000000e+00   8.8928517e-02   9.1107148e-01
   1.2557721e+00   0.0000000e+00   8.9093123e-02   9.1090688e-01
   1.2679771e+00   0.0000000e+00   8.8170119e-02   9.1182988e-01
   1.2552291e+00   0.0000000e+00   8.8902480e-02   9.1109752e-01
   1.2619689e+00   0.0000000e+00   8.8922374e-02   9.1107763e-01
   1.2575408e+00   0.0000000e+00   8.8952088e-02   9.1104791e-01
   1.2594653e+00   0.0000000e+00   8.8455746e-02   9.1154425e-01
   1.2638129e+00   0.0000000e+00   8.8097815e-02   9.1190219e-01
   1.2554726e+00   0.0000000e+00   8.8801618e-02   9.1119838e-01
   1.2600514e+00   0.0000000e+00   8.8881551e-02   9.1111845e-01
   1.2658899e+00   0.0000000e+00   8.8743269e-02   9.1125673e-01
   1.2630087e+00   0.0000000e+00   8.8551902e-02   9.1144810e-01
   1.2599339e+00   0.0000000e+00   8.9158991e-02   9.1084101e-01
   1.2486947e+00   0.0000000e+00   8.9531311e-02   9.1046869e-01
   1.2655031e+00   0.0000000e+00   8.8458708e-02   9.1154129e-01
   1.2577492e+00   0.0000000e+00   8.9327827e-02   9.1067217e-01
   1.2562048e+00   0.0000000e+00   8.9314684e-02   9.1068532e-01
   1.2608303e+00   0.0000000e+00   8.8856590e-02   9.1114341e-01
   1.2591364e+00   0.0000000e+00   8.9082670e-02   9.1091733e-01
   1.2649455e+00   0.0000000e+00   8.8568848e-02   9.1143115e-01
   1.2600120e+00   0.0000000e+00   8.8863877e-02   9.1113612e-01
   1.2578938e+00   0.0000000e+00   8.9242895e-02   9.1075710e-01
   1.2637377e+00   0.0000000e+00   9.0066163e-02   9.0993384e-01
   1.2527992e+00   0.0000000e+00   8.9502366e-02   9.1049763e-01
   1.2472351e+00   0.0000000e+00   8.9522429e-02   9.1047757e-01
   1.2685505e+00   0.0000000e+00   8.8111133e-02   9.1188887e-01
   1.2626867e+00   0.0000000e+00   8.8963347e-02   9.1103665e-01
   1.2589421e+00   0.0000000e+00   8.9366650e-02   9.1063335e-01
   1.2677155e+00   0.0000000e+00   8.7239275e-02   9.1276073e-01
   1.2590816e+00   0.0000000e+00   8.9442985e-02   9.1055701e-01
   1.2529145e+00   0.0000000e+00   9.0559815e-02   9.0944019e-01
   1.2641266e+00   0.0000000e+00   8.8940508e-02   9.1105949e-01
   1.2665679e+00   0.0000000e+00   8.8710820e-02   9.1128918e-01
   1.2531620e+00   0.0000000e+00   8.9221480e-02   9.1077852e-01
   1.2668996e+00   0.0000000e+00   8.7374964e-02   9.1262504e-01
   1.2734532e+00   0.0000000e+00   8.6910440e-02   9.1308956e-01
   1.2590128e+00   0.0000000e+00   8.9427352e-02   9.1057265e-01
   1.2553485e+00   0.0000000e+00   8.8693494e-02   9.1130651e-01
   1.2552374e+00   0.0000000e+00   8.9697624e-02   9.1030238e-01
   1.2523916e+00   0.0000000e+00   9.0686045e-02   9.0931396e-01
   1.2558685e+00   0.0000000e+00   8.9443539e-02   9.1055646e-01
   1.2571006e+00   0.0000000e+00   8.9173298e-02   9.1082670e-01
   1.2588415e+00   0.0000000e+00   8.6908779e-02   9.1309122e-01
   1.2722340e+00   0.0000000e+00   8.7733008e-02   9.1226699e-01
   1.2580284e+00   0.0000000e+00   8.8973883e-02   9.1102612e-01
   1.2746431e+00   0.0000000e+00   8.6445517e-02   9.1355448e-01
   1.2581000e+00   0.0000000e+00   8.9600348e-02   9.1039965e-01
   1.2564012e+00   0.0000000e+00   8.9540709e-02   9.1045929e-01
   1.2564376e+00   0.0000000e+00   8.9325435e-02   9.1067457e-01
   1.2562553e+00   0.0000000e+00   8.9338171e-02   9.1066183e-01
   1.2590784e+00   0.0000000e+00   8.9057777e-02   9.1094222e-01
   1.2586528e+00   0.0000000e+00   8.9165302e-02   9.1083470e-01
   1.2618945e+00   0.0000000e+00   8.7181832e-02   9.1281817e-01
   1.2538113e+00   0.0000000e+00   8.9446654e-02   9.1055335e-01
   1.2627818e+00   0.0000000e+00   8.9148770e-02   9.1085123e-01
   1.2553424e+00   0.0000000e+00   8.9604942e-02   9.1039506e-01
   1.2597269e+00   0.0000000e+00   8.9497504e-02   9.1050250e-01
   1.2650036e+00   0.0000000e+00   8.8506308e-02   9.1149369e-01
   1.2757621e+00   0.0000000e+00   8.8191791e-02   9.1180821e-01
   1.2678446e+00   0.0000000e+00   8.8745658e-02   9.1125434e-01
   1.2554894e+00   0.0000000e+00   8.9082563e-02   9.1091744e-01
   1.2653052e+00   0.0000000e+00   8.9222180e-02   9.1077782e-01
   1.2621150e+00   0.0000000e+00   8.9273345e-02   9.1072665e-01
   1.2780663e+00   0.0000000e+00   8.7302325e-02   9.1269767e-01
   1.2689933e+00   0.0000000e+00   8.8643933e-02   9.1135607e-01
   1.2400043e+00   0.0000000e+00   8.9787937e-02   9.1021206e-01
   1.2593346e+00   0.0000000e+00   8.9508411e-02   9.1049159e-01
   1.2537355e+00   0.0000000e+00   8.8338604e-02   9.1166140e-01
   1.2428830e+00   0.0000000e+00   9.0446556e-02   9.0955344e-01
   1.2647724e+00   0.0000000e+00   8.8719960e-02   9.1128004e-01
   1.2409818e+00   0.0000000e+00   9.0549978e-02   9.0945002e-01
   1.2508796e+00   0.0000000e+00   8.8021317e-02   9.1197868e-01
   1.2582621e+00   0.0000000e+00   8.9233835e-02   9.1076617e-01
   1.2552488e+00   0.0000000e+00   8.9533724e-02   9.1046628e-01
   1.2566709e+00   0.0000000e+00   8.9809321e-02   9.1019068e-01
   1.2522838e+00   0.0000000e+00   8.9927188e-02   9.1007281e-01
   1.2561663e+00   0.0000000e+00   8.9644180e-02   9.1035582e-01
   1.2568909e+00   0.0000000e+00   8.8979373e-02   9.1102063e-01
   1.2546942e+00   0.0000000e+00   8.9429531e-02   9.1057047e-01
   1.2759690e+00   0.0000000e+00   8.8174218e-02   9.1182578e-01
   1.2475565e+00   0.0000000e+00   9.0460613e-02   9.0953939e-01
   1.2478399e+00   0.0000000e+00   8.9862342e-02   9.1013766e-01
   1.2512724e+00   0.0000000e+00   8.8935889e-02   9.1106411e-01
   1.2535751e+00   0.0000000e+00   8.9726371e-02   9.1027363e-01
   1.2538739e+00   0.0000000e+00   8.9867446e-02   9.1013255e-01
   1.2763455e+00   0.0000000e+00   8.8747760e-02   9.1125224e-01
   1.2547639e+00   0.0000000e+00   9.1744986e-02   9.0825501e-01
   1.2508010e+00   0.0000000e+00   9.0462150e-02   9.0953785e-01
   1.2625139e+00   0.0000000e+00   8.9706119e-02   9.1029388e-01
   1.2632203e+00   0.0000000e+00   8.9601744e-02   9.1039826e-01
   1.2418464e+00   0.0000000e+00   9.0321341e-02   9.0967866e-01
   1.2697993e+00   0.0000000e+00   8.8825180e-02   9.1117482e-01
   1.2599663e+00   0.0000000e+00   9.0066023e-02   9.0993398e-01
   1.2535814e+00   0.0000000e+00   8.9908130e-02   9.1009187e-01
   1.2574810e+00   0.0000000e+00   9.0103307e-02   9.0989669e-01
   1.2362722e+00   0.0000000e+00   9.0882303e-02   9.0911770e-01
   1.2594835e+00   0.0000000e+00   9.0134306e-02   9.0986569e-01
   1.2577188e+00   0.0000000e+00   8.9550203e-02   9.1044980e-01
   1.2515904e+00   0.0000000e+00   8.9767181e-02   9.1023282e-01
   1.2535918e+00   0.0000000e+00   9.0028866e-02   9.0997113e-01
   1.2528145e+00   0.0000000e+00   8.9641370e-02   9.1035863e-01
   1.2562889e+00   0.0000000e+00   9.0225672e-02   9.0977433e-01
   1.2651065e+00   0.0000000e+00   8.9454683e-02   9.1054532e-01
   1.2619629e+00   0.0000000e+00   8.9526374e-02   9.1047363e-01
   1.2543964e+00   0.0000000e+00   8.9712878e-02   9.1028712e-01
   1.2544574e+00   0.0000000e+00   8.9834266e-02   9.1016573e-01
   1.2602642e+00   0.0000000e+00   8.8302802e-02   9.1169720e-01
   1.2459136e+00   0.0000000e+00   8.9268909e-02   9.1073109e-01
   1.2530773e+00   0.0000000e+00   9.0357030e-02   9.0964297e-01
   1.2724874e+00   0.0000000e+00   8.8717206e-02   9.1128279e-01
   1.2802784e+00   0.0000000e+00   8.8747044e-02   9.1125296e-01
   1.2502299e+00   0.0000000e+00   8.9927018e-02   9.1007298e-01
   1.2670479e+00   0.0000000e+00   8.9451079e-02   9.1054892e-01
   1.2696479e+00   0.0000000e+00   8.8626414e-02   9.1137359e-01
   1.2379177e+00   0.0000000e+00   9.0415657e-02   9.0958434e-01
   1.2821590e+00   0.0000000e+00   8.7487009e-02   9.1251299e-01
   1.2708702e+00   0.0000000e+00   8.9312032e-02   9.1068797e-01
   1.2527085e+00   0.0000000e+00   8.9951261e-02   9.1004874e-01
   1.2495288e+00   0.0000000e+00   8.9736178e-02   9.1026382e-01
   1.2599437e+00   0.0000000e+00   9.0673779e-02   9.0932622e-01
   1.2619721e+00   0.0000000e+00   9.0612898e-02   9.0938710e-01
   1.2505630e+00   0.0000000e+00   8.9805361e-02   9.1019464e-01
   1.2615212e+00   0.0000000e+00   9.0709591e-02   9.0929041e-01
   1.2463971e+00   0.0000000e+00   8.9344451e-02   9.1065555e-01
   1.2515705e+00   0.0000000e+00   8.9747840e-02   9.1025216e-01
   1.2493404e+00   0.0000000e+00   8.8765929e-02   9.1123407e-01
   1.2478160e+00   0.0000000e+00   8.9067260e-02   9.1093274e-01
   1.2774040e+00   0.0000000e+00   8.9896150e-02   9.1010385e-01
   1.2386321e+00   0.0000000e+00   9.0096971e-02   9.0990303e-01
   1.2753965e+00   0.0000000e+00   8.9720881e-02   9.1027912e-01
   1.2415756e+00   0.0000000e+00   8.9580995e-02   9.1041901e-01
   1.2561295e+00   0.0000000e+00   8.7655958e-02   9.1234404e-01
   1.2361500e+00   0.0000000e+00   9.0821355e-02   9.0917864e-01
   1.2414869e+00   0.0000000e+00   8.9981714e-02   9.1001829e-01
   1.2548910e+00   0.0000000e+00   8.8750597e-02   9.1124940e-01
   1.2380324e+00   0.0000000e+00   9.0884384e-02   9.0911562e-01
   1.2837228e+00   0.0000000e+00   8.8501848e-02   9.1149815e-01
   1.2491286e+00   0.0000000e+00   8.9469732e-02   9.1053027e-01
   1.2631313e+00   0.0000000e+00   9.1291858e-02   9.0870814e-01
   1.2327727e+00   0.0000000e+00   9.2064954e-02   9.0793505e-01
   1.2397076e+00   0.0000000e+00   9.0253040e-02   9.0974696e-01
   1.2495302e+00   0.0000000e+00   8.9908548e-02   9.1009145e-01
   1.2468941e+00   0.0000000e+00   9.0838742e-02   9.0916126e-01
   1.2515362e+00   0.0000000e+00   8.9321006e-02   9.1067899e-01
   1.2249081e+00   0.0000000e+00   9.0382758e-02   9.0961724e-01
   1.2395396e+00   0.0000000e+00   9.0209255e-02   9.0979075e-01
   1.2467142e+00   0.0000000e+00   9.0144196e-02   9.0985580e-01
   1.2402344e+00   0.0000000e+00   8.9900639e-02   9.1009936e-01
   1.2460343e+00   0.0000000e+00   9.0067918e-02   9.0993208e-01
   1.2476217e+00   0.0000000e+00   9.0879003e-02   9.0912100e-01
   1.2360103e+00   0.0000000e+00   9.0713121e-02   9.0928688e-01
   1.2826342e+00   0.0000000e+00   8.9290116e-02   9.1070988e-01
   1.2517690e+00   0.0000000e+00   9.0110023e-02   9.0988998e-01
   1.2282365e+00   0.0000000e+00   9.0364381e-02   9.0963562e-01
   1.2435163e+00   0.0000000e+00   9.1565853e-02   9.0843415e-01
   1.2349081e+00   0.0000000e+00   9.0701670e-02   9.0929833e-01
   1.2295395e+00   0.0000000e+00   9.0182798e-02   9.0981720e-01
   1.2466700e+00   0.0000000e+00   8.9941854e-02   9.1005815e-01
   1.2214082e+00   0.0000000e+00   9.0717374e-02   9.0928263e-01
   1.2391858e+00   0.0000000e+00   9.1544106e-02   9.0845589e-01
   1.2381131e+00   0.0000000e+00   8.9480649e-02   9.1051935e-01
   1.2428586e+00   0.0000000e+00   9.0271766e-02   9.0972823e-01
   1.2882206e+00   0.0000000e+00   8.9139256e-02   9.1086074e-01
   1.2404009e+00   0.0000000e+00   9.0043822e-02   9.0995618e-01
   1.2470628e+00   0.0000000e+00   9.1195765e-02   9.0880424e-01
   1.2380611e+00   0.0000000e+00   9.0231390e-02   9.0976861e-01
   1.2331665e+00   0.0000000e+00   9.0236134e-02   9.0976387e-01
   1.2429870e+00   0.0000000e+00   9.0126316e-02   9.0987368e-01
   1.2637520e+00   0.0000000e+00   8.9989701e-02   9.1001030e-01
   1.2420523e+00   0.0000000e+00   9.0543292e-02   9.0945671e-01
