   1.0250625e-01   0.0000000e+00   9.2797111e-03   9.9072029e-01
   1.0250733e-01   0.0000000e+00   9.2830713e-03   9.9071693e-01
   1.0250813e-01   0.0000000e+00   9.2806798e-03   9.9071932e-01
   1.0250901e-01   0.0000000e+00   9.2806698e-03   9.9071933e-01
   1.0250997e-01   0.0000000e+00   9.2840282e-03   9.9071597e-01
   1.0251039e-01   0.0000000e+00   9.2792141e-03   9.9072079e-01
   1.0251187e-01   0.0000000e+00   9.2905805e-03   9.9070942e-01
   1.0251247e-01   0.0000000e+00   9.2845699e-03   9.9071543e-01
   1.0251299e-01   0.0000000e+00   9.2764234e-03   9.9072358e-01
   1.0251375e-01   0.0000000e+00   9.2781276e-03   9.9072187e-01
   1.0251401e-01   0.0000000e+00   9.2828913e-03   9.9071711e-01
   1.0251406e-01   0.0000000e+00   9.2866314e-03   9.9071337e-01
   1.0251437e-01   0.0000000e+00   9.2833087e-03   9.9071669e-01
   1.0251467e-01   0.0000000e+00   9.2897946e-03   9.9071021e-01
   1.0251490e-01   0.0000000e+00   9.2859823e-03   9.9071402e-01
   1.0251526e-01   0.0000000e+00   9.2864838e-03   9.9071352e-01
   1.0251627e-01   0.0000000e+00   9.2814537e-03   9.9071855e-01
   1.0251632e-01   0.0000000e+00   9.2785479e-03   9.9072145e-01
   1.0251660e-01   0.0000000e+00   9.2863045e-03   9.9071370e-01
   1.0251704e-01   0.0000000e+00   9.2811743e-03   9.9071883e-01
   1.0251794e-01   0.0000000e+00   9.2819297e-03   9.9071807e-01
   1.0251823e-01   0.0000000e+00   9.2785466e-03   9.9072145e-01
   1.0251957e-01   0.0000000e+00   9.2744365e-03   9.9072556e-01
   1.0251960e-01   0.0000000e+00   9.2853617e-03   9.9071464e-01
   1.0251978e-01   0.0000000e+00   9.2915451e-03   9.9070845e-01
   1.0251991e-01   0.0000000e+00   9.2850111e-03   9.9071499e-01
   1.0251994e-01   0.0000000e+00   9.2896090e-03   9.9071039e-01
   1.0251995e-01   0.0000000e+00   9.2883109e-03   9.9071169e-01
   1.0252013e-01   0.0000000e+00   9.2877774e-03   9.9071222e-01
   1.0252083e-01   0.0000000e+00   9.2759871e-03   9.9072401e-01
   1.0252105e-01   0.0000000e+00   9.2889715e-03   9.9071103e-01
   1.0252106e-01   0.0000000e+00   9.2899747e-03   9.9071003e-01
   1.0252225e-01   0.0000000e+00   9.2849250e-03   9.9071508e-01
   1.0252283e-01   0.0000000e+00   9.2895131e-03   9.9071049e-01
   1.0252294e-01   0.0000000e+00   9.2895067e-03   9.9071049e-01
   1.0252379e-01   0.0000000e+00   9.2771166e-03   9.9072288e-01
   1.0252556e-01   0.0000000e+00   9.2845969e-03   9.9071540e-01
   1.0252561e-01   0.0000000e+00   9.2843740e-03   9.9071563e-01
   1.0252615e-01   0.0000000e+00   9.2962880e-03   9.9070371e-01
   1.0252629e-01   0.0000000e+00   9.2786899e-03   9.9072131e-01
   1.0252639e-01   0.0000000e+00   9.2963831e-03   9.9070362e-01
   1.0252758e-01   0.0000000e+00   9.2893919e-03   9.9071061e-01
   1.0252791e-01   0.0000000e+00   9.2904554e-03   9.9070954e-01
   1.0252816e-01   0.0000000e+00   9.2995056e-03   9.9070049e-01
   1.0252858e-01   0.0000000e+00   9.2816889e-03   9.9071831e-01
   1.0252874e-01   0.0000000e+00   9.2942702e-03   9.9070573e-01
   1.0252898e-01   0.0000000e+00   9.2877498e-03   9.9071225e-01
   1.0252900e-01   0.0000000e+00   9.2942905e-03   9.9070571e-01
   1.0252958e-01   0.0000000e+00   9.2964912e-03   9.9070351e-01
   1.0252996e-01   0.0000000e+00   9.2880568e-03   9.9071194e-01
   1.0253024e-01   0.0000000e+00   9.2799393e-03   9.9072006e-01
   1.0253090e-01   0.0000000e+00   9.2889100e-03   9.9071109e-01
   1.0253137e-01   0.0000000e+00   9.2895707e-03   9.9071043e-01
   1.0253140e-01   0.0000000e+00   9.2819055e-03   9.9071809e-01
   1.0253159e-01   0.0000000e+00   9.2771985e-03   9.9072280e-01
   1.0253171e-01   0.0000000e+00   9.2914570e-03   9.9070854e-01
   1.0253211e-01   0.0000000e+00   9.2897448e-03   9.9071026e-01
   1.0253343e-01   0.0000000e+00   9.2949602e-03   9.9070504e-01
   1.0253402e-01   0.0000000e+00   9.2837634e-03   9.9071624e-01
   1.0253408e-01   0.0000000e+00   9.2852553e-03   9.9071474e-01
   1.0253568e-01   0.0000000e+00   9.2939985e-03   9.9070600e-01
   1.0253572e-01   0.0000000e+00   9.2887432e-03   9.9071126e-01
   1.0253587e-01   0.0000000e+00   9.2913749e-03   9.9070863e-01
   1.0253590e-01   0.0000000e+00   9.2978917e-03   9.9070211e-01
   1.0253598e-01   0.0000000e+00   9.2897794e-03   9.9071022e-01
   1.0253616e-01   0.0000000e+00   9.2953899e-03   9.9070461e-01
   1.0253704e-01   0.0000000e+00   9.2862556e-03   9.9071374e-01
   1.0253780e-01   0.0000000e+00   9.2841619e-03   9.9071584e-01
   1.0253798e-01   0.0000000e+00   9.3061011e-03   9.9069390e-01
   1.0253832e-01   0.0000000e+00   9.3066146e-03   9.9069339e-01
   1.0253847e-01   0.0000000e+00   9.2908764e-03   9.9070912e-01
   1.0253935e-01   0.0000000e+00   9.2778006e-03   9.9072220e-01
   1.0253941e-01   0.0000000e+00   9.3012982e-03   9.9069870e-01
   1.0253955e-01   0.0000000e+00   9.2845237e-03   9.9071548e-01
   1.0253961e-01   0.0000000e+00   9.3001687e-03   9.9069983e-01
   1.0254050e-01   0.0000000e+00   9.2857567e-03   9.9071424e-01
   1.0254174e-01   0.0000000e+00   9.3027913e-03   9.9069721e-01
   1.0254191e-01   0.0000000e+00   9.2791431e-03   9.9072086e-01
   1.0254201e-01   0.0000000e+00   9.2959925e-03   9.9070401e-01
   1.0254408e-01   0.0000000e+00   9.3032444e-03   9.9069676e-01
   1.0254476e-01   0.0000000e+00   9.3062431e-03   9.9069376e-01
   1.0254477e-01   0.0000000e+00   9.2784560e-03   9.9072154e-01
   1.0254481e-01   0.0000000e+00   9.2926011e-03   9.9070740e-01
   1.0254581e-01   0.0000000e+00   9.2916880e-03   9.9070831e-01
   1.0254645e-01   0.0000000e+00   9.2939176e-03   9.9070608e-01
   1.0254650e-01   0.0000000e+00   9.2939760e-03   9.9070602e-01
   1.0254704e-01   0.0000000e+00   9.2762496e-03   9.9072375e-01
   1.0254731e-01   0.0000000e+00   9.3002174e-03   9.9069978e-01
   1.0254826e-01   0.0000000e+00   9.2895742e-03   9.9071043e-01
   1.0254832e-01   0.0000000e+00   9.2894955e-03   9.9071050e-01
   1.0254846e-01   0.0000000e+00   9.2950082e-03   9.9070499e-01
   1.0254959e-01   0.0000000e+00   9.3051482e-03   9.9069485e-01
   1.0254984e-01   0.0000000e+00   9.3080534e-03   9.9069195e-01
   1.0255059e-01   0.0000000e+00   9.3042015e-03   9.9069580e-01
   1.0255118e-01   0.0000000e+00   9.2947134e-03   9.9070529e-01
   1.0255180e-01   0.0000000e+00   9.2966613e-03   9.9070334e-01
   1.0255212e-01   0.0000000e+00   9.2938554e-03   9.9070614e-01
   1.0255247e-01   0.0000000e+00   9.2893588e-03   9.9071064e-01
   1.0255299e-01   0.0000000e+00   9.3006550e-03   9.9069934e-01
   1.0255310e-01   0.0000000e+00   9.3084799e-03   9.9069152e-01
   1.0255365e-01   0.0000000e+00   9.3119333e-03   9.9068807e-01
   1.0255549e-01   0.0000000e+00   9.2918500e-03   9.9070815e-01
   1.0255636e-01   0.0000000e+00   9.2804970e-03   9.9071950e-01
   1.0255651e-01   0.0000000e+00   9.2931908e-03   9.9070681e-01
   1.0255741e-01   0.0000000e+00   9.3668553e-03   9.9063314e-01
   1.0255749e-01   0.0000000e+00   9.2982541e-03   9.9070175e-01
   1.0255908e-01   0.0000000e+00   9.2842806e-03   9.9071572e-01
   1.0256091e-01   0.0000000e+00   9.2957146e-03   9.9070429e-01
   1.0256096e-01   0.0000000e+00   9.3109652e-03   9.9068903e-01
   1.0256258e-01   0.0000000e+00   9.3029912e-03   9.9069701e-01
   1.0256281e-01   0.0000000e+00   9.2748787e-03   9.9072512e-01
   1.0256338e-01   0.0000000e+00   9.3062293e-03   9.9069377e-01
   1.0256354e-01   0.0000000e+00   9.3766442e-03   9.9062336e-01
   1.0256436e-01   0.0000000e+00   9.3026311e-03   9.9069737e-01
   1.0256518e-01   0.0000000e+00   9.3096982e-03   9.9069030e-01
   1.0256595e-01   0.0000000e+00   9.2990855e-03   9.9070091e-01
   1.0256649e-01   0.0000000e+00   9.3182785e-03   9.9068172e-01
   1.0256680e-01   0.0000000e+00   9.3195421e-03   9.9068046e-01
   1.0256826e-01   0.0000000e+00   9.3036397e-03   9.9069636e-01
   1.0257701e-01   0.0000000e+00   9.2726399e-03   9.9072736e-01
   1.0257753e-01   0.0000000e+00   9.2878583e-03   9.9071214e-01
   1.0257784e-01   0.0000000e+00   9.2826643e-03   9.9071734e-01
   1.0257866e-01   0.0000000e+00   9.3055956e-03   9.9069440e-01
   1.0257945e-01   0.0000000e+00   9.3049763e-03   9.9069502e-01
   1.0257959e-01   0.0000000e+00   9.3216795e-03   9.9067832e-01
   1.0258257e-01   0.0000000e+00   9.2992162e-03   9.9070078e-01
   1.0258308e-01   0.0000000e+00   9.3025392e-03   9.9069746e-01
   1.0258395e-01   0.0000000e+00   9.2974505e-03   9.9070255e-01
   1.0258438e-01   0.0000000e+00   9.3120188e-03   9.9068798e-01
   1.0258481e-01   0.0000000e+00   9.3075166e-03   9.9069248e-01
   1.0258538e-01   0.0000000e+00   9.2842206e-03   9.9071578e-01
   1.0258540e-01   0.0000000e+00   9.2950753e-03   9.9070492e-01
   1.0258650e-01   0.0000000e+00   9.3143582e-03   9.9068564e-01
   1.0259147e-01   0.0000000e+00   9.2864743e-03   9.9071353e-01
   1.0259147e-01   0.0000000e+00   9.3248191e-03   9.9067518e-01
   1.0259183e-01   0.0000000e+00   9.2946128e-03   9.9070539e-01
   1.0259257e-01   0.0000000e+00   9.3418201e-03   9.9065818e-01
   1.0259259e-01   0.0000000e+00   9.3337330e-03   9.9066627e-01
   1.0259269e-01   0.0000000e+00   9.2973222e-03   9.9070268e-01
   1.0259474e-01   0.0000000e+00   9.3187190e-03   9.9068128e-01
   1.0259562e-01   0.0000000e+00   9.3227128e-03   9.9067729e-01
   1.0259675e-01   0.0000000e+00   9.3156576e-03   9.9068434e-01
   1.0259774e-01   0.0000000e+00   9.3011898e-03   9.9069881e-01
   1.0259851e-01   0.0000000e+00   9.3129652e-03   9.9068703e-01
   1.0259903e-01   0.0000000e+00   9.3117671e-03   9.9068823e-01
   1.0259944e-01   0.0000000e+00   9.2914558e-03   9.9070854e-01
   1.0259957e-01   0.0000000e+00   9.3136920e-03   9.9068631e-01
   1.0260014e-01   0.0000000e+00   9.3163828e-03   9.9068362e-01
   1.0260289e-01   0.0000000e+00   9.2800236e-03   9.9071998e-01
   1.0260359e-01   0.0000000e+00   9.3047986e-03   9.9069520e-01
   1.0260523e-01   0.0000000e+00   9.3068780e-03   9.9069312e-01
   1.0260621e-01   0.0000000e+00   9.2825507e-03   9.9071745e-01
   1.0260680e-01   0.0000000e+00   9.3107070e-03   9.9068929e-01
   1.0260887e-01   0.0000000e+00   9.3361781e-03   9.9066382e-01
   1.0261018e-01   0.0000000e+00   9.4691489e-03   9.9053085e-01
   1.0261205e-01   0.0000000e+00   9.2893798e-03   9.9071062e-01
   1.0261225e-01   0.0000000e+00   9.2856619e-03   9.9071434e-01
   1.0261529e-01   0.0000000e+00   9.2897066e-03   9.9071029e-01
   1.0261585e-01   0.0000000e+00   9.3136013e-03   9.9068640e-01
   1.0261779e-01   0.0000000e+00   9.3300902e-03   9.9066991e-01
   1.0262144e-01   0.0000000e+00   9.2904034e-03   9.9070960e-01
   1.0262366e-01   0.0000000e+00   9.4492507e-03   9.9055075e-01
   1.0262439e-01   0.0000000e+00   9.2867084e-03   9.9071329e-01
   1.0262519e-01   0.0000000e+00   9.3370420e-03   9.9066296e-01
   1.0262905e-01   0.0000000e+00   9.3159494e-03   9.9068405e-01
   1.0262929e-01   0.0000000e+00   9.3365521e-03   9.9066345e-01
   1.0263331e-01   0.0000000e+00   9.3257864e-03   9.9067421e-01
   1.0263339e-01   0.0000000e+00   9.2803663e-03   9.9071963e-01
   1.0263499e-01   0.0000000e+00   9.3414364e-03   9.9065856e-01
   1.0263721e-01   0.0000000e+00   9.3200343e-03   9.9067997e-01
   1.0263754e-01   0.0000000e+00   9.2924719e-03   9.9070753e-01
   1.0263812e-01   0.0000000e+00   9.2986757e-03   9.9070132e-01
   1.0263843e-01   0.0000000e+00   9.3895682e-03   9.9061043e-01
   1.0264060e-01   0.0000000e+00   9.3100648e-03   9.9068994e-01
   1.0264134e-01   0.0000000e+00   9.3120644e-03   9.9068794e-01
   1.0264314e-01   0.0000000e+00   9.2831723e-03   9.9071683e-01
   1.0264368e-01   0.0000000e+00   9.2829584e-03   9.9071704e-01
   1.0264418e-01   0.0000000e+00   9.3189137e-03   9.9068109e-01
   1.0264640e-01   0.0000000e+00   9.2764020e-03   9.9072360e-01
   1.0264777e-01   0.0000000e+00   9.3060102e-03   9.9069399e-01
   1.0264878e-01   0.0000000e+00   9.3078641e-03   9.9069214e-01
   1.0264896e-01   0.0000000e+00   9.3070205e-03   9.9069298e-01
   1.0264932e-01   0.0000000e+00   9.2931959e-03   9.9070680e-01
   1.0265020e-01   0.0000000e+00   9.3140544e-03   9.9068595e-01
   1.0265131e-01   0.0000000e+00   9.2918857e-03   9.9070811e-01
   1.0265243e-01   0.0000000e+00   9.2946300e-03   9.9070537e-01
   1.0265372e-01   0.0000000e+00   9.3123713e-03   9.9068763e-01
   1.0265399e-01   0.0000000e+00   9.2953524e-03   9.9070465e-01
   1.0265768e-01   0.0000000e+00   9.3130423e-03   9.9068696e-01
   1.0265992e-01   0.0000000e+00   9.2920586e-03   9.9070794e-01
   1.0266008e-01   0.0000000e+00   9.3097721e-03   9.9069023e-01
   1.0266040e-01   0.0000000e+00   9.3292896e-03   9.9067071e-01
   1.0266079e-01   0.0000000e+00   9.3225575e-03   9.9067744e-01
   1.0266414e-01   0.0000000e+00   9.3215562e-03   9.9067844e-01
   1.0266826e-01   0.0000000e+00   9.3472976e-03   9.9065270e-01
   1.0266851e-01   0.0000000e+00   9.3176843e-03   9.9068232e-01
   1.0266877e-01   0.0000000e+00   9.2973342e-03   9.9070267e-01
   1.0267062e-01   0.0000000e+00   9.2764169e-03   9.9072358e-01
   1.0267081e-01   0.0000000e+00   9.2986901e-03   9.9070131e-01
   1.0267275e-01   0.0000000e+00   9.2760106e-03   9.9072399e-01
   1.0267277e-01   0.0000000e+00   9.3043971e-03   9.9069560e-01
   1.0267359e-01   0.0000000e+00   9.3022988e-03   9.9069770e-01
   1.0267403e-01   0.0000000e+00   9.3071714e-03   9.9069283e-01
   1.0267435e-01   0.0000000e+00   9.3229460e-03   9.9067705e-01
   1.0267443e-01   0.0000000e+00   9.2994111e-03   9.9070059e-01
   1.0267466e-01   0.0000000e+00   9.2999989e-03   9.9070000e-01
   1.0267615e-01   0.0000000e+00   9.2709784e-03   9.9072902e-01
   1.0267832e-01   0.0000000e+00   9.3151803e-03   9.9068482e-01
   1.0267977e-01   0.0000000e+00   9.3256962e-03   9.9067430e-01
   1.0268020e-01   0.0000000e+00   9.6392714e-03   9.9036073e-01
   1.0268352e-01   0.0000000e+00   9.3310550e-03   9.9066895e-01
   1.0268660e-01   0.0000000e+00   9.3162392e-03   9.9068376e-01
   1.0268794e-01   0.0000000e+00   9.3153537e-03   9.9068465e-01
   1.0268949e-01   0.0000000e+00   9.3479986e-03   9.9065200e-01
   1.0269072e-01   0.0000000e+00   9.2827520e-03   9.9071725e-01
   1.0269139e-01   0.0000000e+00   9.3053842e-03   9.9069462e-01
   1.0269172e-01   0.0000000e+00   9.2928532e-03   9.9070715e-01
   1.0269225e-01   0.0000000e+00   9.3169437e-03   9.9068306e-01
   1.0269372e-01   0.0000000e+00   9.4843045e-03   9.9051570e-01
   1.0269387e-01   0.0000000e+00   9.3491392e-03   9.9065086e-01
   1.0269394e-01   0.0000000e+00   9.3477362e-03   9.9065226e-01
   1.0269459e-01   0.0000000e+00   9.3301175e-03   9.9066988e-01
   1.0269468e-01   0.0000000e+00   9.3582922e-03   9.9064171e-01
   1.0269486e-01   0.0000000e+00   9.3432585e-03   9.9065674e-01
   1.0269584e-01   0.0000000e+00   9.2823831e-03   9.9071762e-01
   1.0269835e-01   0.0000000e+00   9.3163811e-03   9.9068362e-01
   1.0269838e-01   0.0000000e+00   9.3281371e-03   9.9067186e-01
   1.0269956e-01   0.0000000e+00   9.3067187e-03   9.9069328e-01
   1.0270049e-01   0.0000000e+00   9.3886373e-03   9.9061136e-01
   1.0270187e-01   0.0000000e+00   9.3197921e-03   9.9068021e-01
   1.0270216e-01   0.0000000e+00   9.3054246e-03   9.9069458e-01
   1.0270636e-01   0.0000000e+00   9.3522376e-03   9.9064776e-01
   1.0270723e-01   0.0000000e+00   9.3351521e-03   9.9066485e-01
   1.0270831e-01   0.0000000e+00   9.3575648e-03   9.9064244e-01
   1.0271026e-01   0.0000000e+00   9.3271781e-03   9.9067282e-01
   1.0271141e-01   0.0000000e+00   9.3088070e-03   9.9069119e-01
   1.0271277e-01   0.0000000e+00   9.3407526e-03   9.9065925e-01
   1.0271315e-01   0.0000000e+00   9.3966533e-03   9.9060335e-01
   1.0271341e-01   0.0000000e+00   9.3220301e-03   9.9067797e-01
   1.0271942e-01   0.0000000e+00   9.3082176e-03   9.9069178e-01
   1.0272018e-01   0.0000000e+00   9.2946383e-03   9.9070536e-01
   1.0272070e-01   0.0000000e+00   9.3501128e-03   9.9064989e-01
   1.0272157e-01   0.0000000e+00   9.3488642e-03   9.9065114e-01
   1.0272383e-01   0.0000000e+00   9.3819010e-03   9.9061810e-01
   1.0272596e-01   0.0000000e+00   9.4042934e-03   9.9059571e-01
   1.0272613e-01   0.0000000e+00   9.3284718e-03   9.9067153e-01
   1.0272662e-01   0.0000000e+00   9.3652373e-03   9.9063476e-01
   1.0272799e-01   0.0000000e+00   9.3367128e-03   9.9066329e-01
   1.0272918e-01   0.0000000e+00   9.3417942e-03   9.9065821e-01
   1.0273013e-01   0.0000000e+00   9.3624324e-03   9.9063757e-01
   1.0273145e-01   0.0000000e+00   9.4157095e-03   9.9058429e-01
   1.0273269e-01   0.0000000e+00   9.3848910e-03   9.9061511e-01
   1.0273540e-01   0.0000000e+00   9.3328746e-03   9.9066713e-01
   1.0273618e-01   0.0000000e+00   9.3707093e-03   9.9062929e-01
   1.0274108e-01   0.0000000e+00   9.3568449e-03   9.9064316e-01
   1.0274177e-01   0.0000000e+00   9.3014299e-03   9.9069857e-01
   1.0274522e-01   0.0000000e+00   9.3740590e-03   9.9062594e-01
   1.0274868e-01   0.0000000e+00   9.3692299e-03   9.9063077e-01
   1.0274977e-01   0.0000000e+00   9.3487985e-03   9.9065120e-01
   1.0275513e-01   0.0000000e+00   9.3490874e-03   9.9065091e-01
   1.0275885e-01   0.0000000e+00   9.3877076e-03   9.9061229e-01
   1.0275902e-01   0.0000000e+00   9.4013684e-03   9.9059863e-01
   1.0275906e-01   0.0000000e+00   9.4769814e-03   9.9052302e-01
   1.0275920e-01   0.0000000e+00   9.6157138e-03   9.9038429e-01
   1.0275958e-01   0.0000000e+00   9.4964835e-03   9.9050352e-01
   1.0276083e-01   0.0000000e+00   9.3995464e-03   9.9060045e-01
   1.0276201e-01   0.0000000e+00   9.4118452e-03   9.9058815e-01
   1.0276375e-01   0.0000000e+00   9.4331693e-03   9.9056683e-01
   1.0276376e-01   0.0000000e+00   9.4169244e-03   9.9058308e-01
   1.0277278e-01   0.0000000e+00   9.5238882e-03   9.9047611e-01
   1.0277632e-01   0.0000000e+00   9.4424421e-03   9.9055756e-01
   1.0277741e-01   0.0000000e+00   9.3906455e-03   9.9060935e-01
   1.0277876e-01   0.0000000e+00   9.4104558e-03   9.9058954e-01
   1.0278005e-01   0.0000000e+00   9.3706431e-03   9.9062936e-01
   1.0278432e-01   0.0000000e+00   9.3970865e-03   9.9060291e-01
   1.0278435e-01   0.0000000e+00   9.3188473e-03   9.9068115e-01
   1.0278482e-01   0.0000000e+00   9.3996098e-03   9.9060039e-01
   1.0278597e-01   0.0000000e+00   9.3501330e-03   9.9064987e-01
   1.0278661e-01   0.0000000e+00   9.3428430e-03   9.9065716e-01
   1.0278777e-01   0.0000000e+00   9.4192426e-03   9.9058076e-01
   1.0278788e-01   0.0000000e+00   9.4749234e-03   9.9052508e-01
   1.0278842e-01   0.0000000e+00   9.4429184e-03   9.9055708e-01
   1.0278956e-01   0.0000000e+00   9.3726014e-03   9.9062740e-01
   1.0279521e-01   0.0000000e+00   9.4456159e-03   9.9055438e-01
   1.0279557e-01   0.0000000e+00   9.4143590e-03   9.9058564e-01
   1.0279801e-01   0.0000000e+00   9.4452304e-03   9.9055477e-01
   1.0280135e-01   0.0000000e+00   9.5152555e-03   9.9048474e-01
   1.0280785e-01   0.0000000e+00   9.6722402e-03   9.9032776e-01
   1.0281334e-01   0.0000000e+00   9.3868653e-03   9.9061313e-01
   1.0281436e-01   0.0000000e+00   9.3940195e-03   9.9060598e-01
   1.0281663e-01   0.0000000e+00   9.4947966e-03   9.9050520e-01
   1.0281795e-01   0.0000000e+00   9.5535748e-03   9.9044643e-01
   1.0281888e-01   0.0000000e+00   9.4785602e-03   9.9052144e-01
   1.0282076e-01   0.0000000e+00   9.3853662e-03   9.9061463e-01
   1.0282225e-01   0.0000000e+00   9.4061729e-03   9.9059383e-01
   1.0282395e-01   0.0000000e+00   9.3792744e-03   9.9062073e-01
   1.0282636e-01   0.0000000e+00   9.4268291e-03   9.9057317e-01
   1.0283048e-01   0.0000000e+00   9.9810772e-03   9.9001892e-01
   1.0283865e-01   0.0000000e+00   9.6315131e-03   9.9036849e-01
   1.0283884e-01   0.0000000e+00   9.4700713e-03   9.9052993e-01
   1.0283978e-01   0.0000000e+00   9.4201842e-03   9.9057982e-01
   1.0284496e-01   0.0000000e+00   9.3716875e-03   9.9062831e-01
   1.0285276e-01   0.0000000e+00   9.3526232e-03   9.9064738e-01
   1.0285304e-01   0.0000000e+00   9.7400832e-03   9.9025992e-01
   1.0285659e-01   0.0000000e+00   9.4568262e-03   9.9054317e-01
   1.0285766e-01   0.0000000e+00   9.6965511e-03   9.9030345e-01
   1.0285875e-01   0.0000000e+00   9.3976787e-03   9.9060232e-01
   1.0286193e-01   0.0000000e+00   9.4407583e-03   9.9055924e-01
   1.0286419e-01   0.0000000e+00   9.6414456e-03   9.9035855e-01
   1.0286507e-01   0.0000000e+00   9.3949920e-03   9.9060501e-01
   1.0286516e-01   0.0000000e+00   9.5187000e-03   9.9048130e-01
   1.0286573e-01   0.0000000e+00   9.3645508e-03   9.9063545e-01
   1.0286703e-01   0.0000000e+00   9.5117239e-03   9.9048828e-01
   1.0286777e-01   0.0000000e+00   9.5618447e-03   9.9043816e-01
   1.0287200e-01   0.0000000e+00   9.6086631e-03   9.9039134e-01
   1.0287252e-01   0.0000000e+00   9.4185319e-03   9.9058147e-01
   1.0287414e-01   0.0000000e+00   9.2872838e-03   9.9071272e-01
   1.0287497e-01   0.0000000e+00   9.4248057e-03   9.9057519e-01
   1.0287934e-01   0.0000000e+00   9.4094979e-03   9.9059050e-01
   1.0287987e-01   0.0000000e+00   9.3014280e-03   9.9069857e-01
   1.0288008e-01   0.0000000e+00   9.3462198e-03   9.9065378e-01
   1.0288084e-01   0.0000000e+00   9.4842032e-03   9.9051580e-01
   1.0288264e-01   0.0000000e+00   9.4864955e-03   9.9051350e-01
   1.0288275e-01   0.0000000e+00   9.3564970e-03   9.9064350e-01
   1.0288913e-01   0.0000000e+00   9.4473353e-03   9.9055266e-01
   1.0289029e-01   0.0000000e+00   9.4578737e-03   9.9054213e-01
   1.0289049e-01   0.0000000e+00   9.4895923e-03   9.9051041e-01
   1.0289550e-01   0.0000000e+00   9.4343619e-03   9.9056564e-01
   1.0289707e-01   0.0000000e+00   9.3955396e-03   9.9060446e-01
   1.0289946e-01   0.0000000e+00   9.4734800e-03   9.9052652e-01
   1.0290243e-01   0.0000000e+00   9.5102532e-03   9.9048975e-01
   1.0290527e-01   0.0000000e+00   9.4239090e-03   9.9057609e-01
   1.0290611e-01   0.0000000e+00   9.2947554e-03   9.9070524e-01
   1.0290919e-01   0.0000000e+00   9.4833232e-03   9.9051668e-01
   1.0290933e-01   0.0000000e+00   9.3020330e-03   9.9069797e-01
   1.0290978e-01   0.0000000e+00   9.8510825e-03   9.9014892e-01
   1.0291060e-01   0.0000000e+00   9.4029389e-03   9.9059706e-01
   1.0291420e-01   0.0000000e+00   9.3347411e-03   9.9066526e-01
   1.0291720e-01   0.0000000e+00   9.3957443e-03   9.9060426e-01
   1.0291748e-01   0.0000000e+00   9.2848417e-03   9.9071516e-01
   1.0292592e-01   0.0000000e+00   9.6085786e-03   9.9039142e-01
   1.0292859e-01   0.0000000e+00   9.4519962e-03   9.9054800e-01
   1.0292890e-01   0.0000000e+00   9.4208198e-03   9.9057918e-01
   1.0292967e-01   0.0000000e+00   9.6238421e-03   9.9037616e-01
   1.0293158e-01   0.0000000e+00   9.4084457e-03   9.9059155e-01
   1.0293194e-01   0.0000000e+00   9.4852964e-03   9.9051470e-01
   1.0293318e-01   0.0000000e+00   9.3642717e-03   9.9063573e-01
   1.0293354e-01   0.0000000e+00   9.4902263e-03   9.9050977e-01
   1.0293410e-01   0.0000000e+00   9.5957950e-03   9.9040420e-01
   1.0293618e-01   0.0000000e+00   9.2847901e-03   9.9071521e-01
   1.0293745e-01   0.0000000e+00   9.5489200e-03   9.9045108e-01
   1.0294019e-01   0.0000000e+00   9.4286645e-03   9.9057134e-01
   1.0294146e-01   0.0000000e+00   9.3577311e-03   9.9064227e-01
   1.0294150e-01   0.0000000e+00   9.4075475e-03   9.9059245e-01
   1.0294385e-01   0.0000000e+00   9.4405603e-03   9.9055944e-01
   1.0294663e-01   0.0000000e+00   9.3079822e-03   9.9069202e-01
   1.0294668e-01   0.0000000e+00   9.4109405e-03   9.9058906e-01
   1.0294723e-01   0.0000000e+00   9.3840997e-03   9.9061590e-01
   1.0294806e-01   0.0000000e+00   9.4089026e-03   9.9059110e-01
   1.0295112e-01   0.0000000e+00   9.4940133e-03   9.9050599e-01
   1.0295137e-01   0.0000000e+00   9.3457403e-03   9.9065426e-01
   1.0295170e-01   0.0000000e+00   9.8292435e-03   9.9017076e-01
   1.0295315e-01   1.0395585e-05   9.4082132e-03   9.9058139e-01
   1.0295630e-01   0.0000000e+00   1.0038676e-02   9.8996132e-01
   1.0295679e-01   0.0000000e+00   9.4750416e-03   9.9052496e-01
   1.0295712e-01   0.0000000e+00   9.4451964e-03   9.9055480e-01
   1.0295754e-01   0.0000000e+00   9.7073113e-03   9.9029269e-01
   1.0296045e-01   2.5122839e-05   9.3147407e-03   9.9066014e-01
   1.0296094e-01   0.0000000e+00   9.3799391e-03   9.9062006e-01
   1.0296159e-01   0.0000000e+00   9.3623164e-03   9.9063768e-01
   1.0296236e-01   0.0000000e+00   9.5202461e-03   9.9047975e-01
   1.0296275e-01   0.0000000e+00   9.4860247e-03   9.9051398e-01
   1.0296371e-01   0.0000000e+00   9.4022436e-03   9.9059776e-01
   1.0296564e-01   0.0000000e+00   9.3438883e-03   9.9065611e-01
   1.0296822e-01   0.0000000e+00   9.4019613e-03   9.9059804e-01
   1.0297215e-01   0.0000000e+00   9.3171233e-03   9.9068288e-01
   1.0297267e-01   0.0000000e+00   9.4186323e-03   9.9058137e-01
   1.0297409e-01   0.0000000e+00   9.5326411e-03   9.9046736e-01
   1.0297671e-01   0.0000000e+00   9.6075233e-03   9.9039248e-01
   1.0297772e-01   0.0000000e+00   9.3447119e-03   9.9065529e-01
   1.0297852e-01   0.0000000e+00   9.4292561e-03   9.9057074e-01
   1.0297874e-01   0.0000000e+00   9.3636231e-03   9.9063638e-01
   1.0297941e-01   0.0000000e+00   9.4106652e-03   9.9058933e-01
   1.0297963e-01   0.0000000e+00   9.4722220e-03   9.9052778e-01
   1.0298096e-01   0.0000000e+00   9.4148742e-03   9.9058513e-01
   1.0298169e-01   2.7926130e-05   9.3027367e-03   9.9066934e-01
   1.0298185e-01   0.0000000e+00   9.3741029e-03   9.9062590e-01
   1.0298203e-01   0.0000000e+00   9.4203500e-03   9.9057965e-01
   1.0298725e-01   0.0000000e+00   9.2921613e-03   9.9070784e-01
   1.0298741e-01   0.0000000e+00   1.0025518e-02   9.8997448e-01
   1.0298904e-01   0.0000000e+00   9.4846528e-03   9.9051535e-01
   1.0299034e-01   6.2600757e-06   9.2915623e-03   9.9070218e-01
   1.0299129e-01   3.7667446e-05   9.3478309e-03   9.9061450e-01
   1.0299144e-01   0.0000000e+00   9.5441574e-03   9.9045584e-01
   1.0299151e-01   0.0000000e+00   9.3385521e-03   9.9066145e-01
   1.0299217e-01   0.0000000e+00   9.9222075e-03   9.9007779e-01
   1.0299271e-01   0.0000000e+00   9.5308347e-03   9.9046917e-01
   1.0299363e-01   6.4330649e-05   9.3835111e-03   9.9055216e-01
   1.0299614e-01   0.0000000e+00   9.2850566e-03   9.9071494e-01
   1.0299666e-01   0.0000000e+00   9.4287123e-03   9.9057129e-01
   1.0299677e-01   0.0000000e+00   9.4146351e-03   9.9058536e-01
   1.0299928e-01   0.0000000e+00   9.3615025e-03   9.9063850e-01
   1.0299933e-01   0.0000000e+00   9.4907697e-03   9.9050923e-01
   1.0300100e-01   2.3292397e-05   9.4807772e-03   9.9049593e-01
   1.0300272e-01   1.3553805e-04   9.3214413e-03   9.9054302e-01
   1.0300337e-01   0.0000000e+00   9.5866803e-03   9.9041332e-01
   1.0300421e-01   0.0000000e+00   9.5877332e-03   9.9041227e-01
   1.0300421e-01   0.0000000e+00   9.4744684e-03   9.9052553e-01
   1.0300700e-01   0.0000000e+00   9.5232322e-03   9.9047677e-01
   1.0300719e-01   0.0000000e+00   9.5745308e-03   9.9042547e-01
   1.0300844e-01   0.0000000e+00   9.3670589e-03   9.9063294e-01
   1.0300882e-01   0.0000000e+00   9.4808286e-03   9.9051917e-01
   1.0300927e-01   0.0000000e+00   9.4236012e-03   9.9057640e-01
   1.0301079e-01   0.0000000e+00   9.5758498e-03   9.9042415e-01
   1.0301109e-01   1.0474802e-04   9.3030359e-03   9.9059222e-01
   1.0301305e-01   0.0000000e+00   1.0157662e-02   9.8984234e-01
   1.0301369e-01   0.0000000e+00   9.3764963e-03   9.9062350e-01
   1.0301468e-01   0.0000000e+00   9.4868621e-03   9.9051314e-01
   1.0301562e-01   3.0545140e-05   9.4155662e-03   9.9055389e-01
   1.0301575e-01   0.0000000e+00   9.2791938e-03   9.9072081e-01
   1.0301620e-01   0.0000000e+00   9.3211980e-03   9.9067880e-01
   1.0301647e-01   0.0000000e+00   9.4930483e-03   9.9050695e-01
   1.0301763e-01   2.9145324e-05   9.4874407e-03   9.9048341e-01
   1.0301854e-01   0.0000000e+00   9.5551405e-03   9.9044486e-01
   1.0301948e-01   0.0000000e+00   9.4865306e-03   9.9051347e-01
   1.0301971e-01   0.0000000e+00   9.5173554e-03   9.9048264e-01
   1.0302098e-01   0.0000000e+00   9.3936028e-03   9.9060640e-01
   1.0302176e-01   0.0000000e+00   9.4140935e-03   9.9058591e-01
   1.0302227e-01   7.9534339e-05   9.3235615e-03   9.9059690e-01
   1.0302240e-01   0.0000000e+00   9.7990108e-03   9.9020099e-01
   1.0302352e-01   0.0000000e+00   9.2832607e-03   9.9071674e-01
   1.0302612e-01   0.0000000e+00   9.3815630e-03   9.9061844e-01
   1.0302704e-01   0.0000000e+00   9.5098124e-03   9.9049019e-01
   1.0302798e-01   0.0000000e+00   9.3629058e-03   9.9063709e-01
   1.0302862e-01   0.0000000e+00   9.4582319e-03   9.9054177e-01
   1.0302937e-01   0.0000000e+00   9.3812883e-03   9.9061871e-01
   1.0303025e-01   0.0000000e+00   9.3384738e-03   9.9066153e-01
   1.0303060e-01   0.0000000e+00   9.3911875e-03   9.9060881e-01
   1.0303099e-01   0.0000000e+00   9.4798118e-03   9.9052019e-01
   1.0303170e-01   0.0000000e+00   9.8135045e-03   9.9018650e-01
   1.0303198e-01   0.0000000e+00   9.2928049e-03   9.9070720e-01
   1.0303381e-01   0.0000000e+00   9.4530843e-03   9.9054692e-01
   1.0303430e-01   0.0000000e+00   9.8411329e-03   9.9015887e-01
   1.0303503e-01   0.0000000e+00   9.4289212e-03   9.9057108e-01
   1.0303594e-01   0.0000000e+00   9.4192382e-03   9.9058076e-01
   1.0303599e-01   0.0000000e+00   9.7754824e-03   9.9022452e-01
   1.0303651e-01   0.0000000e+00   9.5120657e-03   9.9048793e-01
   1.0303662e-01   0.0000000e+00   9.6126270e-03   9.9038737e-01
   1.0303720e-01   0.0000000e+00   9.4336693e-03   9.9056633e-01
   1.0303738e-01   0.0000000e+00   9.5468245e-03   9.9045318e-01
   1.0303856e-01   0.0000000e+00   9.3332489e-03   9.9066675e-01
   1.0303909e-01   0.0000000e+00   9.3147802e-03   9.9068522e-01
   1.0304041e-01   0.0000000e+00   9.6015445e-03   9.9039846e-01
   1.0304180e-01   0.0000000e+00   9.4880428e-03   9.9051196e-01
   1.0304203e-01   0.0000000e+00   9.4667144e-03   9.9053329e-01
   1.0304240e-01   0.0000000e+00   9.4251836e-03   9.9057482e-01
   1.0304255e-01   0.0000000e+00   9.7645148e-03   9.9023549e-01
   1.0304265e-01   0.0000000e+00   9.2722905e-03   9.9072771e-01
   1.0304305e-01   0.0000000e+00   9.3558851e-03   9.9064411e-01
   1.0304347e-01   0.0000000e+00   9.4805898e-03   9.9051941e-01
   1.0304384e-01   0.0000000e+00   9.3287235e-03   9.9067128e-01
   1.0304397e-01   1.7135772e-04   9.2878485e-03   9.9054079e-01
   1.0304433e-01   0.0000000e+00   9.3922039e-03   9.9060780e-01
   1.0304435e-01   0.0000000e+00   9.3901864e-03   9.9060981e-01
   1.0304443e-01   0.0000000e+00   9.5017040e-03   9.9049830e-01
   1.0304510e-01   0.0000000e+00   9.3775891e-03   9.9062241e-01
   1.0304630e-01   0.0000000e+00   9.3082027e-03   9.9069180e-01
   1.0304769e-01   0.0000000e+00   9.4400665e-03   9.9055993e-01
   1.0305075e-01   0.0000000e+00   9.3758763e-03   9.9062412e-01
   1.0305097e-01   0.0000000e+00   9.2871686e-03   9.9071283e-01
   1.0305175e-01   0.0000000e+00   9.3176116e-03   9.9068239e-01
   1.0305248e-01   0.0000000e+00   9.6943900e-03   9.9030561e-01
   1.0305407e-01   1.2989592e-04   9.3293123e-03   9.9054079e-01
   1.0305517e-01   0.0000000e+00   9.2810188e-03   9.9071898e-01
   1.0305604e-01   0.0000000e+00   9.4558155e-03   9.9054418e-01
   1.0305688e-01   0.0000000e+00   9.4062850e-03   9.9059372e-01
   1.0305736e-01   0.0000000e+00   9.7707190e-03   9.9022928e-01
   1.0305785e-01   0.0000000e+00   9.3622257e-03   9.9063777e-01
   1.0305849e-01   0.0000000e+00   9.3741538e-03   9.9062585e-01
   1.0305898e-01   0.0000000e+00   9.2774047e-03   9.9072260e-01
   1.0306120e-01   0.0000000e+00   9.3484169e-03   9.9065158e-01
   1.0306187e-01   0.0000000e+00   9.4818643e-03   9.9051814e-01
   1.0306216e-01   0.0000000e+00   9.9743244e-03   9.9002568e-01
   1.0306248e-01   0.0000000e+00   9.3642782e-03   9.9063572e-01
   1.0306350e-01   1.9906857e-04   9.2811335e-03   9.9051980e-01
   1.0306447e-01   0.0000000e+00   9.3811876e-03   9.9061881e-01
   1.0306590e-01   0.0000000e+00   9.3107503e-03   9.9068925e-01
   1.0306642e-01   0.0000000e+00   9.7654590e-03   9.9023454e-01
   1.0306654e-01   0.0000000e+00   9.5184257e-03   9.9048157e-01
   1.0306703e-01   0.0000000e+00   9.4662023e-03   9.9053380e-01
   1.0306850e-01   0.0000000e+00   9.5775754e-03   9.9042242e-01
   1.0306953e-01   0.0000000e+00   1.0294970e-02   9.8970503e-01
   1.0307002e-01   0.0000000e+00   9.2816523e-03   9.9071835e-01
   1.0307156e-01   3.7813934e-05   9.3642049e-03   9.9059798e-01
   1.0307215e-01   0.0000000e+00   9.3548727e-03   9.9064513e-01
   1.0307295e-01   0.0000000e+00   9.5518909e-03   9.9044811e-01
   1.0307381e-01   0.0000000e+00   9.5966670e-03   9.9040333e-01
   1.0307441e-01   0.0000000e+00   9.3079036e-03   9.9069210e-01
   1.0307497e-01   0.0000000e+00   9.3437034e-03   9.9065630e-01
   1.0307639e-01   0.0000000e+00   9.5108686e-03   9.9048913e-01
   1.0307648e-01   0.0000000e+00   9.4426940e-03   9.9055731e-01
   1.0307701e-01   0.0000000e+00   9.5670918e-03   9.9043291e-01
   1.0307712e-01   0.0000000e+00   9.5838123e-03   9.9041619e-01
   1.0307793e-01   0.0000000e+00   9.6305145e-03   9.9036949e-01
   1.0307803e-01   0.0000000e+00   9.4295644e-03   9.9057044e-01
   1.0307876e-01   0.0000000e+00   9.6809207e-03   9.9031908e-01
   1.0308012e-01   0.0000000e+00   9.4694344e-03   9.9053057e-01
   1.0308274e-01   0.0000000e+00   9.5607531e-03   9.9043925e-01
   1.0308276e-01   0.0000000e+00   9.4013120e-03   9.9059869e-01
   1.0308398e-01   2.5312057e-04   9.3601872e-03   9.9038669e-01
   1.0308482e-01   0.0000000e+00   9.4593959e-03   9.9054060e-01
   1.0308494e-01   0.0000000e+00   9.3633343e-03   9.9063667e-01
   1.0308529e-01   0.0000000e+00   9.4976355e-03   9.9050236e-01
   1.0308562e-01   0.0000000e+00   9.3052909e-03   9.9069471e-01
   1.0308566e-01   0.0000000e+00   9.6820181e-03   9.9031798e-01
   1.0308590e-01   0.0000000e+00   9.7655895e-03   9.9023441e-01
   1.0308597e-01   0.0000000e+00   9.5412751e-03   9.9045872e-01
   1.0308721e-01   0.0000000e+00   9.4096145e-03   9.9059039e-01
   1.0308770e-01   0.0000000e+00   9.4848045e-03   9.9051520e-01
   1.0309008e-01   0.0000000e+00   9.5067890e-03   9.9049321e-01
   1.0309024e-01   0.0000000e+00   9.3496753e-03   9.9065032e-01
   1.0309283e-01   2.7154712e-04   9.3245412e-03   9.9040391e-01
   1.0309313e-01   0.0000000e+00   9.6725919e-03   9.9032741e-01
   1.0309405e-01   0.0000000e+00   9.4515079e-03   9.9054849e-01
   1.0309421e-01   0.0000000e+00   9.3775398e-03   9.9062246e-01
   1.0309583e-01   0.0000000e+00   9.3939593e-03   9.9060604e-01
   1.0309677e-01   0.0000000e+00   9.6216481e-03   9.9037835e-01
   1.0309873e-01   0.0000000e+00   9.5828409e-03   9.9041716e-01
   1.0310036e-01   0.0000000e+00   9.5482301e-03   9.9045177e-01
   1.0310111e-01   0.0000000e+00   9.3946804e-03   9.9060532e-01
   1.0310117e-01   0.0000000e+00   9.4453449e-03   9.9055466e-01
   1.0310326e-01   0.0000000e+00   9.4585811e-03   9.9054142e-01
   1.0310352e-01   0.0000000e+00   9.4245957e-03   9.9057540e-01
   1.0310553e-01   0.0000000e+00   9.3336972e-03   9.9066630e-01
   1.0310590e-01   0.0000000e+00   9.4701974e-03   9.9052980e-01
   1.0310613e-01   0.0000000e+00   9.4111934e-03   9.9058881e-01
   1.0310724e-01   0.0000000e+00   9.6572615e-03   9.9034274e-01
   1.0310862e-01   0.0000000e+00   9.4320760e-03   9.9056792e-01
   1.0310936e-01   0.0000000e+00   9.4254225e-03   9.9057458e-01
   1.0311047e-01   0.0000000e+00   9.3319990e-03   9.9066800e-01
   1.0311060e-01   0.0000000e+00   9.5559272e-03   9.9044407e-01
   1.0311067e-01   0.0000000e+00   9.4148408e-03   9.9058516e-01
   1.0311108e-01   0.0000000e+00   9.4426782e-03   9.9055732e-01
   1.0311410e-01   0.0000000e+00   1.0256561e-02   9.8974344e-01
   1.0311518e-01   0.0000000e+00   9.5025408e-03   9.9049746e-01
   1.0311610e-01   0.0000000e+00   9.6656722e-03   9.9033433e-01
   1.0311621e-01   0.0000000e+00   9.7385370e-03   9.9026146e-01
   1.0311734e-01   0.0000000e+00   9.3515161e-03   9.9064848e-01
   1.0312204e-01   0.0000000e+00   9.6524019e-03   9.9034760e-01
   1.0312209e-01   0.0000000e+00   9.7020031e-03   9.9029800e-01
   1.0312325e-01   0.0000000e+00   9.4322022e-03   9.9056780e-01
   1.0312567e-01   0.0000000e+00   9.3973985e-03   9.9060260e-01
   1.0312658e-01   0.0000000e+00   9.4157658e-03   9.9058423e-01
   1.0312832e-01   0.0000000e+00   9.4873839e-03   9.9051262e-01
   1.0312851e-01   0.0000000e+00   9.4699974e-03   9.9053000e-01
   1.0312925e-01   0.0000000e+00   9.3129574e-03   9.9068704e-01
   1.0313070e-01   0.0000000e+00   9.5649393e-03   9.9043506e-01
   1.0313143e-01   0.0000000e+00   9.3945846e-03   9.9060542e-01
   1.0313245e-01   0.0000000e+00   9.5433080e-03   9.9045669e-01
   1.0313256e-01   0.0000000e+00   9.8392438e-03   9.9016076e-01
   1.0313292e-01   0.0000000e+00   9.5171666e-03   9.9048283e-01
   1.0313337e-01   0.0000000e+00   9.5599655e-03   9.9044003e-01
   1.0313523e-01   0.0000000e+00   9.4272641e-03   9.9057274e-01
   1.0313692e-01   0.0000000e+00   9.4532717e-03   9.9054673e-01
   1.0313929e-01   0.0000000e+00   9.7660039e-03   9.9023400e-01
   1.0314095e-01   0.0000000e+00   9.5013038e-03   9.9049870e-01
   1.0314310e-01   0.0000000e+00   9.6819133e-03   9.9031809e-01
   1.0314516e-01   2.3663688e-04   9.4796179e-03   9.9028375e-01
   1.0314651e-01   0.0000000e+00   9.4315591e-03   9.9056844e-01
   1.0314724e-01   0.0000000e+00   9.4994234e-03   9.9050058e-01
   1.0314745e-01   0.0000000e+00   9.3827602e-03   9.9061724e-01
   1.0314971e-01   0.0000000e+00   9.5933689e-03   9.9040663e-01
   1.0315074e-01   0.0000000e+00   9.4999005e-03   9.9050010e-01
   1.0315132e-01   0.0000000e+00   9.4975847e-03   9.9050242e-01
   1.0315149e-01   0.0000000e+00   9.5464334e-03   9.9045357e-01
   1.0315347e-01   0.0000000e+00   1.0015670e-02   9.8998433e-01
   1.0315383e-01   0.0000000e+00   9.4792191e-03   9.9052078e-01
   1.0315753e-01   0.0000000e+00   9.5478789e-03   9.9045212e-01
   1.0315995e-01   0.0000000e+00   9.4364468e-03   9.9056355e-01
   1.0316035e-01   0.0000000e+00   9.7986971e-03   9.9020130e-01
   1.0316122e-01   0.0000000e+00   1.0665747e-02   9.8933425e-01
   1.0316409e-01   0.0000000e+00   9.4242266e-03   9.9057577e-01
   1.0316443e-01   0.0000000e+00   9.5120688e-03   9.9048793e-01
   1.0316536e-01   0.0000000e+00   9.6823835e-03   9.9031762e-01
   1.0316740e-01   0.0000000e+00   9.8489661e-03   9.9015103e-01
   1.0316808e-01   0.0000000e+00   9.6486702e-03   9.9035133e-01
   1.0317272e-01   0.0000000e+00   9.4228037e-03   9.9057720e-01
   1.0317385e-01   0.0000000e+00   9.4937518e-03   9.9050625e-01
   1.0317653e-01   0.0000000e+00   9.4691630e-03   9.9053084e-01
   1.0317723e-01   0.0000000e+00   9.5260028e-03   9.9047400e-01
   1.0317820e-01   0.0000000e+00   9.3585285e-03   9.9064147e-01
   1.0317962e-01   0.0000000e+00   9.8647426e-03   9.9013526e-01
   1.0317979e-01   0.0000000e+00   1.0168711e-02   9.8983129e-01
   1.0318139e-01   0.0000000e+00   9.6222693e-03   9.9037773e-01
   1.0318216e-01   0.0000000e+00   9.8243441e-03   9.9017566e-01
   1.0318492e-01   0.0000000e+00   9.5333520e-03   9.9046665e-01
   1.0318903e-01   0.0000000e+00   9.3870675e-03   9.9061293e-01
   1.0318919e-01   0.0000000e+00   9.4664943e-03   9.9053351e-01
   1.0318976e-01   0.0000000e+00   9.3722888e-03   9.9062771e-01
   1.0319032e-01   0.0000000e+00   9.5998750e-03   9.9040013e-01
   1.0319043e-01   0.0000000e+00   9.3654311e-03   9.9063457e-01
   1.0319151e-01   0.0000000e+00   9.5273685e-03   9.9047263e-01
   1.0319224e-01   0.0000000e+00   1.0151638e-02   9.8984836e-01
   1.0319333e-01   0.0000000e+00   9.4817047e-03   9.9051830e-01
   1.0319363e-01   0.0000000e+00   9.9192659e-03   9.9008073e-01
   1.0319573e-01   0.0000000e+00   9.8145132e-03   9.9018549e-01
   1.0319577e-01   0.0000000e+00   1.0256709e-02   9.8974329e-01
   1.0319921e-01   0.0000000e+00   9.6133986e-03   9.9038660e-01
   1.0319980e-01   0.0000000e+00   9.4294188e-03   9.9057058e-01
   1.0320063e-01   0.0000000e+00   9.5690780e-03   9.9043092e-01
   1.0320257e-01   0.0000000e+00   9.5492108e-03   9.9045079e-01
   1.0320299e-01   0.0000000e+00   9.5156754e-03   9.9048432e-01
   1.0320331e-01   0.0000000e+00   9.6653702e-03   9.9033463e-01
   1.0320500e-01   0.0000000e+00   9.9510599e-03   9.9004894e-01
   1.0320540e-01   0.0000000e+00   9.6711585e-03   9.9032884e-01
