   5.9141107e-01   0.0000000e+00   7.0545590e-02   9.2945441e-01
   5.9195515e-01   0.0000000e+00   7.0927661e-02   9.2907234e-01
   5.9077457e-01   0.0000000e+00   7.0623660e-02   9.2937634e-01
   5.9118375e-01   0.0000000e+00   7.0833155e-02   9.2916684e-01
   5.9236201e-01   0.0000000e+00   7.0901855e-02   9.2909815e-01
   5.9066870e-01   0.0000000e+00   7.0685162e-02   9.2931484e-01
   5.9215926e-01   0.0000000e+00   7.0791629e-02   9.2920837e-01
   5.9220948e-01   0.0000000e+00   7.0979574e-02   9.2902043e-01
   5.9168990e-01   0.0000000e+00   7.0674669e-02   9.2932533e-01
   5.9180370e-01   0.0000000e+00   7.0691158e-02   9.2930884e-01
   5.9198772e-01   0.0000000e+00   7.0468929e-02   9.2953107e-01
   5.9026628e-01   0.0000000e+00   7.0479795e-02   9.2952021e-01
   5.9203545e-01   0.0000000e+00   7.0930214e-02   9.2906979e-01
   5.9080932e-01   0.0000000e+00   7.0507079e-02   9.2949292e-01
   5.9228773e-01   0.0000000e+00   7.0991902e-02   9.2900810e-01
   5.9193313e-01   0.0000000e+00   7.0582381e-02   9.2941762e-01
   5.9167291e-01   0.0000000e+00   7.0601212e-02   9.2939879e-01
   5.9122354e-01   0.0000000e+00   7.0460070e-02   9.2953993e-01
   5.9201402e-01   0.0000000e+00   7.0760922e-02   9.2923908e-01
   5.9202738e-01   0.0000000e+00   7.0754552e-02   9.2924545e-01
   5.9232596e-01   0.0000000e+00   7.0861532e-02   9.2913847e-01
   5.9230445e-01   0.0000000e+00   7.0640216e-02   9.2935978e-01
   5.9189849e-01   0.0000000e+00   7.0646206e-02   9.2935379e-01
   5.9163536e-01   0.0000000e+00   7.0542499e-02   9.2945750e-01
   5.9190543e-01   0.0000000e+00   7.0793818e-02   9.2920618e-01
   5.9202453e-01   0.0000000e+00   7.0730307e-02   9.2926969e-01
   5.9052339e-01   0.0000000e+00   7.0357011e-02   9.2964299e-01
   5.9264242e-01   0.0000000e+00   7.1131565e-02   9.2886844e-01
   5.9206392e-01   0.0000000e+00   7.0747125e-02   9.2925288e-01
   5.9141594e-01   0.0000000e+00   7.0527168e-02   9.2947283e-01
   5.9218890e-01   0.0000000e+00   7.0719845e-02   9.2928015e-01
   5.9006129e-01   0.0000000e+00   7.0391294e-02   9.2960871e-01
   5.9211099e-01   0.0000000e+00   7.0702477e-02   9.2929752e-01
   5.9040360e-01   0.0000000e+00   7.0511862e-02   9.2948814e-01
   5.9210212e-01   0.0000000e+00   7.0748315e-02   9.2925169e-01
   5.9206670e-01   0.0000000e+00   7.0666895e-02   9.2933311e-01
   5.9194747e-01   0.0000000e+00   7.0680725e-02   9.2931928e-01
   5.9106299e-01   0.0000000e+00   7.0339979e-02   9.2966002e-01
   5.9209263e-01   0.0000000e+00   7.0678104e-02   9.2932190e-01
   5.9126869e-01   0.0000000e+00   7.0339623e-02   9.2966038e-01
   5.9175930e-01   0.0000000e+00   7.0519484e-02   9.2948052e-01
   5.9165370e-01   0.0000000e+00   7.0673499e-02   9.2932650e-01
   5.9336020e-01   0.0000000e+00   7.0909021e-02   9.2909098e-01
   5.9229854e-01   0.0000000e+00   7.0697157e-02   9.2930284e-01
   5.9218461e-01   0.0000000e+00   7.0607507e-02   9.2939249e-01
   5.9136736e-01   0.0000000e+00   7.0455114e-02   9.2954489e-01
   5.9233995e-01   0.0000000e+00   7.0614006e-02   9.2938599e-01
   5.9196190e-01   0.0000000e+00   7.0545788e-02   9.2945421e-01
   5.9333160e-01   0.0000000e+00   7.0887299e-02   9.2911270e-01
   5.9305898e-01   0.0000000e+00   7.0802968e-02   9.2919703e-01
   5.9223890e-01   0.0000000e+00   7.0614228e-02   9.2938577e-01
   5.9197813e-01   0.0000000e+00   7.0678724e-02   9.2932128e-01
   5.9188780e-01   0.0000000e+00   7.0445655e-02   9.2955434e-01
   5.9225150e-01   0.0000000e+00   7.0525845e-02   9.2947415e-01
   5.9222105e-01   0.0000000e+00   7.0618690e-02   9.2938131e-01
   5.9281791e-01   0.0000000e+00   7.0753558e-02   9.2924644e-01
   5.9186714e-01   0.0000000e+00   7.0523516e-02   9.2947648e-01
   5.9242306e-01   0.0000000e+00   7.0566788e-02   9.2943321e-01
   5.9263923e-01   0.0000000e+00   7.0653954e-02   9.2934605e-01
   5.9232907e-01   0.0000000e+00   7.0516545e-02   9.2948346e-01
   5.9064097e-01   0.0000000e+00   7.0049802e-02   9.2995020e-01
   5.9234333e-01   0.0000000e+00   7.0466216e-02   9.2953378e-01
   5.9085814e-01   0.0000000e+00   7.0018361e-02   9.2998164e-01
   5.9252887e-01   0.0000000e+00   7.0626929e-02   9.2937307e-01
   5.9229588e-01   0.0000000e+00   7.0481049e-02   9.2951895e-01
   5.9126590e-01   0.0000000e+00   7.0186971e-02   9.2981303e-01
   5.9275120e-01   0.0000000e+00   7.0615823e-02   9.2938418e-01
   5.9246092e-01   0.0000000e+00   7.0827340e-02   9.2917266e-01
   5.9261626e-01   0.0000000e+00   7.0597998e-02   9.2940200e-01
   5.9289206e-01   0.0000000e+00   7.0606716e-02   9.2939328e-01
   5.9187745e-01   0.0000000e+00   7.0651569e-02   9.2934843e-01
   5.9345695e-01   0.0000000e+00   7.0924557e-02   9.2907544e-01
   5.9277271e-01   0.0000000e+00   7.0562867e-02   9.2943713e-01
   5.9199813e-01   0.0000000e+00   7.0446572e-02   9.2955343e-01
   5.9229975e-01   0.0000000e+00   7.0383283e-02   9.2961672e-01
   5.9323781e-01   0.0000000e+00   7.0875163e-02   9.2912484e-01
   5.9232834e-01   0.0000000e+00   7.0416539e-02   9.2958346e-01
   5.9414773e-01   0.0000000e+00   7.1271130e-02   9.2872887e-01
   5.9250058e-01   0.0000000e+00   7.0314687e-02   9.2968531e-01
   5.9241319e-01   0.0000000e+00   7.0187895e-02   9.2981211e-01
   5.9251673e-01   0.0000000e+00   7.0412858e-02   9.2958714e-01
   5.9268485e-01   0.0000000e+00   7.0298343e-02   9.2970166e-01
   5.9261062e-01   0.0000000e+00   7.0423474e-02   9.2957653e-01
   5.9265641e-01   0.0000000e+00   7.0414605e-02   9.2958539e-01
   5.9340262e-01   0.0000000e+00   7.0590744e-02   9.2940926e-01
   5.9293693e-01   0.0000000e+00   7.0435846e-02   9.2956415e-01
   5.9326038e-01   0.0000000e+00   7.0523554e-02   9.2947645e-01
   5.8885994e-01   0.0000000e+00   6.9300199e-02   9.3069980e-01
   5.9310599e-01   0.0000000e+00   7.0404019e-02   9.2959598e-01
   5.9320242e-01   0.0000000e+00   7.0530248e-02   9.2946975e-01
   5.9278633e-01   0.0000000e+00   7.0431381e-02   9.2956862e-01
   5.9346804e-01   0.0000000e+00   7.0663045e-02   9.2933695e-01
   5.9211368e-01   0.0000000e+00   6.9820577e-02   9.3017942e-01
   5.9410892e-01   0.0000000e+00   7.1132435e-02   9.2886757e-01
   5.9252797e-01   0.0000000e+00   7.0265870e-02   9.2973413e-01
   5.9281648e-01   0.0000000e+00   7.0137159e-02   9.2986284e-01
   5.9271455e-01   0.0000000e+00   7.0432242e-02   9.2956776e-01
   5.9218018e-01   0.0000000e+00   7.0247965e-02   9.2975204e-01
   5.9309500e-01   0.0000000e+00   7.0487948e-02   9.2951205e-01
   5.9369216e-01   0.0000000e+00   7.0698701e-02   9.2930130e-01
   5.9257740e-01   0.0000000e+00   7.0209296e-02   9.2979070e-01
   5.9462944e-01   0.0000000e+00   7.1026597e-02   9.2897340e-01
   5.9289960e-01   0.0000000e+00   7.0220212e-02   9.2977979e-01
   5.9250379e-01   0.0000000e+00   6.9937582e-02   9.3006242e-01
   5.9281354e-01   0.0000000e+00   7.0214437e-02   9.2978556e-01
   5.9233479e-01   0.0000000e+00   7.0079411e-02   9.2992059e-01
   5.9347438e-01   0.0000000e+00   7.0447409e-02   9.2955259e-01
   5.9423246e-01   0.0000000e+00   7.0749954e-02   9.2925005e-01
   5.9249702e-01   0.0000000e+00   7.0080090e-02   9.2991991e-01
   5.9308593e-01   0.0000000e+00   7.0228415e-02   9.2977158e-01
   5.9312310e-01   0.0000000e+00   7.0371279e-02   9.2962872e-01
   5.9318778e-01   0.0000000e+00   7.0322673e-02   9.2967733e-01
   5.9260089e-01   0.0000000e+00   7.0136938e-02   9.2986306e-01
   5.9418523e-01   0.0000000e+00   7.0812748e-02   9.2918725e-01
   5.9393390e-01   0.0000000e+00   7.0387667e-02   9.2961233e-01
   5.9251412e-01   0.0000000e+00   7.0057917e-02   9.2994208e-01
   5.9366717e-01   0.0000000e+00   7.0283536e-02   9.2971646e-01
   5.9282602e-01   0.0000000e+00   6.9984688e-02   9.3001531e-01
   5.9181917e-01   0.0000000e+00   6.9642037e-02   9.3035796e-01
   5.9311270e-01   0.0000000e+00   7.0024320e-02   9.2997568e-01
   5.9258321e-01   0.0000000e+00   6.9606371e-02   9.3039363e-01
   5.9181083e-01   0.0000000e+00   6.9768493e-02   9.3023151e-01
   5.9317590e-01   0.0000000e+00   7.0155867e-02   9.2984413e-01
   5.9286640e-01   0.0000000e+00   6.9985798e-02   9.3001420e-01
   5.9312355e-01   0.0000000e+00   6.9984274e-02   9.3001573e-01
   5.9369602e-01   0.0000000e+00   7.0242079e-02   9.2975792e-01
   5.9205987e-01   0.0000000e+00   6.9836549e-02   9.3016345e-01
   5.9386826e-01   0.0000000e+00   7.0455999e-02   9.2954400e-01
   5.9236472e-01   0.0000000e+00   6.9780622e-02   9.3021938e-01
   5.9186737e-01   0.0000000e+00   6.9671051e-02   9.3032895e-01
   5.9488587e-01   0.0000000e+00   7.0864960e-02   9.2913504e-01
   5.9232588e-01   0.0000000e+00   6.9661895e-02   9.3033811e-01
   5.9635186e-01   0.0000000e+00   7.1715025e-02   9.2828498e-01
   5.9278364e-01   0.0000000e+00   6.9819373e-02   9.3018063e-01
   5.9326369e-01   0.0000000e+00   6.9960934e-02   9.3003907e-01
   5.8975160e-01   0.0000000e+00   6.8976770e-02   9.3102323e-01
   5.9290817e-01   0.0000000e+00   6.9652591e-02   9.3034741e-01
   5.9591283e-01   0.0000000e+00   7.1399388e-02   9.2860061e-01
   5.9475554e-01   0.0000000e+00   7.0122022e-02   9.2987798e-01
   5.9305279e-01   0.0000000e+00   7.0201823e-02   9.2979818e-01
   5.9312434e-01   0.0000000e+00   6.9887608e-02   9.3011239e-01
   5.9265731e-01   0.0000000e+00   6.9401697e-02   9.3059830e-01
   5.9382512e-01   0.0000000e+00   6.9896337e-02   9.3010366e-01
   5.9327318e-01   0.0000000e+00   6.9654378e-02   9.3034562e-01
   5.9095773e-01   0.0000000e+00   6.9146726e-02   9.3085327e-01
   5.9331402e-01   0.0000000e+00   6.9669663e-02   9.3033034e-01
   5.9269949e-01   0.0000000e+00   6.9475373e-02   9.3052463e-01
   5.9608492e-01   0.0000000e+00   7.1455979e-02   9.2854402e-01
   5.9548813e-01   0.0000000e+00   7.0603303e-02   9.2939670e-01
   5.9267947e-01   0.0000000e+00   6.9354520e-02   9.3064548e-01
   5.9393720e-01   0.0000000e+00   6.9940985e-02   9.3005901e-01
   5.9310802e-01   0.0000000e+00   6.9611242e-02   9.3038876e-01
   5.9275936e-01   0.0000000e+00   6.9395759e-02   9.3060424e-01
   5.9539216e-01   0.0000000e+00   7.0620058e-02   9.2937994e-01
   5.9176707e-01   0.0000000e+00   6.9022338e-02   9.3097766e-01
   5.9448334e-01   0.0000000e+00   7.0599201e-02   9.2940080e-01
   5.9432853e-01   0.0000000e+00   6.9868593e-02   9.3013141e-01
   5.9155811e-01   0.0000000e+00   6.9102295e-02   9.3089771e-01
   5.9182540e-01   0.0000000e+00   6.8994374e-02   9.3100563e-01
   5.9196454e-01   0.0000000e+00   6.8798563e-02   9.3120144e-01
   5.9411595e-01   0.0000000e+00   7.0003545e-02   9.2999646e-01
   5.9153258e-01   0.0000000e+00   6.8829651e-02   9.3117035e-01
   5.9367163e-01   0.0000000e+00   7.0126980e-02   9.2987302e-01
   5.9357598e-01   0.0000000e+00   6.9496778e-02   9.3050322e-01
   5.9170649e-01   0.0000000e+00   6.8797372e-02   9.3120263e-01
   5.9297222e-01   0.0000000e+00   6.9085899e-02   9.3091410e-01
   5.9233047e-01   0.0000000e+00   6.8951675e-02   9.3104833e-01
   5.9613764e-01   0.0000000e+00   7.0083351e-02   9.2991665e-01
   5.9448508e-01   0.0000000e+00   6.9738240e-02   9.3026176e-01
   5.9252996e-01   0.0000000e+00   6.8921612e-02   9.3107839e-01
   5.9269617e-01   0.0000000e+00   6.9032378e-02   9.3096762e-01
   5.9265441e-01   0.0000000e+00   6.8910032e-02   9.3108997e-01
   5.8920418e-01   0.0000000e+00   6.7731587e-02   9.3226841e-01
   5.9180485e-01   0.0000000e+00   6.9113319e-02   9.3088668e-01
   5.9427427e-01   0.0000000e+00   6.9618551e-02   9.3038145e-01
   5.9104188e-01   0.0000000e+00   6.8670140e-02   9.3132986e-01
   5.9456628e-01   0.0000000e+00   6.9628393e-02   9.3037161e-01
   5.9205021e-01   0.0000000e+00   6.9130890e-02   9.3086911e-01
   5.9301517e-01   0.0000000e+00   6.9136399e-02   9.3086360e-01
   5.9035735e-01   0.0000000e+00   6.7966316e-02   9.3203368e-01
   5.9085446e-01   0.0000000e+00   6.8109681e-02   9.3189032e-01
   5.9155701e-01   0.0000000e+00   6.8059686e-02   9.3194031e-01
   5.9051931e-01   0.0000000e+00   6.8076869e-02   9.3192313e-01
   5.9627437e-01   0.0000000e+00   6.9821063e-02   9.3017894e-01
   5.9752872e-01   0.0000000e+00   7.0863300e-02   9.2913670e-01
   5.9825106e-01   0.0000000e+00   7.1519314e-02   9.2848069e-01
   5.9187552e-01   0.0000000e+00   6.8121021e-02   9.3187898e-01
   5.8983274e-01   0.0000000e+00   6.7686874e-02   9.3231313e-01
   5.9062303e-01   0.0000000e+00   6.7680245e-02   9.3231975e-01
   5.8980875e-01   0.0000000e+00   6.7653814e-02   9.3234619e-01
   5.9044344e-01   0.0000000e+00   6.7672646e-02   9.3232735e-01
   5.9394700e-01   0.0000000e+00   6.9187699e-02   9.3081230e-01
   5.9480042e-01   0.0000000e+00   6.9570757e-02   9.3042924e-01
   5.9459082e-01   0.0000000e+00   6.9325737e-02   9.3067426e-01
   5.9209901e-01   0.0000000e+00   6.7738177e-02   9.3226182e-01
   5.9689214e-01   0.0000000e+00   7.0692410e-02   9.2930759e-01
   5.9608242e-01   0.0000000e+00   6.9528185e-02   9.3047181e-01
   5.9275069e-01   0.0000000e+00   6.8090757e-02   9.3190924e-01
   5.9269495e-01   0.0000000e+00   6.8519403e-02   9.3148060e-01
   5.9315354e-01   0.0000000e+00   6.7819426e-02   9.3218057e-01
   5.9549096e-01   0.0000000e+00   6.9606206e-02   9.3039379e-01
   5.9105724e-01   0.0000000e+00   6.8159662e-02   9.3184034e-01
   5.9090609e-01   0.0000000e+00   6.6867705e-02   9.3313230e-01
   5.9238178e-01   0.0000000e+00   6.7484537e-02   9.3251546e-01
   5.8814915e-01   0.0000000e+00   6.6485686e-02   9.3351431e-01
   5.9045018e-01   0.0000000e+00   6.8425362e-02   9.3157464e-01
   5.8677549e-01   0.0000000e+00   6.5985164e-02   9.3401484e-01
   5.8753207e-01   0.0000000e+00   6.5929235e-02   9.3407077e-01
   5.9113961e-01   0.0000000e+00   6.8062433e-02   9.3193757e-01
   5.8812803e-01   0.0000000e+00   6.5837635e-02   9.3416236e-01
   5.9077982e-01   0.0000000e+00   6.6733931e-02   9.3326607e-01
   5.8635473e-01   0.0000000e+00   6.5995555e-02   9.3400444e-01
   5.9357575e-01   0.0000000e+00   6.8875989e-02   9.3112401e-01
   5.9174336e-01   0.0000000e+00   6.7595520e-02   9.3240448e-01
   5.8762181e-01   0.0000000e+00   6.6363731e-02   9.3363627e-01
   5.8678065e-01   0.0000000e+00   6.5485290e-02   9.3451471e-01
   5.9430866e-01   0.0000000e+00   6.9684880e-02   9.3031512e-01
   5.8726930e-01   0.0000000e+00   6.5521986e-02   9.3447801e-01
   5.9157530e-01   0.0000000e+00   6.7766965e-02   9.3223303e-01
   5.8525576e-01   0.0000000e+00   6.4944605e-02   9.3505540e-01
   5.9057006e-01   0.0000000e+00   6.7667486e-02   9.3233251e-01
   5.8758338e-01   0.0000000e+00   6.5302376e-02   9.3469762e-01
   5.9368502e-01   0.0000000e+00   6.9168252e-02   9.3083175e-01
   5.9846607e-01   0.0000000e+00   7.1069871e-02   9.2893013e-01
   5.8760317e-01   0.0000000e+00   6.6387972e-02   9.3361203e-01
   5.8832805e-01   0.0000000e+00   6.5555617e-02   9.3444438e-01
   5.8852799e-01   0.0000000e+00   6.6050489e-02   9.3394951e-01
   5.8752394e-01   0.0000000e+00   6.5263521e-02   9.3473648e-01
   5.8566503e-01   0.0000000e+00   6.5183559e-02   9.3481644e-01
   5.8497978e-01   0.0000000e+00   6.4938608e-02   9.3506139e-01
   5.8777137e-01   0.0000000e+00   6.5746465e-02   9.3425353e-01
   5.8745244e-01   0.0000000e+00   6.5015967e-02   9.3498403e-01
   5.8631940e-01   0.0000000e+00   6.5057775e-02   9.3494222e-01
   5.8853827e-01   0.0000000e+00   6.7416324e-02   9.3258368e-01
   5.8505878e-01   0.0000000e+00   6.5390313e-02   9.3460969e-01
   5.8894649e-01   0.0000000e+00   6.5216082e-02   9.3478392e-01
   5.9186557e-01   0.0000000e+00   6.8659257e-02   9.3134074e-01
   5.8461877e-01   0.0000000e+00   6.4431543e-02   9.3556846e-01
   5.8950896e-01   0.0000000e+00   6.7201929e-02   9.3279807e-01
   5.9250901e-01   0.0000000e+00   6.7759536e-02   9.3224046e-01
   5.8682502e-01   0.0000000e+00   6.5144470e-02   9.3485553e-01
   6.0089740e-01   0.0000000e+00   7.2042304e-02   9.2795770e-01
   5.8492560e-01   0.0000000e+00   6.4341166e-02   9.3565883e-01
   5.8209706e-01   0.0000000e+00   6.4394709e-02   9.3560529e-01
   5.8840021e-01   0.0000000e+00   6.5665840e-02   9.3433416e-01
   5.8562434e-01   0.0000000e+00   6.4883792e-02   9.3511621e-01
   5.8620865e-01   0.0000000e+00   6.4334406e-02   9.3566559e-01
   5.8245366e-01   0.0000000e+00   6.4180363e-02   9.3581964e-01
   5.8491637e-01   0.0000000e+00   6.4321332e-02   9.3567867e-01
   5.8540669e-01   0.0000000e+00   6.5489336e-02   9.3451066e-01
   5.8361531e-01   0.0000000e+00   6.4074859e-02   9.3592514e-01
   5.8612210e-01   0.0000000e+00   6.4351461e-02   9.3564854e-01
   5.8461519e-01   0.0000000e+00   6.3861024e-02   9.3613898e-01
   5.8325544e-01   0.0000000e+00   6.3907688e-02   9.3609231e-01
   5.8491378e-01   0.0000000e+00   6.4068143e-02   9.3593186e-01
   5.8268145e-01   0.0000000e+00   6.4010524e-02   9.3598948e-01
   5.8257941e-01   0.0000000e+00   6.3763777e-02   9.3623622e-01
   5.8699342e-01   0.0000000e+00   6.4063976e-02   9.3593602e-01
   5.8352184e-01   0.0000000e+00   6.4063630e-02   9.3593637e-01
   5.8313203e-01   0.0000000e+00   6.3680992e-02   9.3631901e-01
   5.8266643e-01   0.0000000e+00   6.3636079e-02   9.3636392e-01
   5.8602952e-01   0.0000000e+00   6.4022316e-02   9.3597768e-01
   5.8506362e-01   0.0000000e+00   6.3994599e-02   9.3600540e-01
   5.8363756e-01   0.0000000e+00   6.3412873e-02   9.3658713e-01
   5.8429000e-01   0.0000000e+00   6.3652848e-02   9.3634715e-01
   5.8367048e-01   0.0000000e+00   6.3459048e-02   9.3654095e-01
   5.8102589e-01   0.0000000e+00   6.3897384e-02   9.3610262e-01
   5.8253594e-01   0.0000000e+00   6.3483230e-02   9.3651677e-01
   5.8410861e-01   0.0000000e+00   6.3557491e-02   9.3644251e-01
   5.8431487e-01   0.0000000e+00   6.3541038e-02   9.3645896e-01
   5.8368076e-01   0.0000000e+00   6.4085207e-02   9.3591479e-01
   5.8276153e-01   0.0000000e+00   6.4185646e-02   9.3581435e-01
   5.8220189e-01   0.0000000e+00   6.3657209e-02   9.3634279e-01
   5.8275001e-01   0.0000000e+00   6.3794796e-02   9.3620520e-01
   5.8416946e-01   0.0000000e+00   6.3382453e-02   9.3661755e-01
   5.8355189e-01   0.0000000e+00   6.3456790e-02   9.3654321e-01
   5.8315847e-01   0.0000000e+00   6.3267642e-02   9.3673236e-01
   5.8343422e-01   0.0000000e+00   6.3588054e-02   9.3641195e-01
   5.8247748e-01   0.0000000e+00   6.4303931e-02   9.3569607e-01
   5.8373527e-01   0.0000000e+00   6.3286873e-02   9.3671313e-01
   5.8121988e-01   0.0000000e+00   6.3778433e-02   9.3622157e-01
   5.8200749e-01   0.0000000e+00   6.3441343e-02   9.3655866e-01
   5.8250600e-01   0.0000000e+00   6.3640582e-02   9.3635942e-01
   5.8223071e-01   0.0000000e+00   6.3529554e-02   9.3647045e-01
   5.8329235e-01   0.0000000e+00   6.3261978e-02   9.3673802e-01
   5.8549324e-01   0.0000000e+00   6.3450815e-02   9.3654918e-01
   5.8304527e-01   0.0000000e+00   6.3286563e-02   9.3671344e-01
   5.8198653e-01   0.0000000e+00   6.3539806e-02   9.3646019e-01
   5.8272724e-01   0.0000000e+00   6.3500462e-02   9.3649954e-01
   5.8364357e-01   0.0000000e+00   6.3185165e-02   9.3681483e-01
   5.8357932e-01   0.0000000e+00   6.3218470e-02   9.3678153e-01
   5.8339576e-01   0.0000000e+00   6.3272948e-02   9.3672705e-01
   5.8148033e-01   0.0000000e+00   6.3761501e-02   9.3623850e-01
   5.8289440e-01   0.0000000e+00   6.3235024e-02   9.3676498e-01
   5.8505091e-01   0.0000000e+00   6.3359187e-02   9.3664081e-01
   5.8330364e-01   0.0000000e+00   6.3916804e-02   9.3608320e-01
   5.8239719e-01   0.0000000e+00   6.3470542e-02   9.3652946e-01
   5.8390287e-01   0.0000000e+00   6.3468160e-02   9.3653184e-01
   5.8433710e-01   0.0000000e+00   6.3382808e-02   9.3661719e-01
   5.8180788e-01   0.0000000e+00   6.3396471e-02   9.3660353e-01
   5.8525293e-01   0.0000000e+00   6.3712590e-02   9.3628741e-01
   5.8346247e-01   0.0000000e+00   6.3158274e-02   9.3684173e-01
   5.8112221e-01   0.0000000e+00   6.3446046e-02   9.3655395e-01
   5.8198247e-01   0.0000000e+00   6.4091926e-02   9.3590807e-01
   5.8142948e-01   0.0000000e+00   6.3714520e-02   9.3628548e-01
   5.8438994e-01   0.0000000e+00   6.2980856e-02   9.3701914e-01
   5.8324192e-01   0.0000000e+00   6.3170300e-02   9.3682970e-01
   5.8331887e-01   0.0000000e+00   6.2967057e-02   9.3703294e-01
   5.8436496e-01   0.0000000e+00   6.3149362e-02   9.3685064e-01
   5.8330234e-01   0.0000000e+00   6.3240790e-02   9.3675921e-01
   5.8137883e-01   0.0000000e+00   6.3540299e-02   9.3645970e-01
   5.8402593e-01   0.0000000e+00   6.3124804e-02   9.3687520e-01
   5.8282330e-01   0.0000000e+00   6.2989152e-02   9.3701085e-01
   5.8257148e-01   0.0000000e+00   6.3168656e-02   9.3683134e-01
   5.8236689e-01   0.0000000e+00   6.3655178e-02   9.3634482e-01
   5.8187557e-01   0.0000000e+00   6.3031552e-02   9.3696845e-01
   5.8312433e-01   0.0000000e+00   6.3107282e-02   9.3689272e-01
   5.8225115e-01   0.0000000e+00   6.4246110e-02   9.3575389e-01
   5.8365678e-01   0.0000000e+00   6.2892995e-02   9.3710700e-01
   5.8245336e-01   0.0000000e+00   6.3288381e-02   9.3671162e-01
   5.8206881e-01   0.0000000e+00   6.3276686e-02   9.3672331e-01
   5.8295473e-01   0.0000000e+00   6.3070236e-02   9.3692976e-01
   5.8380289e-01   0.0000000e+00   6.2914137e-02   9.3708586e-01
   5.8327745e-01   0.0000000e+00   6.3147066e-02   9.3685293e-01
   5.8582819e-01   0.0000000e+00   6.3415129e-02   9.3658487e-01
   5.8209382e-01   0.0000000e+00   6.2983599e-02   9.3701640e-01
   5.8260550e-01   0.0000000e+00   6.3148944e-02   9.3685106e-01
   5.8151750e-01   0.0000000e+00   6.3180499e-02   9.3681950e-01
   5.8486328e-01   0.0000000e+00   6.2937080e-02   9.3706292e-01
   5.8337327e-01   0.0000000e+00   6.3030911e-02   9.3696909e-01
   5.8271599e-01   0.0000000e+00   6.3257390e-02   9.3674261e-01
   5.8312096e-01   0.0000000e+00   6.3120529e-02   9.3687947e-01
   5.8405686e-01   0.0000000e+00   6.3061205e-02   9.3693879e-01
   5.8197340e-01   0.0000000e+00   6.3133711e-02   9.3686629e-01
   5.8267906e-01   0.0000000e+00   6.3062508e-02   9.3693749e-01
   5.8575377e-01   0.0000000e+00   6.3112890e-02   9.3688711e-01
   5.8235696e-01   0.0000000e+00   6.3091802e-02   9.3690820e-01
   5.8303605e-01   0.0000000e+00   6.3075679e-02   9.3692432e-01
   5.8229994e-01   0.0000000e+00   6.3089896e-02   9.3691010e-01
   5.8326803e-01   0.0000000e+00   6.3282235e-02   9.3671776e-01
   5.8105725e-01   0.0000000e+00   6.3693910e-02   9.3630609e-01
   5.8367662e-01   0.0000000e+00   6.3012806e-02   9.3698719e-01
   5.8272545e-01   0.0000000e+00   6.3089525e-02   9.3691047e-01
   5.8032369e-01   0.0000000e+00   6.3158617e-02   9.3684138e-01
   5.8166591e-01   0.0000000e+00   6.3273289e-02   9.3672671e-01
   5.8211023e-01   0.0000000e+00   6.3271895e-02   9.3672811e-01
   5.8381529e-01   0.0000000e+00   6.3000875e-02   9.3699912e-01
   5.8255655e-01   0.0000000e+00   6.3230017e-02   9.3676998e-01
   5.8160851e-01   0.0000000e+00   6.3252231e-02   9.3674777e-01
   5.8170354e-01   0.0000000e+00   6.2997051e-02   9.3700295e-01
   5.8027407e-01   0.0000000e+00   6.3259645e-02   9.3674036e-01
   5.8000450e-01   0.0000000e+00   6.3288338e-02   9.3671166e-01
   5.8329606e-01   0.0000000e+00   6.2891344e-02   9.3710866e-01
   5.8205643e-01   0.0000000e+00   6.3126337e-02   9.3687366e-01
   5.8244504e-01   0.0000000e+00   6.3347399e-02   9.3665260e-01
   5.8005120e-01   0.0000000e+00   6.3321885e-02   9.3667811e-01
   5.8016985e-01   0.0000000e+00   6.3228561e-02   9.3677144e-01
   5.8107968e-01   0.0000000e+00   6.3254899e-02   9.3674510e-01
   5.8388173e-01   0.0000000e+00   6.2991480e-02   9.3700852e-01
   5.8214185e-01   0.0000000e+00   6.3228563e-02   9.3677144e-01
   5.8476113e-01   0.0000000e+00   6.2769762e-02   9.3723024e-01
   5.8181712e-01   0.0000000e+00   6.2709548e-02   9.3729045e-01
   5.8147068e-01   0.0000000e+00   6.3147436e-02   9.3685256e-01
   5.8116610e-01   0.0000000e+00   6.3220274e-02   9.3677973e-01
   5.8150814e-01   0.0000000e+00   6.3223819e-02   9.3677618e-01
   5.8077354e-01   0.0000000e+00   6.3309011e-02   9.3669099e-01
   5.8114836e-01   0.0000000e+00   6.3162800e-02   9.3683720e-01
   5.8377185e-01   0.0000000e+00   6.2941842e-02   9.3705816e-01
   5.8140408e-01   0.0000000e+00   6.3309715e-02   9.3669028e-01
   5.7944483e-01   0.0000000e+00   6.3340198e-02   9.3665980e-01
   5.7963131e-01   0.0000000e+00   6.3264022e-02   9.3673598e-01
   5.8531189e-01   0.0000000e+00   6.2925713e-02   9.3707429e-01
   5.8274327e-01   0.0000000e+00   6.2746386e-02   9.3725361e-01
   5.8095364e-01   0.0000000e+00   6.3261315e-02   9.3673868e-01
   5.8129117e-01   0.0000000e+00   6.3237716e-02   9.3676228e-01
   5.8089165e-01   0.0000000e+00   6.3259960e-02   9.3674004e-01
   5.8272716e-01   0.0000000e+00   6.3166880e-02   9.3683312e-01
   5.8087416e-01   0.0000000e+00   6.3448388e-02   9.3655161e-01
   5.8140143e-01   0.0000000e+00   6.3105682e-02   9.3689432e-01
   5.8375167e-01   0.0000000e+00   6.2601781e-02   9.3739822e-01
   5.8139083e-01   0.0000000e+00   6.3212835e-02   9.3678717e-01
   5.8187259e-01   0.0000000e+00   6.4125624e-02   9.3587438e-01
   5.8159453e-01   0.0000000e+00   6.3273100e-02   9.3672690e-01
   5.8302691e-01   0.0000000e+00   6.2954371e-02   9.3704563e-01
   5.8090415e-01   0.0000000e+00   6.3508070e-02   9.3649193e-01
   5.8047957e-01   0.0000000e+00   6.3483435e-02   9.3651656e-01
   5.8042113e-01   0.0000000e+00   6.3398507e-02   9.3660149e-01
   5.8227783e-01   0.0000000e+00   6.2456186e-02   9.3754381e-01
   5.8292788e-01   0.0000000e+00   6.3809527e-02   9.3619047e-01
   5.8329440e-01   0.0000000e+00   6.3363943e-02   9.3663606e-01
   5.8203729e-01   0.0000000e+00   6.3225573e-02   9.3677443e-01
   5.8132711e-01   0.0000000e+00   6.3546606e-02   9.3645339e-01
   5.8100851e-01   0.0000000e+00   6.3144791e-02   9.3685521e-01
   5.8370970e-01   0.0000000e+00   6.3465849e-02   9.3653415e-01
   5.8063340e-01   0.0000000e+00   6.3743201e-02   9.3625680e-01
   5.8034271e-01   0.0000000e+00   6.3278097e-02   9.3672190e-01
   5.7912341e-01   0.0000000e+00   6.2840651e-02   9.3715935e-01
   5.8179506e-01   0.0000000e+00   6.3143889e-02   9.3685611e-01
   5.8067069e-01   0.0000000e+00   6.3311515e-02   9.3668849e-01
   5.7944918e-01   0.0000000e+00   6.3481424e-02   9.3651858e-01
   5.8285937e-01   0.0000000e+00   6.3408618e-02   9.3659138e-01
   5.8061546e-01   0.0000000e+00   6.3246758e-02   9.3675324e-01
   5.7899959e-01   0.0000000e+00   6.3206992e-02   9.3679301e-01
   5.8098986e-01   0.0000000e+00   6.3287822e-02   9.3671218e-01
   5.8058679e-01   0.0000000e+00   6.3325742e-02   9.3667426e-01
   5.8051165e-01   0.0000000e+00   6.3399810e-02   9.3660019e-01
   5.7965139e-01   0.0000000e+00   6.3350494e-02   9.3664951e-01
   5.8085815e-01   0.0000000e+00   6.3247790e-02   9.3675221e-01
   5.8603017e-01   0.0000000e+00   6.2756472e-02   9.3724353e-01
   5.8136344e-01   0.0000000e+00   6.3534904e-02   9.3646510e-01
   5.8146655e-01   0.0000000e+00   6.3237415e-02   9.3676258e-01
   5.8020715e-01   0.0000000e+00   6.3371804e-02   9.3662820e-01
   5.7935900e-01   0.0000000e+00   6.3184784e-02   9.3681522e-01
   5.8169377e-01   0.0000000e+00   6.2632331e-02   9.3736767e-01
   5.8097220e-01   0.0000000e+00   6.3290598e-02   9.3670940e-01
   5.8215949e-01   0.0000000e+00   6.2916042e-02   9.3708396e-01
   5.8379711e-01   0.0000000e+00   6.2473856e-02   9.3752614e-01
   5.8395800e-01   0.0000000e+00   6.3289351e-02   9.3671065e-01
   5.8078453e-01   0.0000000e+00   6.3224756e-02   9.3677524e-01
   5.8048567e-01   0.0000000e+00   6.3174135e-02   9.3682587e-01
   5.8126090e-01   0.0000000e+00   6.3118463e-02   9.3688154e-01
   5.8074901e-01   0.0000000e+00   6.3696874e-02   9.3630313e-01
   5.8016145e-01   0.0000000e+00   6.3329770e-02   9.3667023e-01
   5.8080843e-01   0.0000000e+00   6.3443502e-02   9.3655650e-01
   5.8597185e-01   0.0000000e+00   6.2574473e-02   9.3742553e-01
   5.8272051e-01   0.0000000e+00   6.3176091e-02   9.3682391e-01
   5.8249974e-01   0.0000000e+00   6.2571310e-02   9.3742869e-01
   5.8094183e-01   0.0000000e+00   6.3584014e-02   9.3641599e-01
   5.8030077e-01   0.0000000e+00   6.3353197e-02   9.3664680e-01
   5.8042981e-01   0.0000000e+00   6.2942385e-02   9.3705761e-01
   5.8111490e-01   0.0000000e+00   6.3198713e-02   9.3680129e-01
   5.7979539e-01   0.0000000e+00   6.3563579e-02   9.3643642e-01
   5.7908467e-01   0.0000000e+00   6.2799065e-02   9.3720093e-01
   5.8095998e-01   0.0000000e+00   6.3410730e-02   9.3658927e-01
   5.8007527e-01   0.0000000e+00   6.2891576e-02   9.3710842e-01
   5.8389099e-01   0.0000000e+00   6.3041341e-02   9.3695866e-01
   5.8434373e-01   0.0000000e+00   6.2897479e-02   9.3710252e-01
   5.8002462e-01   0.0000000e+00   6.3221998e-02   9.3677800e-01
   5.7678230e-01   0.0000000e+00   6.3738398e-02   9.3626160e-01
   5.8022595e-01   0.0000000e+00   6.3367837e-02   9.3663216e-01
   5.7985446e-01   0.0000000e+00   6.3668061e-02   9.3633194e-01
   5.8079105e-01   0.0000000e+00   6.3433778e-02   9.3656622e-01
   5.8226423e-01   0.0000000e+00   6.3207491e-02   9.3679251e-01
   5.8078172e-01   0.0000000e+00   6.3346144e-02   9.3665386e-01
   5.7958104e-01   0.0000000e+00   6.3302218e-02   9.3669778e-01
   5.8096427e-01   0.0000000e+00   6.3253113e-02   9.3674689e-01
   5.8130220e-01   0.0000000e+00   6.3454860e-02   9.3654514e-01
   5.8154374e-01   0.0000000e+00   6.2701396e-02   9.3729860e-01
   5.7970321e-01   0.0000000e+00   6.3424723e-02   9.3657528e-01
   5.8182493e-01   0.0000000e+00   6.3218570e-02   9.3678143e-01
   5.8174098e-01   0.0000000e+00   6.3297003e-02   9.3670300e-01
   5.8233522e-01   0.0000000e+00   6.2863296e-02   9.3713670e-01
   5.7930347e-01   0.0000000e+00   6.2894901e-02   9.3710510e-01
   5.8216324e-01   0.0000000e+00   6.3474004e-02   9.3652600e-01
   5.7907399e-01   0.0000000e+00   6.3067171e-02   9.3693283e-01
   5.7955961e-01   0.0000000e+00   6.3077577e-02   9.3692242e-01
   5.7868129e-01   0.0000000e+00   6.3101739e-02   9.3689826e-01
   5.8006437e-01   0.0000000e+00   6.3355996e-02   9.3664400e-01
   5.8143326e-01   0.0000000e+00   6.3732063e-02   9.3626794e-01
   5.7806375e-01   0.0000000e+00   6.3041091e-02   9.3695891e-01
   5.8060664e-01   0.0000000e+00   6.3480908e-02   9.3651909e-01
   5.8138077e-01   0.0000000e+00   6.3526761e-02   9.3647324e-01
   5.7870160e-01   0.0000000e+00   6.3280824e-02   9.3671918e-01
   5.8034820e-01   0.0000000e+00   6.3366901e-02   9.3663310e-01
   5.8036051e-01   0.0000000e+00   6.2965079e-02   9.3703492e-01
   5.8020837e-01   0.0000000e+00   6.3143775e-02   9.3685623e-01
   5.8043034e-01   0.0000000e+00   6.3486614e-02   9.3651339e-01
   5.8150885e-01   0.0000000e+00   6.3811946e-02   9.3618805e-01
   5.7685142e-01   0.0000000e+00   6.3779715e-02   9.3622029e-01
   5.8243973e-01   0.0000000e+00   6.3607518e-02   9.3639248e-01
   5.7974988e-01   0.0000000e+00   6.2710857e-02   9.3728914e-01
   5.8043474e-01   0.0000000e+00   6.3199729e-02   9.3680027e-01
   5.8272268e-01   0.0000000e+00   6.3446149e-02   9.3655385e-01
   5.7899231e-01   0.0000000e+00   6.2497466e-02   9.3750253e-01
   5.7811131e-01   0.0000000e+00   6.3591359e-02   9.3640864e-01
   5.8067826e-01   0.0000000e+00   6.4013779e-02   9.3598622e-01
   5.8393145e-01   0.0000000e+00   6.3206019e-02   9.3679398e-01
   5.8077206e-01   0.0000000e+00   6.2953492e-02   9.3704651e-01
   5.8160849e-01   0.0000000e+00   6.3615495e-02   9.3638451e-01
   5.7966295e-01   0.0000000e+00   6.2552340e-02   9.3744766e-01
   5.8365349e-01   0.0000000e+00   6.1936483e-02   9.3806352e-01
   5.8050817e-01   0.0000000e+00   6.3488567e-02   9.3651143e-01
   5.8373603e-01   0.0000000e+00   6.2917140e-02   9.3708286e-01
   5.7719268e-01   0.0000000e+00   6.3424024e-02   9.3657598e-01
   5.8035342e-01   0.0000000e+00   6.4096601e-02   9.3590340e-01
   5.8108237e-01   0.0000000e+00   6.3560188e-02   9.3643981e-01
   5.8105448e-01   0.0000000e+00   6.3328882e-02   9.3667112e-01
   5.8742244e-01   0.0000000e+00   6.2144847e-02   9.3785515e-01
   5.7835290e-01   0.0000000e+00   6.2708457e-02   9.3729154e-01
   5.7622370e-01   0.0000000e+00   6.3431739e-02   9.3656826e-01
   5.8462337e-01   0.0000000e+00   6.1998323e-02   9.3800168e-01
   5.7812392e-01   0.0000000e+00   6.3538494e-02   9.3646151e-01
   5.8023494e-01   0.0000000e+00   6.3646736e-02   9.3635326e-01
   5.8103134e-01   0.0000000e+00   6.3520249e-02   9.3647975e-01
   5.8147633e-01   0.0000000e+00   6.3471279e-02   9.3652872e-01
   5.7765452e-01   0.0000000e+00   6.3613402e-02   9.3638660e-01
   5.8024480e-01   0.0000000e+00   6.3291457e-02   9.3670854e-01
   5.7798910e-01   0.0000000e+00   6.2357126e-02   9.3764287e-01
   5.8330133e-01   0.0000000e+00   6.3587468e-02   9.3641253e-01
   5.7795268e-01   0.0000000e+00   6.3353241e-02   9.3664676e-01
   5.8245077e-01   0.0000000e+00   6.3482745e-02   9.3651726e-01
   5.8520119e-01   0.0000000e+00   6.3431933e-02   9.3656807e-01
   5.7656375e-01   0.0000000e+00   6.3204128e-02   9.3679587e-01
   5.7678723e-01   0.0000000e+00   6.2822969e-02   9.3717703e-01
   5.7549681e-01   0.0000000e+00   6.3322221e-02   9.3667778e-01
   5.7742108e-01   0.0000000e+00   6.3522320e-02   9.3647768e-01
   5.8097798e-01   0.0000000e+00   6.3316729e-02   9.3668327e-01
   5.8084254e-01   0.0000000e+00   6.3247985e-02   9.3675201e-01
   5.8013147e-01   0.0000000e+00   6.2224068e-02   9.3777593e-01
   5.8123625e-01   0.0000000e+00   6.2917892e-02   9.3708211e-01
   5.8219266e-01   0.0000000e+00   6.3939096e-02   9.3606090e-01
   5.8190927e-01   0.0000000e+00   6.3524128e-02   9.3647587e-01
   5.7841372e-01   0.0000000e+00   6.3108731e-02   9.3689127e-01
   5.7976213e-01   0.0000000e+00   6.4467239e-02   9.3553276e-01
   5.7595911e-01   0.0000000e+00   6.3209449e-02   9.3679055e-01
   5.7902596e-01   0.0000000e+00   6.4169679e-02   9.3583032e-01
   5.7992506e-01   0.0000000e+00   6.2907052e-02   9.3709295e-01
   5.8204490e-01   0.0000000e+00   6.3192437e-02   9.3680756e-01
   5.8267248e-01   0.0000000e+00   6.3608465e-02   9.3639154e-01
   5.8116173e-01   0.0000000e+00   6.3674428e-02   9.3632557e-01
   5.8155022e-01   0.0000000e+00   6.3750870e-02   9.3624913e-01
   5.7986057e-01   0.0000000e+00   6.3589207e-02   9.3641079e-01
   5.7580106e-01   0.0000000e+00   6.3497082e-02   9.3650292e-01
   5.8217714e-01   0.0000000e+00   6.3548231e-02   9.3645177e-01
   5.7923344e-01   0.0000000e+00   6.2590575e-02   9.3740943e-01
   5.7582801e-01   0.0000000e+00   6.4182252e-02   9.3581775e-01
   5.8064982e-01   0.0000000e+00   6.3998596e-02   9.3600140e-01
   5.8288742e-01   0.0000000e+00   6.3645425e-02   9.3635458e-01
   5.8207452e-01   0.0000000e+00   6.3617625e-02   9.3638237e-01
   5.8055951e-01   0.0000000e+00   6.3847673e-02   9.3615233e-01
   5.7996061e-01   0.0000000e+00   6.3110275e-02   9.3688972e-01
   5.7853585e-01   0.0000000e+00   6.4766284e-02   9.3523372e-01
   5.8093389e-01   0.0000000e+00   6.3778153e-02   9.3622185e-01
   5.7619658e-01   0.0000000e+00   6.3433212e-02   9.3656679e-01
   5.7623451e-01   0.0000000e+00   6.3722156e-02   9.3627784e-01
   5.8108240e-01   0.0000000e+00   6.4349019e-02   9.3565098e-01
   5.7410214e-01   0.0000000e+00   6.3226383e-02   9.3677362e-01
   5.7829899e-01   0.0000000e+00   6.3528732e-02   9.3647127e-01
   5.8225391e-01   0.0000000e+00   6.3718812e-02   9.3628119e-01
   5.8217894e-01   0.0000000e+00   6.3830154e-02   9.3616985e-01
   5.7949187e-01   0.0000000e+00   6.4409151e-02   9.3559085e-01
   5.7512522e-01   0.0000000e+00   6.3946403e-02   9.3605360e-01
   5.8537621e-01   0.0000000e+00   6.3293609e-02   9.3670639e-01
   5.8381324e-01   0.0000000e+00   6.3688259e-02   9.3631174e-01
   5.8286677e-01   0.0000000e+00   6.3775444e-02   9.3622456e-01
   5.8330976e-01   0.0000000e+00   6.3594954e-02   9.3640505e-01
   5.8066362e-01   0.0000000e+00   6.3849508e-02   9.3615049e-01
   5.7453008e-01   0.0000000e+00   6.3241216e-02   9.3675878e-01
   5.8505822e-01   0.0000000e+00   6.3451177e-02   9.3654882e-01
   5.8159349e-01   0.0000000e+00   6.3814327e-02   9.3618567e-01
   5.8129027e-01   0.0000000e+00   6.3648163e-02   9.3635184e-01
   5.7438393e-01   0.0000000e+00   6.3307918e-02   9.3669208e-01
   5.8438711e-01   0.0000000e+00   6.3855253e-02   9.3614475e-01
   5.8329719e-01   0.0000000e+00   6.3872015e-02   9.3612798e-01
   5.8921362e-01   0.0000000e+00   6.2951151e-02   9.3704885e-01
   5.8080559e-01   0.0000000e+00   6.2972743e-02   9.3702726e-01
   5.8419638e-01   0.0000000e+00   6.3729776e-02   9.3627022e-01
   5.7584212e-01   0.0000000e+00   6.3764193e-02   9.3623581e-01
   5.7227787e-01   0.0000000e+00   6.3270184e-02   9.3672982e-01
   5.8185465e-01   0.0000000e+00   6.4530915e-02   9.3546908e-01
   5.8471513e-01   0.0000000e+00   6.2084334e-02   9.3791567e-01
   5.7707122e-01   0.0000000e+00   6.3286294e-02   9.3671371e-01
   5.8124050e-01   0.0000000e+00   6.3674818e-02   9.3632518e-01
   5.7510978e-01   0.0000000e+00   6.4058956e-02   9.3594104e-01
   5.8022155e-01   0.0000000e+00   6.4030322e-02   9.3596968e-01
   5.7186866e-01   0.0000000e+00   6.4258831e-02   9.3574117e-01
   5.7350279e-01   0.0000000e+00   6.4097678e-02   9.3590232e-01
   5.8453879e-01   0.0000000e+00   6.4055925e-02   9.3594407e-01
   5.8611536e-01   0.0000000e+00   6.3505758e-02   9.3649424e-01
   5.8446516e-01   0.0000000e+00   6.4025254e-02   9.3597475e-01
   5.8416863e-01   0.0000000e+00   6.3013874e-02   9.3698613e-01
   5.8666153e-01   0.0000000e+00   6.3049510e-02   9.3695049e-01
   5.7664657e-01   0.0000000e+00   6.3452127e-02   9.3654787e-01
   5.8157098e-01   0.0000000e+00   6.3953226e-02   9.3604677e-01
   5.7249335e-01   0.0000000e+00   6.3140131e-02   9.3685987e-01
   5.7105753e-01   0.0000000e+00   6.3985746e-02   9.3601425e-01
   5.8520401e-01   0.0000000e+00   6.2203897e-02   9.3779610e-01
   5.8280945e-01   0.0000000e+00   6.4066592e-02   9.3593341e-01
   5.8478662e-01   0.0000000e+00   6.3740114e-02   9.3625989e-01
   5.8467157e-01   0.0000000e+00   6.2804417e-02   9.3719558e-01
   5.7106572e-01   0.0000000e+00   6.4610916e-02   9.3538908e-01
   5.8971831e-01   0.0000000e+00   6.2533642e-02   9.3746636e-01
   5.8807943e-01   0.0000000e+00   6.3501799e-02   9.3649820e-01
   5.8118024e-01   0.0000000e+00   6.4312772e-02   9.3568723e-01
   5.7346518e-01   0.0000000e+00   6.5398670e-02   9.3460133e-01
   5.8687657e-01   0.0000000e+00   6.3981463e-02   9.3601854e-01
   5.8506244e-01   0.0000000e+00   6.3695240e-02   9.3630476e-01
   5.8381413e-01   0.0000000e+00   6.4204352e-02   9.3579565e-01
   5.8902986e-01   0.0000000e+00   6.3304464e-02   9.3669554e-01
   5.8314418e-01   0.0000000e+00   6.4320184e-02   9.3567982e-01
   5.8904798e-01   0.0000000e+00   6.3756718e-02   9.3624328e-01
   5.8517491e-01   0.0000000e+00   6.3818152e-02   9.3618185e-01
   5.8622376e-01   0.0000000e+00   6.3812739e-02   9.3618726e-01
   5.8591503e-01   0.0000000e+00   6.3782451e-02   9.3621755e-01
   5.8407946e-01   0.0000000e+00   6.4138264e-02   9.3586174e-01
   5.8545722e-01   0.0000000e+00   6.4273556e-02   9.3572644e-01
   5.7284472e-01   0.0000000e+00   6.3183074e-02   9.3681693e-01
   5.8820713e-01   0.0000000e+00   6.3519720e-02   9.3648028e-01
   5.8888493e-01   0.0000000e+00   6.3965939e-02   9.3603406e-01
   5.8588007e-01   0.0000000e+00   6.4651984e-02   9.3534802e-01
   5.7461501e-01   0.0000000e+00   6.4613531e-02   9.3538647e-01
   5.8369846e-01   0.0000000e+00   6.4130739e-02   9.3586926e-01
   5.8618104e-01   0.0000000e+00   6.3656318e-02   9.3634368e-01
   5.8240068e-01   0.0000000e+00   6.4347979e-02   9.3565202e-01
   5.8670481e-01   0.0000000e+00   6.4202489e-02   9.3579751e-01
   5.8611917e-01   0.0000000e+00   6.3412369e-02   9.3658763e-01
   5.8907737e-01   0.0000000e+00   6.3915538e-02   9.3608446e-01
   5.8092311e-01   0.0000000e+00   6.2848830e-02   9.3715117e-01
   5.8616479e-01   0.0000000e+00   6.3846196e-02   9.3615380e-01
   5.8769536e-01   0.0000000e+00   6.3998179e-02   9.3600182e-01
   5.9028512e-01   0.0000000e+00   6.3952444e-02   9.3604756e-01
   5.9037241e-01   0.0000000e+00   6.4012747e-02   9.3598725e-01
   5.8933372e-01   0.0000000e+00   6.3818403e-02   9.3618160e-01
   5.9033887e-01   0.0000000e+00   6.3530271e-02   9.3646973e-01
   5.8889353e-01   0.0000000e+00   6.4003591e-02   9.3599641e-01
