   1.9476452e-01   0.0000000e+00   1.1040481e-02   9.8895952e-01
   1.9477643e-01   0.0000000e+00   1.1220114e-02   9.8877989e-01
   1.9477683e-01   0.0000000e+00   1.1100074e-02   9.8889993e-01
   1.9478297e-01   0.0000000e+00   1.0965232e-02   9.8903477e-01
   1.9478543e-01   0.0000000e+00   1.1079649e-02   9.8892035e-01
   1.9478668e-01   0.0000000e+00   1.1074592e-02   9.8892541e-01
   1.9478732e-01   0.0000000e+00   1.1204879e-02   9.8879512e-01
   1.9478823e-01   0.0000000e+00   1.1334060e-02   9.8866594e-01
   1.9479211e-01   0.0000000e+00   1.1015430e-02   9.8898457e-01
   1.9479526e-01   0.0000000e+00   1.1171103e-02   9.8882890e-01
   1.9479787e-01   0.0000000e+00   1.1104341e-02   9.8889566e-01
   1.9479956e-01   0.0000000e+00   1.1031352e-02   9.8896865e-01
   1.9480143e-01   0.0000000e+00   1.1324267e-02   9.8867573e-01
   1.9480441e-01   0.0000000e+00   1.1415395e-02   9.8858461e-01
   1.9480971e-01   0.0000000e+00   1.1493012e-02   9.8850699e-01
   1.9481142e-01   0.0000000e+00   1.1192664e-02   9.8880734e-01
   1.9481786e-01   0.0000000e+00   1.1241149e-02   9.8875885e-01
   1.9481826e-01   0.0000000e+00   1.1295437e-02   9.8870456e-01
   1.9481895e-01   0.0000000e+00   1.1317692e-02   9.8868231e-01
   1.9481906e-01   0.0000000e+00   1.1149512e-02   9.8885049e-01
   1.9482115e-01   0.0000000e+00   1.1267230e-02   9.8873277e-01
   1.9482179e-01   0.0000000e+00   1.1549494e-02   9.8845051e-01
   1.9482348e-01   0.0000000e+00   1.1373643e-02   9.8862636e-01
   1.9482380e-01   0.0000000e+00   1.1244038e-02   9.8875596e-01
   1.9482403e-01   0.0000000e+00   1.1649517e-02   9.8835048e-01
   1.9482420e-01   0.0000000e+00   1.1229411e-02   9.8877059e-01
   1.9482553e-01   0.0000000e+00   1.1274420e-02   9.8872558e-01
   1.9482629e-01   0.0000000e+00   1.1393151e-02   9.8860685e-01
   1.9482642e-01   0.0000000e+00   1.1366056e-02   9.8863394e-01
   1.9482650e-01   0.0000000e+00   1.1431285e-02   9.8856872e-01
   1.9482669e-01   0.0000000e+00   1.1257445e-02   9.8874255e-01
   1.9482803e-01   0.0000000e+00   1.1429654e-02   9.8857035e-01
   1.9482863e-01   0.0000000e+00   1.1360249e-02   9.8863975e-01
   1.9482894e-01   0.0000000e+00   1.1356751e-02   9.8864325e-01
   1.9482909e-01   0.0000000e+00   1.1411516e-02   9.8858848e-01
   1.9482918e-01   0.0000000e+00   1.1432726e-02   9.8856727e-01
   1.9482979e-01   0.0000000e+00   1.1195404e-02   9.8880460e-01
   1.9483100e-01   0.0000000e+00   1.1224855e-02   9.8877514e-01
   1.9483218e-01   0.0000000e+00   1.1258609e-02   9.8874139e-01
   1.9483558e-01   0.0000000e+00   1.1284400e-02   9.8871560e-01
   1.9483714e-01   0.0000000e+00   1.1333008e-02   9.8866699e-01
   1.9483781e-01   0.0000000e+00   1.1459163e-02   9.8854084e-01
   1.9483877e-01   0.0000000e+00   1.1217970e-02   9.8878203e-01
   1.9483881e-01   0.0000000e+00   1.1317163e-02   9.8868284e-01
   1.9483923e-01   0.0000000e+00   1.1447251e-02   9.8855275e-01
   1.9484014e-01   0.0000000e+00   1.1508373e-02   9.8849163e-01
   1.9484091e-01   0.0000000e+00   1.1278864e-02   9.8872114e-01
   1.9484146e-01   0.0000000e+00   1.1242474e-02   9.8875753e-01
   1.9484348e-01   0.0000000e+00   1.1447090e-02   9.8855291e-01
   1.9484421e-01   0.0000000e+00   1.1492080e-02   9.8850792e-01
   1.9484667e-01   0.0000000e+00   1.1502202e-02   9.8849780e-01
   1.9484806e-01   0.0000000e+00   1.1180286e-02   9.8881971e-01
   1.9484859e-01   0.0000000e+00   1.1265544e-02   9.8873446e-01
   1.9484949e-01   0.0000000e+00   1.1615192e-02   9.8838481e-01
   1.9484985e-01   0.0000000e+00   1.1537650e-02   9.8846235e-01
   1.9485017e-01   0.0000000e+00   1.1741327e-02   9.8825867e-01
   1.9485071e-01   0.0000000e+00   1.1467020e-02   9.8853298e-01
   1.9485078e-01   0.0000000e+00   1.1531628e-02   9.8846837e-01
   1.9485307e-01   0.0000000e+00   1.1420983e-02   9.8857902e-01
   1.9485321e-01   0.0000000e+00   1.1269230e-02   9.8873077e-01
   1.9485527e-01   0.0000000e+00   1.1397200e-02   9.8860280e-01
   1.9485637e-01   0.0000000e+00   1.1302430e-02   9.8869757e-01
   1.9485677e-01   0.0000000e+00   1.1702817e-02   9.8829718e-01
   1.9485709e-01   0.0000000e+00   1.1469509e-02   9.8853049e-01
   1.9485735e-01   0.0000000e+00   1.1619321e-02   9.8838068e-01
   1.9485755e-01   0.0000000e+00   1.1445876e-02   9.8855412e-01
   1.9485893e-01   0.0000000e+00   1.1509416e-02   9.8849058e-01
   1.9485920e-01   0.0000000e+00   1.1612395e-02   9.8838761e-01
   1.9485988e-01   0.0000000e+00   1.1643420e-02   9.8835658e-01
   1.9485994e-01   0.0000000e+00   1.1508157e-02   9.8849184e-01
   1.9485998e-01   0.0000000e+00   1.1345822e-02   9.8865418e-01
   1.9486179e-01   0.0000000e+00   1.1558405e-02   9.8844160e-01
   1.9486235e-01   0.0000000e+00   1.1903816e-02   9.8809618e-01
   1.9486391e-01   0.0000000e+00   1.1187886e-02   9.8881211e-01
   1.9486535e-01   0.0000000e+00   1.1522192e-02   9.8847781e-01
   1.9486538e-01   0.0000000e+00   1.0858167e-02   9.8914183e-01
   1.9486559e-01   0.0000000e+00   1.1404165e-02   9.8859584e-01
   1.9486855e-01   0.0000000e+00   1.1165397e-02   9.8883460e-01
   1.9487032e-01   0.0000000e+00   1.1684142e-02   9.8831586e-01
   1.9487037e-01   0.0000000e+00   1.1458554e-02   9.8854145e-01
   1.9487115e-01   0.0000000e+00   1.1666873e-02   9.8833313e-01
   1.9487299e-01   0.0000000e+00   1.1724594e-02   9.8827541e-01
   1.9487362e-01   0.0000000e+00   1.1149305e-02   9.8885070e-01
   1.9487419e-01   0.0000000e+00   1.1358046e-02   9.8864195e-01
   1.9487479e-01   0.0000000e+00   1.1732792e-02   9.8826721e-01
   1.9487481e-01   0.0000000e+00   1.1621612e-02   9.8837839e-01
   1.9487504e-01   0.0000000e+00   1.1671532e-02   9.8832847e-01
   1.9487511e-01   0.0000000e+00   1.1577144e-02   9.8842286e-01
   1.9487522e-01   0.0000000e+00   1.1655331e-02   9.8834467e-01
   1.9487578e-01   0.0000000e+00   1.1633524e-02   9.8836648e-01
   1.9487611e-01   0.0000000e+00   1.1332875e-02   9.8866713e-01
   1.9487629e-01   0.0000000e+00   1.1649394e-02   9.8835061e-01
   1.9487776e-01   0.0000000e+00   1.1585490e-02   9.8841451e-01
   1.9487778e-01   0.0000000e+00   1.1702397e-02   9.8829760e-01
   1.9487889e-01   0.0000000e+00   1.1937127e-02   9.8806287e-01
   1.9487890e-01   0.0000000e+00   1.1084964e-02   9.8891504e-01
   1.9487976e-01   0.0000000e+00   1.1443537e-02   9.8855646e-01
   1.9488013e-01   0.0000000e+00   1.1951064e-02   9.8804894e-01
   1.9488050e-01   0.0000000e+00   1.1548098e-02   9.8845190e-01
   1.9488153e-01   0.0000000e+00   1.1555251e-02   9.8844475e-01
   1.9488189e-01   0.0000000e+00   1.1698861e-02   9.8830114e-01
   1.9488232e-01   0.0000000e+00   1.1676929e-02   9.8832307e-01
   1.9488294e-01   0.0000000e+00   1.1919677e-02   9.8808032e-01
   1.9488310e-01   0.0000000e+00   1.1780756e-02   9.8821924e-01
   1.9488331e-01   0.0000000e+00   1.1748354e-02   9.8825165e-01
   1.9488351e-01   0.0000000e+00   1.1726940e-02   9.8827306e-01
   1.9488473e-01   0.0000000e+00   1.1352434e-02   9.8864757e-01
   1.9488479e-01   0.0000000e+00   1.1820904e-02   9.8817910e-01
   1.9488485e-01   0.0000000e+00   1.1791303e-02   9.8820870e-01
   1.9488519e-01   0.0000000e+00   1.1940805e-02   9.8805920e-01
   1.9488554e-01   0.0000000e+00   1.1841319e-02   9.8815868e-01
   1.9488607e-01   0.0000000e+00   1.1693839e-02   9.8830616e-01
   1.9488611e-01   0.0000000e+00   1.1798472e-02   9.8820153e-01
   1.9488685e-01   0.0000000e+00   1.1784321e-02   9.8821568e-01
   1.9488726e-01   0.0000000e+00   1.1671802e-02   9.8832820e-01
   1.9488804e-01   0.0000000e+00   1.1775527e-02   9.8822447e-01
   1.9488995e-01   0.0000000e+00   1.1850522e-02   9.8814948e-01
   1.9489052e-01   0.0000000e+00   1.1797085e-02   9.8820292e-01
   1.9489066e-01   0.0000000e+00   1.1696131e-02   9.8830387e-01
   1.9489150e-01   0.0000000e+00   1.1490455e-02   9.8850954e-01
   1.9489210e-01   0.0000000e+00   1.1796256e-02   9.8820374e-01
   1.9489225e-01   0.0000000e+00   1.1856567e-02   9.8814343e-01
   1.9489341e-01   0.0000000e+00   1.1877307e-02   9.8812269e-01
   1.9489373e-01   0.0000000e+00   1.1890519e-02   9.8810948e-01
   1.9489534e-01   0.0000000e+00   1.2039465e-02   9.8796054e-01
   1.9489555e-01   0.0000000e+00   1.1827584e-02   9.8817242e-01
   1.9489565e-01   0.0000000e+00   1.1837593e-02   9.8816241e-01
   1.9489571e-01   0.0000000e+00   1.1815973e-02   9.8818403e-01
   1.9489585e-01   0.0000000e+00   1.1895170e-02   9.8810483e-01
   1.9489589e-01   0.0000000e+00   1.1506630e-02   9.8849337e-01
   1.9489628e-01   0.0000000e+00   1.1991821e-02   9.8800818e-01
   1.9489655e-01   0.0000000e+00   1.1902329e-02   9.8809767e-01
   1.9489875e-01   0.0000000e+00   1.1988287e-02   9.8801171e-01
   1.9489945e-01   0.0000000e+00   1.1893871e-02   9.8810613e-01
   1.9489997e-01   0.0000000e+00   1.1835179e-02   9.8816482e-01
   1.9490049e-01   0.0000000e+00   1.1924855e-02   9.8807514e-01
   1.9490064e-01   0.0000000e+00   1.1879141e-02   9.8812086e-01
   1.9490067e-01   0.0000000e+00   1.1702651e-02   9.8829735e-01
   1.9490137e-01   0.0000000e+00   1.1851559e-02   9.8814844e-01
   1.9490251e-01   0.0000000e+00   1.1832731e-02   9.8816727e-01
   1.9490264e-01   0.0000000e+00   1.1973873e-02   9.8802613e-01
   1.9490296e-01   0.0000000e+00   1.1978385e-02   9.8802162e-01
   1.9490299e-01   0.0000000e+00   1.1937336e-02   9.8806266e-01
   1.9490356e-01   0.0000000e+00   1.1962419e-02   9.8803758e-01
   1.9490393e-01   0.0000000e+00   1.1811349e-02   9.8818865e-01
   1.9490466e-01   0.0000000e+00   1.1946827e-02   9.8805317e-01
   1.9490549e-01   0.0000000e+00   1.1547474e-02   9.8845253e-01
   1.9490681e-01   0.0000000e+00   1.1922202e-02   9.8807780e-01
   1.9490837e-01   0.0000000e+00   1.2099885e-02   9.8790011e-01
   1.9490914e-01   0.0000000e+00   1.1894042e-02   9.8810596e-01
   1.9490960e-01   0.0000000e+00   1.1554554e-02   9.8844545e-01
   1.9490982e-01   0.0000000e+00   1.1980679e-02   9.8801932e-01
   1.9491097e-01   0.0000000e+00   1.1887016e-02   9.8811298e-01
   1.9491113e-01   0.0000000e+00   1.2007846e-02   9.8799215e-01
   1.9491122e-01   0.0000000e+00   1.2033949e-02   9.8796605e-01
   1.9491134e-01   0.0000000e+00   1.2107115e-02   9.8789289e-01
   1.9491161e-01   0.0000000e+00   1.2104489e-02   9.8789551e-01
   1.9491204e-01   0.0000000e+00   1.2099962e-02   9.8790004e-01
   1.9491212e-01   0.0000000e+00   1.1832937e-02   9.8816706e-01
   1.9491270e-01   0.0000000e+00   1.1820872e-02   9.8817913e-01
   1.9491370e-01   0.0000000e+00   1.1989086e-02   9.8801091e-01
   1.9491469e-01   0.0000000e+00   1.1986446e-02   9.8801355e-01
   1.9491513e-01   0.0000000e+00   1.1949827e-02   9.8805017e-01
   1.9491568e-01   0.0000000e+00   1.1999500e-02   9.8800050e-01
   1.9491610e-01   0.0000000e+00   1.2079820e-02   9.8792018e-01
   1.9491631e-01   0.0000000e+00   1.2054844e-02   9.8794516e-01
   1.9491643e-01   0.0000000e+00   1.1957302e-02   9.8804270e-01
   1.9491664e-01   0.0000000e+00   1.1931109e-02   9.8806889e-01
   1.9491704e-01   0.0000000e+00   1.2076915e-02   9.8792309e-01
   1.9491726e-01   0.0000000e+00   1.2055558e-02   9.8794444e-01
   1.9491737e-01   0.0000000e+00   1.2059503e-02   9.8794050e-01
   1.9491748e-01   0.0000000e+00   1.2120093e-02   9.8787991e-01
   1.9491779e-01   0.0000000e+00   1.2018562e-02   9.8798144e-01
   1.9491845e-01   0.0000000e+00   1.2142072e-02   9.8785793e-01
   1.9491914e-01   0.0000000e+00   1.1882009e-02   9.8811799e-01
   1.9491997e-01   0.0000000e+00   1.2035443e-02   9.8796456e-01
   1.9492136e-01   0.0000000e+00   1.2147261e-02   9.8785274e-01
   1.9492168e-01   0.0000000e+00   1.2042447e-02   9.8795755e-01
   1.9492225e-01   0.0000000e+00   1.2076936e-02   9.8792306e-01
   1.9492261e-01   0.0000000e+00   1.2004455e-02   9.8799555e-01
   1.9492298e-01   0.0000000e+00   1.2018673e-02   9.8798133e-01
   1.9492311e-01   0.0000000e+00   1.1918611e-02   9.8808139e-01
   1.9492318e-01   0.0000000e+00   1.2098933e-02   9.8790107e-01
   1.9492345e-01   0.0000000e+00   1.2185496e-02   9.8781450e-01
   1.9492364e-01   0.0000000e+00   1.1957436e-02   9.8804256e-01
   1.9492370e-01   0.0000000e+00   1.2115841e-02   9.8788416e-01
   1.9492394e-01   0.0000000e+00   1.2035390e-02   9.8796461e-01
   1.9492423e-01   0.0000000e+00   1.2078219e-02   9.8792178e-01
   1.9492430e-01   0.0000000e+00   1.1988735e-02   9.8801126e-01
   1.9492561e-01   0.0000000e+00   1.2089886e-02   9.8791011e-01
   1.9492563e-01   0.0000000e+00   1.2036681e-02   9.8796332e-01
   1.9492600e-01   0.0000000e+00   1.2117482e-02   9.8788252e-01
   1.9492609e-01   0.0000000e+00   1.1994832e-02   9.8800517e-01
   1.9492870e-01   0.0000000e+00   1.2061139e-02   9.8793886e-01
   1.9492912e-01   0.0000000e+00   1.2185477e-02   9.8781452e-01
   1.9493005e-01   0.0000000e+00   1.2001243e-02   9.8799876e-01
   1.9493072e-01   0.0000000e+00   1.2250471e-02   9.8774953e-01
   1.9493339e-01   0.0000000e+00   1.2122444e-02   9.8787756e-01
   1.9493358e-01   0.0000000e+00   1.1378735e-02   9.8862127e-01
   1.9493436e-01   0.0000000e+00   1.2127661e-02   9.8787234e-01
   1.9493501e-01   0.0000000e+00   1.2072078e-02   9.8792792e-01
   1.9493502e-01   0.0000000e+00   1.2025543e-02   9.8797446e-01
   1.9493688e-01   0.0000000e+00   1.2061403e-02   9.8793860e-01
   1.9493739e-01   0.0000000e+00   1.2040496e-02   9.8795950e-01
   1.9493762e-01   0.0000000e+00   1.2140623e-02   9.8785938e-01
   1.9493812e-01   0.0000000e+00   1.2210723e-02   9.8778928e-01
   1.9493821e-01   0.0000000e+00   1.2113955e-02   9.8788605e-01
   1.9493959e-01   0.0000000e+00   1.2065700e-02   9.8793430e-01
   1.9494084e-01   0.0000000e+00   1.2222573e-02   9.8777743e-01
   1.9494101e-01   0.0000000e+00   1.1909902e-02   9.8809010e-01
   1.9494110e-01   0.0000000e+00   1.2231931e-02   9.8776807e-01
   1.9494145e-01   0.0000000e+00   1.0954476e-02   9.8904552e-01
   1.9494210e-01   0.0000000e+00   1.1971887e-02   9.8802811e-01
   1.9494307e-01   0.0000000e+00   1.2129270e-02   9.8787073e-01
   1.9494335e-01   0.0000000e+00   1.2169791e-02   9.8783021e-01
   1.9494341e-01   0.0000000e+00   1.1922146e-02   9.8807785e-01
   1.9494415e-01   0.0000000e+00   1.2078857e-02   9.8792114e-01
   1.9494418e-01   0.0000000e+00   1.2102242e-02   9.8789776e-01
   1.9494473e-01   0.0000000e+00   1.2166612e-02   9.8783339e-01
   1.9494506e-01   0.0000000e+00   1.1964536e-02   9.8803546e-01
   1.9494608e-01   0.0000000e+00   1.1842415e-02   9.8815759e-01
   1.9494643e-01   0.0000000e+00   1.2061591e-02   9.8793841e-01
   1.9494678e-01   0.0000000e+00   1.2300133e-02   9.8769987e-01
   1.9494821e-01   0.0000000e+00   1.1966505e-02   9.8803349e-01
   1.9494922e-01   0.0000000e+00   1.1972396e-02   9.8802760e-01
   1.9494923e-01   0.0000000e+00   1.1442653e-02   9.8855735e-01
   1.9494924e-01   0.0000000e+00   1.2178308e-02   9.8782169e-01
   1.9495237e-01   0.0000000e+00   1.2100074e-02   9.8789993e-01
   1.9495272e-01   0.0000000e+00   1.2078175e-02   9.8792182e-01
   1.9495647e-01   0.0000000e+00   1.2289879e-02   9.8771012e-01
   1.9495736e-01   0.0000000e+00   1.2097351e-02   9.8790265e-01
   1.9495750e-01   0.0000000e+00   1.2133247e-02   9.8786675e-01
   1.9495753e-01   0.0000000e+00   1.2000510e-02   9.8799949e-01
   1.9495798e-01   0.0000000e+00   1.2072434e-02   9.8792757e-01
   1.9495988e-01   0.0000000e+00   1.1995754e-02   9.8800425e-01
   1.9496175e-01   0.0000000e+00   1.1873044e-02   9.8812696e-01
   1.9496243e-01   0.0000000e+00   1.2024543e-02   9.8797546e-01
   1.9496249e-01   0.0000000e+00   1.1976013e-02   9.8802399e-01
   1.9496320e-01   0.0000000e+00   1.2297438e-02   9.8770256e-01
   1.9496417e-01   0.0000000e+00   1.1666212e-02   9.8833379e-01
   1.9496461e-01   0.0000000e+00   1.2285140e-02   9.8771486e-01
   1.9496527e-01   0.0000000e+00   1.2213222e-02   9.8778678e-01
   1.9496558e-01   0.0000000e+00   1.2165868e-02   9.8783413e-01
   1.9496628e-01   0.0000000e+00   1.1920841e-02   9.8807916e-01
   1.9496886e-01   0.0000000e+00   1.2163032e-02   9.8783697e-01
   1.9496931e-01   0.0000000e+00   1.2111771e-02   9.8788823e-01
   1.9496952e-01   0.0000000e+00   1.1857994e-02   9.8814201e-01
   1.9497105e-01   0.0000000e+00   1.2025884e-02   9.8797412e-01
   1.9497143e-01   0.0000000e+00   1.1975726e-02   9.8802427e-01
   1.9497257e-01   0.0000000e+00   1.1841536e-02   9.8815846e-01
   1.9497357e-01   0.0000000e+00   1.2146441e-02   9.8785356e-01
   1.9497360e-01   0.0000000e+00   1.2133758e-02   9.8786624e-01
   1.9497446e-01   0.0000000e+00   1.2330147e-02   9.8766985e-01
   1.9497550e-01   0.0000000e+00   1.2035615e-02   9.8796439e-01
   1.9497692e-01   0.0000000e+00   1.2299736e-02   9.8770026e-01
   1.9497781e-01   0.0000000e+00   1.2449732e-02   9.8755027e-01
   1.9498231e-01   0.0000000e+00   1.2248077e-02   9.8775192e-01
   1.9498245e-01   0.0000000e+00   1.2188250e-02   9.8781175e-01
   1.9498270e-01   0.0000000e+00   1.2263748e-02   9.8773625e-01
   1.9498549e-01   0.0000000e+00   1.2053167e-02   9.8794683e-01
   1.9498595e-01   0.0000000e+00   1.1872524e-02   9.8812748e-01
   1.9498595e-01   0.0000000e+00   1.2494693e-02   9.8750531e-01
   1.9498659e-01   0.0000000e+00   1.1880542e-02   9.8811946e-01
   1.9498821e-01   0.0000000e+00   1.2086064e-02   9.8791394e-01
   1.9498878e-01   0.0000000e+00   1.2162412e-02   9.8783759e-01
   1.9499016e-01   0.0000000e+00   1.2177119e-02   9.8782288e-01
   1.9499108e-01   0.0000000e+00   1.2253936e-02   9.8774606e-01
   1.9499556e-01   0.0000000e+00   1.2176534e-02   9.8782347e-01
   1.9499715e-01   0.0000000e+00   1.2363429e-02   9.8763657e-01
   1.9499730e-01   0.0000000e+00   1.2084344e-02   9.8791566e-01
   1.9499734e-01   0.0000000e+00   1.1971783e-02   9.8802822e-01
   1.9499781e-01   0.0000000e+00   1.2094022e-02   9.8790598e-01
   1.9499837e-01   0.0000000e+00   1.2385000e-02   9.8761500e-01
   1.9499931e-01   0.0000000e+00   1.2386751e-02   9.8761325e-01
   1.9500013e-01   0.0000000e+00   1.1963640e-02   9.8803636e-01
   1.9500151e-01   0.0000000e+00   1.1995689e-02   9.8800431e-01
   1.9500251e-01   0.0000000e+00   1.2098069e-02   9.8790193e-01
   1.9500312e-01   0.0000000e+00   1.2065231e-02   9.8793477e-01
   1.9500395e-01   0.0000000e+00   1.2358855e-02   9.8764114e-01
   1.9500404e-01   0.0000000e+00   1.2160763e-02   9.8783924e-01
   1.9500480e-01   0.0000000e+00   1.1604347e-02   9.8839565e-01
   1.9500724e-01   0.0000000e+00   1.1739647e-02   9.8826035e-01
   1.9500731e-01   0.0000000e+00   1.2451281e-02   9.8754872e-01
   1.9500743e-01   0.0000000e+00   1.2109293e-02   9.8789071e-01
   1.9501080e-01   0.0000000e+00   1.2218541e-02   9.8778146e-01
   1.9501197e-01   0.0000000e+00   1.1850653e-02   9.8814935e-01
   1.9501214e-01   0.0000000e+00   1.2359437e-02   9.8764056e-01
   1.9501263e-01   0.0000000e+00   1.2055661e-02   9.8794434e-01
   1.9501404e-01   0.0000000e+00   1.2001852e-02   9.8799815e-01
   1.9501435e-01   0.0000000e+00   1.2644224e-02   9.8735578e-01
   1.9501519e-01   0.0000000e+00   1.2542822e-02   9.8745718e-01
   1.9501532e-01   0.0000000e+00   1.1980719e-02   9.8801928e-01
   1.9501660e-01   0.0000000e+00   1.2646969e-02   9.8735303e-01
   1.9501706e-01   0.0000000e+00   1.1948310e-02   9.8805169e-01
   1.9502042e-01   0.0000000e+00   1.2544737e-02   9.8745526e-01
   1.9502157e-01   0.0000000e+00   1.1977416e-02   9.8802258e-01
   1.9502173e-01   0.0000000e+00   1.2222935e-02   9.8777707e-01
   1.9502383e-01   0.0000000e+00   1.2167446e-02   9.8783255e-01
   1.9502491e-01   0.0000000e+00   1.1933720e-02   9.8806628e-01
   1.9502559e-01   0.0000000e+00   1.2406169e-02   9.8759383e-01
   1.9502676e-01   0.0000000e+00   1.1809929e-02   9.8819007e-01
   1.9502881e-01   0.0000000e+00   1.1812027e-02   9.8818797e-01
   1.9502883e-01   0.0000000e+00   1.2408160e-02   9.8759184e-01
   1.9503034e-01   0.0000000e+00   1.2307041e-02   9.8769296e-01
   1.9503130e-01   0.0000000e+00   1.1874789e-02   9.8812521e-01
   1.9503347e-01   0.0000000e+00   1.1872657e-02   9.8812734e-01
   1.9503884e-01   0.0000000e+00   1.1896930e-02   9.8810307e-01
   1.9503911e-01   0.0000000e+00   1.1998910e-02   9.8800109e-01
   1.9504265e-01   0.0000000e+00   1.2035163e-02   9.8796484e-01
   1.9504279e-01   0.0000000e+00   1.2570713e-02   9.8742929e-01
   1.9504402e-01   0.0000000e+00   1.1962807e-02   9.8803719e-01
   1.9504569e-01   0.0000000e+00   1.2404835e-02   9.8759516e-01
   1.9504993e-01   0.0000000e+00   1.1818573e-02   9.8818143e-01
   1.9505089e-01   0.0000000e+00   1.1653059e-02   9.8834694e-01
   1.9505137e-01   0.0000000e+00   1.2099113e-02   9.8790089e-01
   1.9505181e-01   0.0000000e+00   1.1987211e-02   9.8801279e-01
   1.9505925e-01   0.0000000e+00   1.1837000e-02   9.8816300e-01
   1.9506292e-01   0.0000000e+00   1.1991967e-02   9.8800803e-01
   1.9506357e-01   0.0000000e+00   1.2105941e-02   9.8789406e-01
   1.9506400e-01   0.0000000e+00   1.1982869e-02   9.8801713e-01
   1.9506540e-01   0.0000000e+00   1.2444765e-02   9.8755523e-01
   1.9506628e-01   0.0000000e+00   1.2114820e-02   9.8788518e-01
   1.9506705e-01   0.0000000e+00   1.2805546e-02   9.8719445e-01
   1.9506819e-01   0.0000000e+00   1.2316350e-02   9.8768365e-01
   1.9507671e-01   0.0000000e+00   1.1829288e-02   9.8817071e-01
   1.9507852e-01   0.0000000e+00   1.1828342e-02   9.8817166e-01
   1.9507873e-01   0.0000000e+00   1.2781805e-02   9.8721820e-01
   1.9507883e-01   0.0000000e+00   1.1916219e-02   9.8808378e-01
   1.9508178e-01   0.0000000e+00   1.1615413e-02   9.8838459e-01
   1.9508568e-01   0.0000000e+00   1.2762723e-02   9.8723728e-01
   1.9508599e-01   0.0000000e+00   1.1591783e-02   9.8840822e-01
   1.9509066e-01   0.0000000e+00   1.2068866e-02   9.8793113e-01
   1.9509267e-01   0.0000000e+00   1.1970512e-02   9.8802949e-01
   1.9509296e-01   0.0000000e+00   1.1624799e-02   9.8837520e-01
   1.9509365e-01   0.0000000e+00   1.1918642e-02   9.8808136e-01
   1.9509582e-01   0.0000000e+00   1.1897182e-02   9.8810282e-01
   1.9510153e-01   0.0000000e+00   1.1808825e-02   9.8819117e-01
   1.9510243e-01   0.0000000e+00   1.1805415e-02   9.8819459e-01
   1.9511227e-01   0.0000000e+00   1.1567024e-02   9.8843298e-01
   1.9511659e-01   0.0000000e+00   1.2249521e-02   9.8775048e-01
   1.9511824e-01   0.0000000e+00   1.1712102e-02   9.8828790e-01
   1.9512336e-01   0.0000000e+00   1.1658575e-02   9.8834142e-01
   1.9512756e-01   0.0000000e+00   1.1679695e-02   9.8832031e-01
   1.9513342e-01   0.0000000e+00   1.1507629e-02   9.8849237e-01
   1.9513562e-01   0.0000000e+00   1.1698386e-02   9.8830161e-01
   1.9513936e-01   0.0000000e+00   1.1569327e-02   9.8843067e-01
   1.9514299e-01   0.0000000e+00   1.1854585e-02   9.8814541e-01
   1.9514432e-01   0.0000000e+00   1.1760977e-02   9.8823902e-01
   1.9514596e-01   0.0000000e+00   1.1423541e-02   9.8857646e-01
   1.9514800e-01   0.0000000e+00   1.2199725e-02   9.8780027e-01
   1.9516524e-01   0.0000000e+00   1.1610566e-02   9.8838943e-01
   1.9516621e-01   0.0000000e+00   1.1700579e-02   9.8829942e-01
   1.9516662e-01   0.0000000e+00   1.1550995e-02   9.8844900e-01
   1.9516988e-01   0.0000000e+00   1.1984913e-02   9.8801509e-01
   1.9517105e-01   0.0000000e+00   1.2194044e-02   9.8780596e-01
   1.9517109e-01   0.0000000e+00   1.1522726e-02   9.8847727e-01
   1.9517990e-01   0.0000000e+00   1.1755855e-02   9.8824414e-01
   1.9518140e-01   0.0000000e+00   1.1816570e-02   9.8818343e-01
   1.9518407e-01   0.0000000e+00   1.1463534e-02   9.8853647e-01
   1.9518607e-01   0.0000000e+00   1.1666571e-02   9.8833343e-01
   1.9518656e-01   0.0000000e+00   1.1375398e-02   9.8862460e-01
   1.9519165e-01   0.0000000e+00   1.1548734e-02   9.8845127e-01
   1.9519262e-01   0.0000000e+00   1.1488241e-02   9.8851176e-01
   1.9519398e-01   0.0000000e+00   1.1488613e-02   9.8851139e-01
   1.9519632e-01   0.0000000e+00   1.1664689e-02   9.8833531e-01
   1.9520487e-01   0.0000000e+00   1.1936830e-02   9.8806317e-01
   1.9520979e-01   0.0000000e+00   1.1261589e-02   9.8873841e-01
   1.9521408e-01   0.0000000e+00   1.1629660e-02   9.8837034e-01
   1.9521411e-01   0.0000000e+00   1.1768506e-02   9.8823149e-01
   1.9521493e-01   0.0000000e+00   1.1521045e-02   9.8847896e-01
   1.9521905e-01   0.0000000e+00   1.1528482e-02   9.8847152e-01
   1.9522854e-01   0.0000000e+00   1.2601822e-02   9.8739818e-01
   1.9522947e-01   0.0000000e+00   1.1422302e-02   9.8857770e-01
   1.9522989e-01   0.0000000e+00   1.1307729e-02   9.8869227e-01
   1.9523138e-01   0.0000000e+00   1.1702404e-02   9.8829760e-01
   1.9523354e-01   0.0000000e+00   1.1805152e-02   9.8819485e-01
   1.9523428e-01   0.0000000e+00   1.1683465e-02   9.8831653e-01
   1.9523739e-01   0.0000000e+00   1.1564657e-02   9.8843534e-01
   1.9523923e-01   0.0000000e+00   1.1463924e-02   9.8853608e-01
   1.9524647e-01   0.0000000e+00   1.1477731e-02   9.8852227e-01
   1.9524824e-01   0.0000000e+00   1.1367731e-02   9.8863227e-01
   1.9525293e-01   0.0000000e+00   1.1780727e-02   9.8821927e-01
   1.9525602e-01   0.0000000e+00   1.1457864e-02   9.8854214e-01
   1.9526958e-01   0.0000000e+00   1.1510548e-02   9.8848945e-01
   1.9527046e-01   0.0000000e+00   1.1424315e-02   9.8857569e-01
   1.9527911e-01   0.0000000e+00   1.1916116e-02   9.8808388e-01
   1.9527997e-01   0.0000000e+00   1.1801561e-02   9.8819844e-01
   1.9528060e-01   0.0000000e+00   1.1328154e-02   9.8867185e-01
   1.9528530e-01   0.0000000e+00   1.1493340e-02   9.8850666e-01
   1.9528668e-01   0.0000000e+00   1.1317228e-02   9.8868277e-01
   1.9529049e-01   0.0000000e+00   1.1585271e-02   9.8841473e-01
   1.9529059e-01   0.0000000e+00   1.1337508e-02   9.8866249e-01
   1.9529117e-01   0.0000000e+00   1.1320466e-02   9.8867953e-01
   1.9529470e-01   0.0000000e+00   1.1300600e-02   9.8869940e-01
   1.9530009e-01   0.0000000e+00   1.1552198e-02   9.8844780e-01
   1.9530017e-01   0.0000000e+00   1.1381124e-02   9.8861888e-01
   1.9530088e-01   0.0000000e+00   1.1758195e-02   9.8824181e-01
   1.9530173e-01   0.0000000e+00   1.1258000e-02   9.8874200e-01
   1.9530338e-01   0.0000000e+00   1.1184041e-02   9.8881596e-01
   1.9532597e-01   0.0000000e+00   1.1572212e-02   9.8842779e-01
   1.9532609e-01   0.0000000e+00   1.1019195e-02   9.8898080e-01
   1.9532792e-01   0.0000000e+00   1.1505385e-02   9.8849461e-01
   1.9533601e-01   0.0000000e+00   1.1973019e-02   9.8802698e-01
   1.9533819e-01   0.0000000e+00   1.1460224e-02   9.8853978e-01
   1.9534304e-01   0.0000000e+00   1.1445567e-02   9.8855443e-01
   1.9535171e-01   0.0000000e+00   1.1128634e-02   9.8887137e-01
   1.9535249e-01   0.0000000e+00   1.1294338e-02   9.8870566e-01
   1.9535310e-01   0.0000000e+00   1.1511829e-02   9.8848817e-01
   1.9535356e-01   0.0000000e+00   1.1286546e-02   9.8871345e-01
   1.9536475e-01   0.0000000e+00   1.1480405e-02   9.8851959e-01
   1.9536919e-01   0.0000000e+00   1.1278051e-02   9.8872195e-01
   1.9537210e-01   0.0000000e+00   1.1677261e-02   9.8832274e-01
   1.9537797e-01   0.0000000e+00   1.1367957e-02   9.8863204e-01
   1.9538957e-01   0.0000000e+00   1.1200376e-02   9.8879962e-01
   1.9539331e-01   0.0000000e+00   1.1521091e-02   9.8847891e-01
   1.9539352e-01   0.0000000e+00   1.1309827e-02   9.8869017e-01
   1.9540117e-01   0.0000000e+00   1.1725056e-02   9.8827494e-01
   1.9541349e-01   0.0000000e+00   1.1104172e-02   9.8889583e-01
   1.9541382e-01   0.0000000e+00   1.1172492e-02   9.8882751e-01
   1.9541853e-01   0.0000000e+00   1.1348019e-02   9.8865198e-01
   1.9542322e-01   0.0000000e+00   1.1141571e-02   9.8885843e-01
   1.9543023e-01   0.0000000e+00   1.1154447e-02   9.8884555e-01
   1.9544041e-01   0.0000000e+00   1.1264792e-02   9.8873521e-01
   1.9544073e-01   0.0000000e+00   1.1412613e-02   9.8858739e-01
   1.9544147e-01   0.0000000e+00   1.0880026e-02   9.8911997e-01
   1.9544256e-01   0.0000000e+00   1.2185077e-02   9.8781492e-01
   1.9544470e-01   0.0000000e+00   1.1983296e-02   9.8801670e-01
   1.9544544e-01   0.0000000e+00   1.1223176e-02   9.8877682e-01
   1.9545094e-01   0.0000000e+00   1.1479433e-02   9.8852057e-01
   1.9545325e-01   0.0000000e+00   1.1337109e-02   9.8866289e-01
   1.9545884e-01   0.0000000e+00   1.1198975e-02   9.8880102e-01
   1.9547012e-01   0.0000000e+00   1.1038025e-02   9.8896198e-01
   1.9547077e-01   0.0000000e+00   1.0967081e-02   9.8903292e-01
   1.9547225e-01   0.0000000e+00   1.1649157e-02   9.8835084e-01
   1.9547527e-01   0.0000000e+00   1.1122977e-02   9.8887702e-01
   1.9548720e-01   0.0000000e+00   1.0925499e-02   9.8907450e-01
   1.9548980e-01   0.0000000e+00   1.1022216e-02   9.8897778e-01
   1.9549180e-01   0.0000000e+00   1.1224812e-02   9.8877519e-01
   1.9549192e-01   0.0000000e+00   1.1505171e-02   9.8849483e-01
   1.9549465e-01   0.0000000e+00   1.1091597e-02   9.8890840e-01
   1.9549570e-01   0.0000000e+00   1.1229630e-02   9.8877037e-01
   1.9549662e-01   0.0000000e+00   1.1461390e-02   9.8853861e-01
   1.9550206e-01   0.0000000e+00   1.1586597e-02   9.8841340e-01
   1.9550279e-01   0.0000000e+00   1.1296663e-02   9.8870334e-01
   1.9550286e-01   0.0000000e+00   1.1603715e-02   9.8839629e-01
   1.9550298e-01   0.0000000e+00   1.1377616e-02   9.8862238e-01
   1.9550390e-01   0.0000000e+00   1.1585795e-02   9.8841420e-01
   1.9550917e-01   0.0000000e+00   1.1478529e-02   9.8852147e-01
   1.9551299e-01   0.0000000e+00   1.1008112e-02   9.8899189e-01
   1.9551951e-01   0.0000000e+00   1.1463178e-02   9.8853682e-01
   1.9552067e-01   0.0000000e+00   1.1772936e-02   9.8822706e-01
   1.9552078e-01   0.0000000e+00   1.1330619e-02   9.8866938e-01
   1.9552247e-01   0.0000000e+00   1.1478939e-02   9.8852106e-01
   1.9552338e-01   0.0000000e+00   1.1264296e-02   9.8873570e-01
   1.9552692e-01   0.0000000e+00   1.1397304e-02   9.8860270e-01
   1.9552742e-01   0.0000000e+00   1.1319052e-02   9.8868095e-01
   1.9552845e-01   0.0000000e+00   1.1547433e-02   9.8845257e-01
   1.9552993e-01   0.0000000e+00   1.1359631e-02   9.8864037e-01
   1.9553062e-01   0.0000000e+00   1.1583854e-02   9.8841615e-01
   1.9553188e-01   0.0000000e+00   1.1498142e-02   9.8850186e-01
   1.9553469e-01   0.0000000e+00   1.1521730e-02   9.8847827e-01
   1.9553494e-01   0.0000000e+00   1.1796669e-02   9.8820333e-01
   1.9553569e-01   0.0000000e+00   1.1612285e-02   9.8838771e-01
   1.9553694e-01   0.0000000e+00   1.1036118e-02   9.8896388e-01
   1.9553788e-01   0.0000000e+00   1.1264192e-02   9.8873581e-01
   1.9553827e-01   0.0000000e+00   1.1627025e-02   9.8837297e-01
   1.9553862e-01   0.0000000e+00   1.1138438e-02   9.8886156e-01
   1.9554005e-01   0.0000000e+00   1.1621544e-02   9.8837846e-01
   1.9554024e-01   0.0000000e+00   1.1843898e-02   9.8815610e-01
   1.9554155e-01   0.0000000e+00   1.1660923e-02   9.8833908e-01
   1.9554388e-01   0.0000000e+00   1.1758784e-02   9.8824122e-01
   1.9554465e-01   0.0000000e+00   1.1747698e-02   9.8825230e-01
   1.9554503e-01   0.0000000e+00   1.1708210e-02   9.8829179e-01
   1.9554510e-01   0.0000000e+00   1.1671756e-02   9.8832824e-01
   1.9554589e-01   0.0000000e+00   1.1674388e-02   9.8832561e-01
   1.9554817e-01   0.0000000e+00   1.1634116e-02   9.8836588e-01
   1.9554883e-01   0.0000000e+00   1.1855703e-02   9.8814430e-01
   1.9554917e-01   0.0000000e+00   1.1682209e-02   9.8831779e-01
   1.9555023e-01   0.0000000e+00   1.1842617e-02   9.8815738e-01
   1.9555251e-01   0.0000000e+00   1.1335711e-02   9.8866429e-01
   1.9555373e-01   0.0000000e+00   1.1907809e-02   9.8809219e-01
   1.9555543e-01   0.0000000e+00   1.1890350e-02   9.8810965e-01
   1.9555600e-01   0.0000000e+00   1.0957481e-02   9.8904252e-01
   1.9555640e-01   0.0000000e+00   1.1007350e-02   9.8899265e-01
   1.9555888e-01   0.0000000e+00   1.1923112e-02   9.8807689e-01
   1.9555922e-01   0.0000000e+00   1.2027460e-02   9.8797254e-01
   1.9556015e-01   0.0000000e+00   1.1958183e-02   9.8804182e-01
   1.9556025e-01   0.0000000e+00   1.1968862e-02   9.8803114e-01
   1.9556061e-01   0.0000000e+00   1.1938036e-02   9.8806196e-01
   1.9556111e-01   0.0000000e+00   1.1981530e-02   9.8801847e-01
   1.9556251e-01   0.0000000e+00   1.2063269e-02   9.8793673e-01
   1.9556366e-01   0.0000000e+00   1.2137168e-02   9.8786283e-01
   1.9556535e-01   0.0000000e+00   1.2244556e-02   9.8775544e-01
   1.9556558e-01   0.0000000e+00   1.2134346e-02   9.8786565e-01
   1.9556591e-01   0.0000000e+00   1.1945670e-02   9.8805433e-01
   1.9556632e-01   0.0000000e+00   1.2081533e-02   9.8791847e-01
   1.9556982e-01   0.0000000e+00   1.2012721e-02   9.8798728e-01
   1.9557028e-01   0.0000000e+00   1.2306194e-02   9.8769381e-01
   1.9557037e-01   0.0000000e+00   1.2121469e-02   9.8787853e-01
   1.9557089e-01   0.0000000e+00   1.2005016e-02   9.8799498e-01
   1.9557257e-01   0.0000000e+00   1.2016163e-02   9.8798384e-01
   1.9557329e-01   0.0000000e+00   1.1937557e-02   9.8806244e-01
   1.9557533e-01   0.0000000e+00   1.2238404e-02   9.8776160e-01
   1.9557834e-01   0.0000000e+00   1.2184449e-02   9.8781555e-01
   1.9557866e-01   0.0000000e+00   1.2006347e-02   9.8799365e-01
   1.9557963e-01   0.0000000e+00   1.1964588e-02   9.8803541e-01
   1.9558266e-01   0.0000000e+00   1.2198462e-02   9.8780154e-01
   1.9558341e-01   0.0000000e+00   1.2031431e-02   9.8796857e-01
   1.9558535e-01   0.0000000e+00   1.2311778e-02   9.8768822e-01
   1.9558774e-01   0.0000000e+00   1.2250003e-02   9.8775000e-01
   1.9559399e-01   0.0000000e+00   1.1106188e-02   9.8889381e-01
   1.9559542e-01   0.0000000e+00   1.1983317e-02   9.8801668e-01
   1.9559685e-01   0.0000000e+00   1.1832372e-02   9.8816763e-01
   1.9559888e-01   0.0000000e+00   1.2124497e-02   9.8787550e-01
   1.9560326e-01   0.0000000e+00   1.2348778e-02   9.8765122e-01
   1.9560342e-01   0.0000000e+00   1.2214872e-02   9.8778513e-01
   1.9560415e-01   0.0000000e+00   1.2173426e-02   9.8782657e-01
   1.9560856e-01   0.0000000e+00   1.2326447e-02   9.8767355e-01
   1.9560907e-01   0.0000000e+00   1.2407846e-02   9.8759215e-01
   1.9561834e-01   0.0000000e+00   1.2308181e-02   9.8769182e-01
   1.9561907e-01   0.0000000e+00   1.0980571e-02   9.8901943e-01
   1.9562018e-01   0.0000000e+00   1.1963850e-02   9.8803615e-01
   1.9562630e-01   0.0000000e+00   1.2411279e-02   9.8758872e-01
   1.9562736e-01   0.0000000e+00   1.0828181e-02   9.8917182e-01
   1.9563237e-01   0.0000000e+00   1.0960375e-02   9.8903962e-01
   1.9563637e-01   0.0000000e+00   1.2563336e-02   9.8743666e-01
   1.9563852e-01   0.0000000e+00   1.0921512e-02   9.8907849e-01
   1.9563876e-01   0.0000000e+00   1.2358160e-02   9.8764184e-01
   1.9565217e-01   0.0000000e+00   1.0875541e-02   9.8912446e-01
   1.9565568e-01   0.0000000e+00   1.1100984e-02   9.8889902e-01
   1.9565954e-01   0.0000000e+00   1.1192246e-02   9.8880775e-01
   1.9565959e-01   0.0000000e+00   1.2414233e-02   9.8758577e-01
   1.9567191e-01   0.0000000e+00   1.0877452e-02   9.8912255e-01
   1.9567812e-01   0.0000000e+00   1.1275367e-02   9.8872463e-01
   1.9568483e-01   0.0000000e+00   1.1449853e-02   9.8855015e-01
   1.9568593e-01   0.0000000e+00   1.1324361e-02   9.8867564e-01
   1.9569017e-01   0.0000000e+00   1.2476225e-02   9.8752377e-01
   1.9570304e-01   0.0000000e+00   1.2660292e-02   9.8733971e-01
   1.9570536e-01   0.0000000e+00   1.1013987e-02   9.8898601e-01
   1.9571293e-01   0.0000000e+00   1.0839615e-02   9.8916039e-01
   1.9571299e-01   0.0000000e+00   1.0965272e-02   9.8903473e-01
   1.9571368e-01   0.0000000e+00   1.0949003e-02   9.8905100e-01
   1.9571850e-01   0.0000000e+00   1.0902242e-02   9.8909776e-01
   1.9572590e-01   0.0000000e+00   1.0909366e-02   9.8909063e-01
   1.9572892e-01   0.0000000e+00   1.0772804e-02   9.8922720e-01
   1.9573284e-01   0.0000000e+00   1.2708685e-02   9.8729132e-01
   1.9574788e-01   0.0000000e+00   1.0837998e-02   9.8916200e-01
   1.9575084e-01   0.0000000e+00   1.2621360e-02   9.8737864e-01
   1.9576263e-01   0.0000000e+00   1.0733815e-02   9.8926619e-01
   1.9579890e-01   0.0000000e+00   1.0694060e-02   9.8930594e-01
   1.9579904e-01   0.0000000e+00   1.0668636e-02   9.8933136e-01
   1.9580773e-01   0.0000000e+00   1.2759511e-02   9.8724049e-01
   1.9581094e-01   0.0000000e+00   1.2965008e-02   9.8703499e-01
   1.9581164e-01   0.0000000e+00   1.0902705e-02   9.8909729e-01
   1.9582699e-01   0.0000000e+00   1.0894796e-02   9.8910520e-01
   1.9583035e-01   0.0000000e+00   1.0888664e-02   9.8911134e-01
   1.9585122e-01   0.0000000e+00   1.0947797e-02   9.8905220e-01
   1.9585151e-01   0.0000000e+00   1.0829819e-02   9.8917018e-01
   1.9585233e-01   0.0000000e+00   1.0703989e-02   9.8929601e-01
   1.9587181e-01   0.0000000e+00   1.0723788e-02   9.8927621e-01
   1.9588184e-01   0.0000000e+00   1.0729931e-02   9.8927007e-01
   1.9588445e-01   0.0000000e+00   1.0777590e-02   9.8922241e-01
   1.9588504e-01   0.0000000e+00   1.0743552e-02   9.8925645e-01
   1.9589284e-01   0.0000000e+00   1.0841369e-02   9.8915863e-01
   1.9590065e-01   0.0000000e+00   1.0840822e-02   9.8915918e-01
   1.9591457e-01   0.0000000e+00   1.3014373e-02   9.8698563e-01
   1.9591508e-01   0.0000000e+00   1.2973382e-02   9.8702662e-01
   1.9591644e-01   0.0000000e+00   1.0755775e-02   9.8924422e-01
   1.9593900e-01   0.0000000e+00   1.0711022e-02   9.8928898e-01
   1.9594164e-01   0.0000000e+00   1.0536971e-02   9.8946303e-01
   1.9598138e-01   0.0000000e+00   1.0511034e-02   9.8948897e-01
   1.9598703e-01   0.0000000e+00   1.0897319e-02   9.8910268e-01
   1.9600483e-01   0.0000000e+00   1.0549069e-02   9.8945093e-01
   1.9600649e-01   0.0000000e+00   1.0783063e-02   9.8921694e-01
   1.9603709e-01   0.0000000e+00   1.0627933e-02   9.8937207e-01
   1.9605152e-01   0.0000000e+00   1.0784318e-02   9.8921568e-01
   1.9607817e-01   0.0000000e+00   1.0708851e-02   9.8929115e-01
   1.9608059e-01   0.0000000e+00   1.0625904e-02   9.8937410e-01
   1.9608617e-01   0.0000000e+00   1.0685489e-02   9.8931451e-01
   1.9608763e-01   0.0000000e+00   1.0623056e-02   9.8937694e-01
   1.9609753e-01   0.0000000e+00   1.0798868e-02   9.8920113e-01
   1.9611205e-01   0.0000000e+00   1.0568026e-02   9.8943197e-01
   1.9612709e-01   0.0000000e+00   1.0748709e-02   9.8925129e-01
   1.9612734e-01   0.0000000e+00   1.0667266e-02   9.8933273e-01
   1.9613028e-01   0.0000000e+00   1.0828525e-02   9.8917148e-01
   1.9614123e-01   0.0000000e+00   1.1919280e-02   9.8808072e-01
   1.9614143e-01   0.0000000e+00   1.0486376e-02   9.8951362e-01
   1.9614323e-01   0.0000000e+00   1.0830121e-02   9.8916988e-01
   1.9615215e-01   0.0000000e+00   1.0689416e-02   9.8931058e-01
   1.9615438e-01   0.0000000e+00   1.0660212e-02   9.8933979e-01
   1.9616388e-01   0.0000000e+00   1.0648197e-02   9.8935180e-01
   1.9617184e-01   0.0000000e+00   1.0540360e-02   9.8945964e-01
   1.9617355e-01   0.0000000e+00   1.0895935e-02   9.8910407e-01
   1.9617565e-01   0.0000000e+00   1.0766230e-02   9.8923377e-01
   1.9618390e-01   0.0000000e+00   1.1025110e-02   9.8897489e-01
   1.9618715e-01   0.0000000e+00   1.0558857e-02   9.8944114e-01
   1.9619052e-01   0.0000000e+00   1.0687129e-02   9.8931287e-01
   1.9621050e-01   0.0000000e+00   1.0571718e-02   9.8942828e-01
   1.9621675e-01   0.0000000e+00   1.0648193e-02   9.8935181e-01
   1.9623594e-01   0.0000000e+00   1.0706562e-02   9.8929344e-01
   1.9623692e-01   0.0000000e+00   1.0711285e-02   9.8928872e-01
   1.9624200e-01   0.0000000e+00   1.0566503e-02   9.8943350e-01
   1.9624696e-01   0.0000000e+00   1.0600152e-02   9.8939985e-01
   1.9624854e-01   0.0000000e+00   1.0727828e-02   9.8927217e-01
   1.9625124e-01   0.0000000e+00   1.0667635e-02   9.8933236e-01
   1.9625489e-01   0.0000000e+00   1.0942057e-02   9.8905794e-01
   1.9625634e-01   0.0000000e+00   1.0668417e-02   9.8933158e-01
   1.9625772e-01   0.0000000e+00   1.0909754e-02   9.8909025e-01
   1.9627642e-01   0.0000000e+00   1.0514745e-02   9.8948526e-01
   1.9628185e-01   0.0000000e+00   1.0732065e-02   9.8926793e-01
   1.9628316e-01   0.0000000e+00   1.0621304e-02   9.8937870e-01
   1.9628403e-01   0.0000000e+00   1.0625770e-02   9.8937423e-01
   1.9628751e-01   0.0000000e+00   1.0593799e-02   9.8940620e-01
   1.9628847e-01   0.0000000e+00   1.0709905e-02   9.8929009e-01
   1.9630362e-01   0.0000000e+00   1.0819591e-02   9.8918041e-01
