   5.3687255e-01   0.0000000e+00   1.3486188e-02   9.8651381e-01
   5.3687470e-01   0.0000000e+00   1.3456863e-02   9.8654314e-01
   5.3687897e-01   0.0000000e+00   1.3478692e-02   9.8652131e-01
   5.3688352e-01   0.0000000e+00   1.3474597e-02   9.8652540e-01
   5.3688445e-01   0.0000000e+00   1.3468096e-02   9.8653190e-01
   5.3688878e-01   0.0000000e+00   1.3455005e-02   9.8654499e-01
   5.3689256e-01   0.0000000e+00   1.3575149e-02   9.8642485e-01
   5.3689472e-01   0.0000000e+00   1.3466006e-02   9.8653399e-01
   5.3689598e-01   0.0000000e+00   1.3457773e-02   9.8654223e-01
   5.3689925e-01   0.0000000e+00   1.3475593e-02   9.8652441e-01
   5.3690307e-01   0.0000000e+00   1.3523280e-02   9.8647672e-01
   5.3690476e-01   0.0000000e+00   1.3473586e-02   9.8652641e-01
   5.3690588e-01   0.0000000e+00   1.3468070e-02   9.8653193e-01
   5.3690888e-01   0.0000000e+00   1.3502127e-02   9.8649787e-01
   5.3690950e-01   0.0000000e+00   1.3496678e-02   9.8650332e-01
   5.3690999e-01   0.0000000e+00   1.3440270e-02   9.8655973e-01
   5.3691028e-01   0.0000000e+00   1.3475064e-02   9.8652494e-01
   5.3691217e-01   0.0000000e+00   1.3503612e-02   9.8649639e-01
   5.3691332e-01   0.0000000e+00   1.3509743e-02   9.8649026e-01
   5.3691584e-01   0.0000000e+00   1.3508022e-02   9.8649198e-01
   5.3691665e-01   0.0000000e+00   1.3510070e-02   9.8648993e-01
   5.3691744e-01   0.0000000e+00   1.3522829e-02   9.8647717e-01
   5.3691788e-01   0.0000000e+00   1.3495768e-02   9.8650423e-01
   5.3691843e-01   0.0000000e+00   1.3518158e-02   9.8648184e-01
   5.3691972e-01   0.0000000e+00   1.3521367e-02   9.8647863e-01
   5.3692273e-01   0.0000000e+00   1.3508761e-02   9.8649124e-01
   5.3692304e-01   0.0000000e+00   1.3522821e-02   9.8647718e-01
   5.3692375e-01   0.0000000e+00   1.3514930e-02   9.8648507e-01
   5.3692465e-01   0.0000000e+00   1.3536059e-02   9.8646394e-01
   5.3692476e-01   0.0000000e+00   1.3562752e-02   9.8643725e-01
   5.3692476e-01   0.0000000e+00   1.3528236e-02   9.8647176e-01
   5.3692639e-01   0.0000000e+00   1.3502180e-02   9.8649782e-01
   5.3692648e-01   0.0000000e+00   1.3522794e-02   9.8647721e-01
   5.3692722e-01   0.0000000e+00   1.3529770e-02   9.8647023e-01
   5.3692759e-01   0.0000000e+00   1.3540371e-02   9.8645963e-01
   5.3692877e-01   0.0000000e+00   1.3529131e-02   9.8647087e-01
   5.3692940e-01   0.0000000e+00   1.3487875e-02   9.8651213e-01
   5.3693184e-01   0.0000000e+00   1.3542016e-02   9.8645798e-01
   5.3693428e-01   0.0000000e+00   1.3553986e-02   9.8644601e-01
   5.3693510e-01   0.0000000e+00   1.3546495e-02   9.8645351e-01
   5.3693889e-01   0.0000000e+00   1.3498182e-02   9.8650182e-01
   5.3693998e-01   0.0000000e+00   1.3517175e-02   9.8648283e-01
   5.3694025e-01   0.0000000e+00   1.3551473e-02   9.8644853e-01
   5.3694113e-01   0.0000000e+00   1.3521767e-02   9.8647823e-01
   5.3694324e-01   0.0000000e+00   1.3547609e-02   9.8645239e-01
   5.3694472e-01   0.0000000e+00   1.3557631e-02   9.8644237e-01
   5.3694474e-01   0.0000000e+00   1.3569994e-02   9.8643001e-01
   5.3694552e-01   0.0000000e+00   1.3540131e-02   9.8645987e-01
   5.3694639e-01   0.0000000e+00   1.3565333e-02   9.8643467e-01
   5.3694692e-01   0.0000000e+00   1.3588709e-02   9.8641129e-01
   5.3694750e-01   0.0000000e+00   1.3460738e-02   9.8653926e-01
   5.3694768e-01   0.0000000e+00   1.3572545e-02   9.8642745e-01
   5.3694927e-01   0.0000000e+00   1.3564993e-02   9.8643501e-01
   5.3695032e-01   0.0000000e+00   1.3558741e-02   9.8644126e-01
   5.3695110e-01   0.0000000e+00   1.3561425e-02   9.8643858e-01
   5.3695354e-01   0.0000000e+00   1.3576481e-02   9.8642352e-01
   5.3695365e-01   0.0000000e+00   1.3582762e-02   9.8641724e-01
   5.3695513e-01   0.0000000e+00   1.3591437e-02   9.8640856e-01
   5.3695750e-01   0.0000000e+00   1.3555584e-02   9.8644442e-01
   5.3695922e-01   0.0000000e+00   1.3607313e-02   9.8639269e-01
   5.3695991e-01   0.0000000e+00   1.3589899e-02   9.8641010e-01
   5.3696341e-01   0.0000000e+00   1.3584330e-02   9.8641567e-01
   5.3696349e-01   0.0000000e+00   1.3612455e-02   9.8638754e-01
   5.3696524e-01   0.0000000e+00   1.3536498e-02   9.8646350e-01
   5.3696646e-01   0.0000000e+00   1.3537636e-02   9.8646236e-01
   5.3697120e-01   0.0000000e+00   1.3641076e-02   9.8635892e-01
   5.3697375e-01   0.0000000e+00   1.3562710e-02   9.8643729e-01
   5.3697376e-01   0.0000000e+00   1.3590272e-02   9.8640973e-01
   5.3697423e-01   0.0000000e+00   1.3601510e-02   9.8639849e-01
   5.3697592e-01   0.0000000e+00   1.3538999e-02   9.8646100e-01
   5.3697874e-01   0.0000000e+00   1.3614766e-02   9.8638523e-01
   5.3698055e-01   0.0000000e+00   1.3637990e-02   9.8636201e-01
   5.3698086e-01   0.0000000e+00   1.3624744e-02   9.8637526e-01
   5.3698389e-01   0.0000000e+00   1.3631650e-02   9.8636835e-01
   5.3698514e-01   0.0000000e+00   1.3579706e-02   9.8642029e-01
   5.3698600e-01   0.0000000e+00   1.3476674e-02   9.8652333e-01
   5.3698615e-01   0.0000000e+00   1.3636171e-02   9.8636383e-01
   5.3698646e-01   0.0000000e+00   1.3669786e-02   9.8633021e-01
   5.3698672e-01   0.0000000e+00   1.3648399e-02   9.8635160e-01
   5.3699020e-01   0.0000000e+00   1.3550804e-02   9.8644920e-01
   5.3699131e-01   0.0000000e+00   1.3653218e-02   9.8634678e-01
   5.3699272e-01   0.0000000e+00   1.3681199e-02   9.8631880e-01
   5.3699342e-01   0.0000000e+00   1.3638935e-02   9.8636107e-01
   5.3699447e-01   0.0000000e+00   1.3628987e-02   9.8637101e-01
   5.3699457e-01   0.0000000e+00   1.3523655e-02   9.8647635e-01
   5.3700011e-01   0.0000000e+00   1.3770904e-02   9.8622910e-01
   5.3700317e-01   0.0000000e+00   1.3672519e-02   9.8632748e-01
   5.3700320e-01   0.0000000e+00   1.3573153e-02   9.8642685e-01
   5.3700398e-01   0.0000000e+00   1.3703937e-02   9.8629606e-01
   5.3700635e-01   0.0000000e+00   1.3687195e-02   9.8631281e-01
   5.3700792e-01   0.0000000e+00   1.3689640e-02   9.8631036e-01
   5.3700840e-01   0.0000000e+00   1.3696826e-02   9.8630317e-01
   5.3701066e-01   0.0000000e+00   1.3533083e-02   9.8646692e-01
   5.3701308e-01   0.0000000e+00   1.3661115e-02   9.8633888e-01
   5.3701364e-01   0.0000000e+00   1.3735777e-02   9.8626422e-01
   5.3701768e-01   0.0000000e+00   1.3608294e-02   9.8639171e-01
   5.3702494e-01   0.0000000e+00   1.3735269e-02   9.8626473e-01
   5.3702985e-01   0.0000000e+00   1.3775382e-02   9.8622462e-01
   5.3703297e-01   0.0000000e+00   1.3729299e-02   9.8627070e-01
   5.3703301e-01   0.0000000e+00   1.3764813e-02   9.8623519e-01
   5.3703376e-01   0.0000000e+00   1.3755717e-02   9.8624428e-01
   5.3703570e-01   0.0000000e+00   1.3664651e-02   9.8633535e-01
   5.3703689e-01   0.0000000e+00   1.3687530e-02   9.8631247e-01
   5.3703735e-01   0.0000000e+00   1.3800102e-02   9.8619990e-01
   5.3704174e-01   0.0000000e+00   1.3860986e-02   9.8613901e-01
   5.3704527e-01   0.0000000e+00   1.3953949e-02   9.8604605e-01
   5.3704889e-01   0.0000000e+00   1.3788959e-02   9.8621104e-01
   5.3705119e-01   0.0000000e+00   1.3550687e-02   9.8644931e-01
   5.3705419e-01   0.0000000e+00   1.3799937e-02   9.8620006e-01
   5.3705477e-01   0.0000000e+00   1.3795409e-02   9.8620459e-01
   5.3705483e-01   0.0000000e+00   1.3534561e-02   9.8646544e-01
   5.3705570e-01   0.0000000e+00   1.3834006e-02   9.8616599e-01
   5.3706408e-01   0.0000000e+00   1.3725492e-02   9.8627451e-01
   5.3706648e-01   0.0000000e+00   1.3574572e-02   9.8642543e-01
   5.3706851e-01   0.0000000e+00   1.3859580e-02   9.8614042e-01
   5.3706886e-01   0.0000000e+00   1.3627775e-02   9.8637223e-01
   5.3707329e-01   0.0000000e+00   1.3858686e-02   9.8614131e-01
   5.3707501e-01   0.0000000e+00   1.3869695e-02   9.8613031e-01
   5.3707633e-01   0.0000000e+00   1.3837642e-02   9.8616236e-01
   5.3707828e-01   0.0000000e+00   1.3777398e-02   9.8622260e-01
   5.3707892e-01   0.0000000e+00   1.3847258e-02   9.8615274e-01
   5.3708433e-01   0.0000000e+00   1.3942369e-02   9.8605763e-01
   5.3708981e-01   0.0000000e+00   1.3868868e-02   9.8613113e-01
   5.3710086e-01   0.0000000e+00   1.3951852e-02   9.8604815e-01
   5.3711333e-01   0.0000000e+00   1.4006717e-02   9.8599328e-01
   5.3711444e-01   0.0000000e+00   1.4097825e-02   9.8590218e-01
   5.3711637e-01   0.0000000e+00   1.3933138e-02   9.8606686e-01
   5.3712241e-01   0.0000000e+00   1.3782673e-02   9.8621733e-01
   5.3712778e-01   0.0000000e+00   1.3999914e-02   9.8600009e-01
   5.3713838e-01   0.0000000e+00   1.3783247e-02   9.8621675e-01
   5.3714265e-01   0.0000000e+00   1.3884907e-02   9.8611509e-01
   5.3714279e-01   0.0000000e+00   1.4081884e-02   9.8591812e-01
   5.3714379e-01   0.0000000e+00   1.4048798e-02   9.8595120e-01
   5.3714436e-01   0.0000000e+00   1.3890218e-02   9.8610978e-01
   5.3714613e-01   0.0000000e+00   1.4041149e-02   9.8595885e-01
   5.3714891e-01   0.0000000e+00   1.3590663e-02   9.8640934e-01
   5.3715586e-01   0.0000000e+00   1.4030931e-02   9.8596907e-01
   5.3715871e-01   0.0000000e+00   1.4151769e-02   9.8584823e-01
   5.3716068e-01   0.0000000e+00   1.4063907e-02   9.8593609e-01
   5.3716099e-01   0.0000000e+00   1.4197090e-02   9.8580291e-01
   5.3716609e-01   0.0000000e+00   1.4086193e-02   9.8591381e-01
   5.3716704e-01   0.0000000e+00   1.4244831e-02   9.8575517e-01
   5.3716923e-01   0.0000000e+00   1.4131123e-02   9.8586888e-01
   5.3717041e-01   0.0000000e+00   1.4019191e-02   9.8598081e-01
   5.3717568e-01   0.0000000e+00   1.4098288e-02   9.8590171e-01
   5.3718159e-01   0.0000000e+00   1.4168045e-02   9.8583195e-01
   5.3718178e-01   0.0000000e+00   1.4072273e-02   9.8592773e-01
   5.3719263e-01   0.0000000e+00   1.3951226e-02   9.8604877e-01
   5.3720506e-01   0.0000000e+00   1.4200729e-02   9.8579927e-01
   5.3721039e-01   0.0000000e+00   1.4251642e-02   9.8574836e-01
   5.3721435e-01   0.0000000e+00   1.3880971e-02   9.8611903e-01
   5.3721614e-01   0.0000000e+00   1.4041463e-02   9.8595854e-01
   5.3721751e-01   0.0000000e+00   1.3906325e-02   9.8609367e-01
   5.3722149e-01   0.0000000e+00   1.4230213e-02   9.8576979e-01
   5.3722552e-01   0.0000000e+00   1.3812473e-02   9.8618753e-01
   5.3723793e-01   0.0000000e+00   1.4436862e-02   9.8556314e-01
   5.3723994e-01   0.0000000e+00   1.4234169e-02   9.8576583e-01
   5.3724701e-01   0.0000000e+00   1.4266235e-02   9.8573377e-01
   5.3724744e-01   0.0000000e+00   1.4331483e-02   9.8566852e-01
   5.3724801e-01   0.0000000e+00   1.4183439e-02   9.8581656e-01
   5.3724951e-01   0.0000000e+00   1.4496981e-02   9.8550302e-01
   5.3725362e-01   0.0000000e+00   1.4336032e-02   9.8566397e-01
   5.3725433e-01   0.0000000e+00   1.4218349e-02   9.8578165e-01
   5.3726017e-01   0.0000000e+00   1.4326413e-02   9.8567359e-01
   5.3726269e-01   0.0000000e+00   1.4348049e-02   9.8565195e-01
   5.3727043e-01   0.0000000e+00   1.4416243e-02   9.8558376e-01
   5.3727325e-01   0.0000000e+00   1.4624074e-02   9.8537593e-01
   5.3727661e-01   0.0000000e+00   1.4439328e-02   9.8556067e-01
   5.3727846e-01   0.0000000e+00   1.4411350e-02   9.8558865e-01
   5.3728336e-01   0.0000000e+00   1.4531695e-02   9.8546830e-01
   5.3728625e-01   0.0000000e+00   1.3737578e-02   9.8626242e-01
   5.3728639e-01   0.0000000e+00   1.4553162e-02   9.8544684e-01
   5.3728981e-01   0.0000000e+00   1.4491773e-02   9.8550823e-01
   5.3729694e-01   0.0000000e+00   1.4494141e-02   9.8550586e-01
   5.3730216e-01   0.0000000e+00   1.4665376e-02   9.8533462e-01
   5.3730480e-01   0.0000000e+00   1.4297076e-02   9.8570292e-01
   5.3730697e-01   0.0000000e+00   1.3468027e-02   9.8653197e-01
   5.3732224e-01   0.0000000e+00   1.3467637e-02   9.8653236e-01
   5.3732253e-01   0.0000000e+00   1.3457162e-02   9.8654284e-01
   5.3732293e-01   0.0000000e+00   1.3458310e-02   9.8654169e-01
   5.3732544e-01   0.0000000e+00   1.4355755e-02   9.8564424e-01
   5.3732546e-01   0.0000000e+00   1.3789715e-02   9.8621028e-01
   5.3733008e-01   0.0000000e+00   1.3506070e-02   9.8649393e-01
   5.3733499e-01   0.0000000e+00   1.3466091e-02   9.8653391e-01
   5.3733527e-01   0.0000000e+00   1.4567022e-02   9.8543298e-01
   5.3733590e-01   0.0000000e+00   1.3481156e-02   9.8651884e-01
   5.3733683e-01   0.0000000e+00   1.4676592e-02   9.8532341e-01
   5.3733967e-01   0.0000000e+00   1.3566878e-02   9.8643312e-01
   5.3734253e-01   0.0000000e+00   1.4346094e-02   9.8565391e-01
   5.3734507e-01   0.0000000e+00   1.3547822e-02   9.8645218e-01
   5.3734512e-01   0.0000000e+00   1.3475425e-02   9.8652458e-01
   5.3734526e-01   0.0000000e+00   1.4678229e-02   9.8532177e-01
   5.3734602e-01   0.0000000e+00   1.3529273e-02   9.8647073e-01
   5.3734948e-01   0.0000000e+00   1.3577431e-02   9.8642257e-01
   5.3735310e-01   0.0000000e+00   1.4648201e-02   9.8535180e-01
   5.3735764e-01   0.0000000e+00   1.3461931e-02   9.8653807e-01
   5.3735847e-01   0.0000000e+00   1.3436501e-02   9.8656350e-01
   5.3736013e-01   0.0000000e+00   1.3521580e-02   9.8647842e-01
   5.3736328e-01   0.0000000e+00   1.3491556e-02   9.8650844e-01
   5.3736430e-01   0.0000000e+00   1.3491930e-02   9.8650807e-01
   5.3736642e-01   0.0000000e+00   1.4357838e-02   9.8564216e-01
   5.3738556e-01   0.0000000e+00   1.5229942e-02   9.8477006e-01
   5.3738656e-01   0.0000000e+00   1.4364787e-02   9.8563521e-01
   5.3738778e-01   0.0000000e+00   1.4716212e-02   9.8528379e-01
   5.3738899e-01   0.0000000e+00   1.4938544e-02   9.8506146e-01
   5.3739599e-01   0.0000000e+00   1.4830178e-02   9.8516982e-01
   5.3740016e-01   0.0000000e+00   1.4774753e-02   9.8522525e-01
   5.3741098e-01   0.0000000e+00   1.4475671e-02   9.8552433e-01
   5.3741506e-01   0.0000000e+00   1.3554677e-02   9.8644532e-01
   5.3741637e-01   0.0000000e+00   1.5185549e-02   9.8481445e-01
   5.3741783e-01   0.0000000e+00   1.3494982e-02   9.8650502e-01
   5.3742687e-01   0.0000000e+00   1.4624013e-02   9.8537599e-01
   5.3746125e-01   0.0000000e+00   1.3818733e-02   9.8618127e-01
   5.3747632e-01   0.0000000e+00   1.5135073e-02   9.8486493e-01
   5.3748161e-01   0.0000000e+00   1.4844951e-02   9.8515505e-01
   5.3748580e-01   0.0000000e+00   1.5038135e-02   9.8496187e-01
   5.3748794e-01   0.0000000e+00   1.4890009e-02   9.8510999e-01
   5.3748887e-01   0.0000000e+00   1.5040407e-02   9.8495959e-01
   5.3749030e-01   0.0000000e+00   1.5130193e-02   9.8486981e-01
   5.3749381e-01   0.0000000e+00   1.5049691e-02   9.8495031e-01
   5.3750907e-01   0.0000000e+00   1.5459792e-02   9.8454021e-01
   5.3750918e-01   0.0000000e+00   1.5222748e-02   9.8477725e-01
   5.3752086e-01   0.0000000e+00   1.5002779e-02   9.8499722e-01
   5.3752133e-01   0.0000000e+00   1.5200127e-02   9.8479987e-01
   5.3752186e-01   0.0000000e+00   1.5286340e-02   9.8471366e-01
   5.3752602e-01   0.0000000e+00   1.5067057e-02   9.8493294e-01
   5.3753099e-01   0.0000000e+00   1.4762057e-02   9.8523794e-01
   5.3753813e-01   0.0000000e+00   1.4432555e-02   9.8556745e-01
   5.3754752e-01   0.0000000e+00   1.5017730e-02   9.8498227e-01
   5.3755066e-01   0.0000000e+00   1.4398862e-02   9.8560114e-01
   5.3756751e-01   0.0000000e+00   1.5242612e-02   9.8475739e-01
   5.3757761e-01   0.0000000e+00   1.5195625e-02   9.8480438e-01
   5.3757797e-01   0.0000000e+00   1.5269848e-02   9.8473015e-01
   5.3757886e-01   0.0000000e+00   1.5309089e-02   9.8469091e-01
   5.3758363e-01   0.0000000e+00   1.5355042e-02   9.8464496e-01
   5.3758997e-01   0.0000000e+00   1.5404707e-02   9.8459529e-01
   5.3759105e-01   0.0000000e+00   1.5318305e-02   9.8468170e-01
   5.3759139e-01   0.0000000e+00   1.5316099e-02   9.8468390e-01
   5.3759228e-01   0.0000000e+00   1.5924178e-02   9.8407582e-01
   5.3760424e-01   0.0000000e+00   1.5766357e-02   9.8423364e-01
   5.3761147e-01   0.0000000e+00   1.5249960e-02   9.8475004e-01
   5.3761464e-01   0.0000000e+00   1.3868695e-02   9.8613130e-01
   5.3762031e-01   0.0000000e+00   1.4088721e-02   9.8591128e-01
   5.3763118e-01   0.0000000e+00   1.5404221e-02   9.8459578e-01
   5.3764617e-01   0.0000000e+00   1.5563926e-02   9.8443607e-01
   5.3765218e-01   0.0000000e+00   1.5544785e-02   9.8445521e-01
   5.3765651e-01   0.0000000e+00   1.5354231e-02   9.8464577e-01
   5.3765898e-01   0.0000000e+00   1.5171400e-02   9.8482860e-01
   5.3767248e-01   0.0000000e+00   1.5681976e-02   9.8431802e-01
   5.3767637e-01   0.0000000e+00   1.5362222e-02   9.8463778e-01
   5.3767735e-01   0.0000000e+00   1.5658197e-02   9.8434180e-01
   5.3768000e-01   0.0000000e+00   1.5383651e-02   9.8461635e-01
   5.3768616e-01   0.0000000e+00   1.5687899e-02   9.8431210e-01
   5.3768949e-01   0.0000000e+00   1.4264342e-02   9.8573566e-01
   5.3769396e-01   0.0000000e+00   1.5518656e-02   9.8448134e-01
   5.3769514e-01   0.0000000e+00   1.5658033e-02   9.8434197e-01
   5.3769827e-01   0.0000000e+00   1.5499504e-02   9.8450050e-01
   5.3770266e-01   0.0000000e+00   1.5971431e-02   9.8402857e-01
   5.3770270e-01   0.0000000e+00   1.5205083e-02   9.8479492e-01
   5.3770843e-01   0.0000000e+00   1.5570604e-02   9.8442940e-01
   5.3770904e-01   0.0000000e+00   1.5651614e-02   9.8434839e-01
   5.3771262e-01   0.0000000e+00   1.5546384e-02   9.8445362e-01
   5.3771325e-01   0.0000000e+00   1.6341229e-02   9.8365877e-01
   5.3771840e-01   0.0000000e+00   1.5671535e-02   9.8432847e-01
   5.3772224e-01   0.0000000e+00   1.5647408e-02   9.8435259e-01
   5.3774317e-01   0.0000000e+00   1.5540277e-02   9.8445972e-01
   5.3774648e-01   0.0000000e+00   1.5094983e-02   9.8490502e-01
   5.3774780e-01   0.0000000e+00   1.5792924e-02   9.8420708e-01
   5.3775014e-01   0.0000000e+00   1.4953841e-02   9.8504616e-01
   5.3775082e-01   0.0000000e+00   1.5689481e-02   9.8431052e-01
   5.3775394e-01   0.0000000e+00   1.5566190e-02   9.8443381e-01
   5.3776417e-01   0.0000000e+00   1.5620300e-02   9.8437970e-01
   5.3776675e-01   0.0000000e+00   1.5517168e-02   9.8448283e-01
   5.3776741e-01   0.0000000e+00   1.5666431e-02   9.8433357e-01
   5.3777498e-01   0.0000000e+00   1.5445110e-02   9.8455489e-01
   5.3778363e-01   0.0000000e+00   1.5570597e-02   9.8442940e-01
   5.3778480e-01   0.0000000e+00   1.5549345e-02   9.8445065e-01
   5.3778648e-01   0.0000000e+00   1.5647525e-02   9.8435247e-01
   5.3779113e-01   0.0000000e+00   1.5761178e-02   9.8423882e-01
   5.3779354e-01   0.0000000e+00   1.4718013e-02   9.8528199e-01
   5.3780409e-01   0.0000000e+00   1.5492607e-02   9.8450739e-01
   5.3780430e-01   0.0000000e+00   1.5407066e-02   9.8459293e-01
   5.3781489e-01   0.0000000e+00   1.5708332e-02   9.8429167e-01
   5.3781787e-01   0.0000000e+00   1.5551671e-02   9.8444833e-01
   5.3782051e-01   0.0000000e+00   1.5697382e-02   9.8430262e-01
   5.3782304e-01   0.0000000e+00   1.5385550e-02   9.8461445e-01
   5.3783670e-01   0.0000000e+00   1.5784146e-02   9.8421585e-01
   5.3784414e-01   0.0000000e+00   1.5804952e-02   9.8419505e-01
   5.3784696e-01   0.0000000e+00   1.5822832e-02   9.8417717e-01
   5.3785024e-01   0.0000000e+00   1.5648777e-02   9.8435122e-01
   5.3785192e-01   0.0000000e+00   1.6476366e-02   9.8352363e-01
   5.3786717e-01   0.0000000e+00   1.5707117e-02   9.8429288e-01
   5.3786787e-01   0.0000000e+00   1.5749697e-02   9.8425030e-01
   5.3786974e-01   0.0000000e+00   1.5479848e-02   9.8452015e-01
   5.3787935e-01   0.0000000e+00   1.5391069e-02   9.8460893e-01
   5.3789064e-01   0.0000000e+00   1.5453295e-02   9.8454670e-01
   5.3789511e-01   0.0000000e+00   1.5393651e-02   9.8460635e-01
   5.3790180e-01   0.0000000e+00   1.6016826e-02   9.8398317e-01
   5.3790399e-01   0.0000000e+00   1.5617098e-02   9.8438290e-01
   5.3790657e-01   0.0000000e+00   1.5598642e-02   9.8440136e-01
   5.3791946e-01   0.0000000e+00   1.5542231e-02   9.8445777e-01
   5.3792668e-01   0.0000000e+00   1.5688328e-02   9.8431167e-01
   5.3794263e-01   0.0000000e+00   1.5754381e-02   9.8424562e-01
   5.3794332e-01   0.0000000e+00   1.5394580e-02   9.8460542e-01
   5.3795906e-01   0.0000000e+00   1.5533340e-02   9.8446666e-01
   5.3797195e-01   0.0000000e+00   1.5725328e-02   9.8427467e-01
   5.3797464e-01   0.0000000e+00   1.5795719e-02   9.8420428e-01
   5.3797489e-01   0.0000000e+00   1.5603640e-02   9.8439636e-01
   5.3799629e-01   0.0000000e+00   1.5893661e-02   9.8410634e-01
   5.3800470e-01   0.0000000e+00   1.4827968e-02   9.8517203e-01
   5.3800982e-01   0.0000000e+00   1.5696457e-02   9.8430354e-01
   5.3801750e-01   0.0000000e+00   1.5247864e-02   9.8475214e-01
   5.3801902e-01   0.0000000e+00   1.4461273e-02   9.8553873e-01
   5.3803490e-01   0.0000000e+00   1.5521825e-02   9.8447818e-01
   5.3806589e-01   0.0000000e+00   1.5708165e-02   9.8429183e-01
   5.3807060e-01   0.0000000e+00   1.5558244e-02   9.8444176e-01
   5.3807603e-01   0.0000000e+00   1.5522745e-02   9.8447725e-01
   5.3808739e-01   0.0000000e+00   1.5849593e-02   9.8415041e-01
   5.3810446e-01   0.0000000e+00   1.5943956e-02   9.8405604e-01
   5.3810629e-01   0.0000000e+00   1.5243965e-02   9.8475604e-01
   5.3810771e-01   0.0000000e+00   1.5320468e-02   9.8467953e-01
   5.3812721e-01   0.0000000e+00   1.5771910e-02   9.8422809e-01
   5.3812893e-01   0.0000000e+00   1.5636068e-02   9.8436393e-01
   5.3814406e-01   0.0000000e+00   1.5990640e-02   9.8400936e-01
   5.3816165e-01   0.0000000e+00   1.5835730e-02   9.8416427e-01
   5.3816879e-01   0.0000000e+00   1.5587597e-02   9.8441240e-01
   5.3818899e-01   0.0000000e+00   1.7373458e-02   9.8262654e-01
   5.3818943e-01   0.0000000e+00   1.5876260e-02   9.8412374e-01
   5.3819755e-01   0.0000000e+00   1.5941320e-02   9.8405868e-01
   5.3820991e-01   0.0000000e+00   1.5695258e-02   9.8430474e-01
   5.3825279e-01   0.0000000e+00   1.5675854e-02   9.8432415e-01
   5.3826158e-01   0.0000000e+00   1.5880322e-02   9.8411968e-01
   5.3831755e-01   0.0000000e+00   1.5752915e-02   9.8424708e-01
   5.3832341e-01   0.0000000e+00   1.5705067e-02   9.8429493e-01
   5.3838471e-01   0.0000000e+00   1.5548209e-02   9.8445179e-01
   5.3839397e-01   0.0000000e+00   1.5662144e-02   9.8433786e-01
   5.3840725e-01   0.0000000e+00   1.5683700e-02   9.8431630e-01
   5.3840919e-01   0.0000000e+00   1.5663154e-02   9.8433685e-01
   5.3841030e-01   0.0000000e+00   1.4572893e-02   9.8542711e-01
   5.3841231e-01   0.0000000e+00   1.5159488e-02   9.8484051e-01
   5.3843346e-01   0.0000000e+00   1.5559133e-02   9.8444087e-01
   5.3843561e-01   0.0000000e+00   1.6036629e-02   9.8396337e-01
   5.3843989e-01   0.0000000e+00   1.5690325e-02   9.8430968e-01
   5.3846805e-01   0.0000000e+00   1.5710169e-02   9.8428983e-01
   5.3846951e-01   0.0000000e+00   1.5957062e-02   9.8404294e-01
   5.3847781e-01   0.0000000e+00   1.5819446e-02   9.8418055e-01
   5.3847969e-01   0.0000000e+00   1.6274445e-02   9.8372556e-01
   5.3849017e-01   0.0000000e+00   1.5394385e-02   9.8460562e-01
   5.3852333e-01   0.0000000e+00   1.5861742e-02   9.8413826e-01
   5.3859461e-01   0.0000000e+00   1.5829194e-02   9.8417081e-01
   5.3859935e-01   0.0000000e+00   1.5594481e-02   9.8440552e-01
   5.3863157e-01   0.0000000e+00   1.5494839e-02   9.8450516e-01
   5.3863785e-01   0.0000000e+00   1.5571686e-02   9.8442831e-01
   5.3867103e-01   0.0000000e+00   1.5382903e-02   9.8461710e-01
   5.3868318e-01   0.0000000e+00   1.5701745e-02   9.8429825e-01
   5.3874305e-01   0.0000000e+00   1.5414005e-02   9.8458600e-01
   5.3876630e-01   0.0000000e+00   1.6591542e-02   9.8340846e-01
   5.3877919e-01   0.0000000e+00   1.5614737e-02   9.8438526e-01
   5.3884836e-01   0.0000000e+00   1.5830984e-02   9.8416902e-01
   5.3888716e-01   0.0000000e+00   1.5767879e-02   9.8423212e-01
   5.3888826e-01   0.0000000e+00   1.5661425e-02   9.8433858e-01
   5.3890507e-01   0.0000000e+00   1.5400405e-02   9.8459960e-01
   5.3892380e-01   0.0000000e+00   1.6043301e-02   9.8395670e-01
   5.3892527e-01   0.0000000e+00   1.5741547e-02   9.8425845e-01
   5.3897624e-01   0.0000000e+00   1.5541987e-02   9.8445801e-01
   5.3897819e-01   0.0000000e+00   1.5765117e-02   9.8423488e-01
   5.3905339e-01   0.0000000e+00   1.6709111e-02   9.8329089e-01
   5.3907255e-01   0.0000000e+00   1.5484002e-02   9.8451600e-01
   5.3908843e-01   0.0000000e+00   1.5506327e-02   9.8449367e-01
   5.3910380e-01   0.0000000e+00   1.5626740e-02   9.8437326e-01
   5.3911963e-01   0.0000000e+00   1.6317201e-02   9.8368280e-01
   5.3914832e-01   0.0000000e+00   1.5828302e-02   9.8417170e-01
   5.3915212e-01   0.0000000e+00   1.6200834e-02   9.8379917e-01
   5.3918313e-01   0.0000000e+00   1.5530296e-02   9.8446970e-01
   5.3933952e-01   0.0000000e+00   1.5912316e-02   9.8408768e-01
   5.3934768e-01   0.0000000e+00   1.5664285e-02   9.8433571e-01
   5.3935749e-01   0.0000000e+00   1.4941088e-02   9.8505891e-01
   5.3943896e-01   0.0000000e+00   1.6834869e-02   9.8316513e-01
   5.3946803e-01   0.0000000e+00   1.5442270e-02   9.8455773e-01
   5.3957873e-01   0.0000000e+00   1.5577727e-02   9.8442227e-01
   5.3961650e-01   0.0000000e+00   1.5449415e-02   9.8455058e-01
   5.3968727e-01   0.0000000e+00   1.6141383e-02   9.8385862e-01
   5.3969694e-01   0.0000000e+00   1.5178480e-02   9.8482152e-01
   5.3970013e-01   0.0000000e+00   1.4668796e-02   9.8533120e-01
   5.3976368e-01   0.0000000e+00   1.7314288e-02   9.8268571e-01
   5.3977709e-01   0.0000000e+00   1.5395947e-02   9.8460405e-01
   5.3981818e-01   0.0000000e+00   1.5583710e-02   9.8441629e-01
   5.3986002e-01   0.0000000e+00   1.5400272e-02   9.8459973e-01
   5.3999599e-01   0.0000000e+00   1.5601416e-02   9.8439858e-01
   5.4002883e-01   0.0000000e+00   1.4990912e-02   9.8500909e-01
   5.4004869e-01   0.0000000e+00   1.5587987e-02   9.8441201e-01
   5.4005486e-01   0.0000000e+00   1.5676541e-02   9.8432346e-01
   5.4008932e-01   0.0000000e+00   1.5611974e-02   9.8438803e-01
   5.4009386e-01   0.0000000e+00   1.5516456e-02   9.8448354e-01
   5.4010987e-01   0.0000000e+00   1.5668187e-02   9.8433181e-01
   5.4017032e-01   0.0000000e+00   1.6772219e-02   9.8322778e-01
   5.4021013e-01   0.0000000e+00   1.5306128e-02   9.8469387e-01
   5.4027975e-01   0.0000000e+00   1.5275756e-02   9.8472424e-01
   5.4033671e-01   0.0000000e+00   1.5807358e-02   9.8419264e-01
   5.4042626e-01   0.0000000e+00   1.5443365e-02   9.8455663e-01
   5.4043597e-01   0.0000000e+00   1.5468350e-02   9.8453165e-01
   5.4045344e-01   0.0000000e+00   1.6021917e-02   9.8397808e-01
   5.4046050e-01   0.0000000e+00   1.4941236e-02   9.8505876e-01
   5.4047655e-01   0.0000000e+00   1.3754965e-02   9.8624503e-01
   5.4080649e-01   0.0000000e+00   1.5417376e-02   9.8458262e-01
   5.4082141e-01   0.0000000e+00   1.5576859e-02   9.8442314e-01
   5.4096052e-01   0.0000000e+00   1.5194874e-02   9.8480513e-01
   5.4098797e-01   0.0000000e+00   1.5087909e-02   9.8491209e-01
   5.4106155e-01   0.0000000e+00   1.5241091e-02   9.8475891e-01
   5.4112363e-01   0.0000000e+00   1.4370399e-02   9.8562960e-01
   5.4128231e-01   0.0000000e+00   1.5630958e-02   9.8436904e-01
   5.4129615e-01   0.0000000e+00   1.5403282e-02   9.8459672e-01
   5.4130590e-01   0.0000000e+00   1.8777166e-02   9.8122283e-01
   5.4142070e-01   0.0000000e+00   1.7965043e-02   9.8203496e-01
   5.4144786e-01   0.0000000e+00   1.5252999e-02   9.8474700e-01
   5.4157988e-01   0.0000000e+00   1.5574212e-02   9.8442579e-01
   5.4170461e-01   0.0000000e+00   1.5081330e-02   9.8491867e-01
   5.4194026e-01   0.0000000e+00   1.8090413e-02   9.8190959e-01
   5.4197399e-01   0.0000000e+00   1.6774511e-02   9.8322549e-01
   5.4198673e-01   0.0000000e+00   1.4768856e-02   9.8523114e-01
   5.4205739e-01   0.0000000e+00   1.5302384e-02   9.8469762e-01
   5.4209670e-01   0.0000000e+00   1.4039952e-02   9.8596005e-01
   5.4212177e-01   0.0000000e+00   1.5541739e-02   9.8445826e-01
   5.4217411e-01   0.0000000e+00   1.5490420e-02   9.8450958e-01
   5.4257758e-01   0.0000000e+00   1.5529934e-02   9.8447007e-01
   5.4269175e-01   0.0000000e+00   1.4889858e-02   9.8511014e-01
   5.4274821e-01   0.0000000e+00   1.4888058e-02   9.8511194e-01
   5.4305503e-01   0.0000000e+00   1.5151230e-02   9.8484877e-01
   5.4310894e-01   0.0000000e+00   1.4604724e-02   9.8539528e-01
   5.4314889e-01   0.0000000e+00   1.5350345e-02   9.8464966e-01
   5.4320255e-01   0.0000000e+00   1.5327176e-02   9.8467282e-01
   5.4355392e-01   0.0000000e+00   1.5497688e-02   9.8450231e-01
   5.4359755e-01   0.0000000e+00   2.2012201e-02   9.7798780e-01
   5.4368823e-01   0.0000000e+00   1.4745652e-02   9.8525435e-01
   5.4380277e-01   0.0000000e+00   1.5850182e-02   9.8414982e-01
   5.4383636e-01   0.0000000e+00   1.4677677e-02   9.8532232e-01
   5.4405517e-01   0.0000000e+00   1.4892865e-02   9.8510713e-01
   5.4431634e-01   0.0000000e+00   1.4211077e-02   9.8578892e-01
   5.4435307e-01   0.0000000e+00   1.5481858e-02   9.8451814e-01
   5.4449468e-01   0.0000000e+00   1.4857262e-02   9.8514274e-01
   5.4456911e-01   0.0000000e+00   1.5343384e-02   9.8465662e-01
   5.4460495e-01   0.0000000e+00   1.5703125e-02   9.8429687e-01
   5.4486304e-01   0.0000000e+00   1.4854840e-02   9.8514516e-01
   5.4487241e-01   0.0000000e+00   1.3598586e-02   9.8640141e-01
   5.4532291e-01   0.0000000e+00   1.4416163e-02   9.8558384e-01
   5.4539450e-01   0.0000000e+00   1.3886916e-02   9.8611308e-01
   5.4575320e-01   0.0000000e+00   1.5181517e-02   9.8481848e-01
   5.4592908e-01   0.0000000e+00   1.5466679e-02   9.8453332e-01
   5.4615383e-01   0.0000000e+00   1.4135322e-02   9.8586468e-01
   5.4623543e-01   0.0000000e+00   1.4168381e-02   9.8583162e-01
   5.4625330e-01   0.0000000e+00   1.4251645e-02   9.8574835e-01
   5.4652563e-01   0.0000000e+00   1.4807453e-02   9.8519255e-01
   5.4666463e-01   0.0000000e+00   1.5467328e-02   9.8453267e-01
   5.4692736e-01   0.0000000e+00   1.3474735e-02   9.8652527e-01
   5.4694180e-01   0.0000000e+00   1.5141115e-02   9.8485889e-01
   5.4742652e-01   0.0000000e+00   1.3745707e-02   9.8625429e-01
   5.4749889e-01   0.0000000e+00   1.5242973e-02   9.8475703e-01
   5.4752669e-01   0.0000000e+00   1.5455650e-02   9.8454435e-01
   5.4820086e-01   0.0000000e+00   1.5985872e-02   9.8401413e-01
   5.4892315e-01   0.0000000e+00   2.8473137e-02   9.7152686e-01
   5.4893927e-01   0.0000000e+00   1.3511797e-02   9.8648820e-01
   5.4902706e-01   0.0000000e+00   1.3321874e-02   9.8667813e-01
   5.4912470e-01   0.0000000e+00   1.4345724e-02   9.8565428e-01
   5.4915905e-01   0.0000000e+00   1.5463167e-02   9.8453683e-01
   5.4956978e-01   0.0000000e+00   1.7692295e-02   9.8230770e-01
   5.4958366e-01   0.0000000e+00   1.4537912e-02   9.8546209e-01
   5.4984088e-01   0.0000000e+00   1.3517046e-02   9.8648295e-01
   5.5011461e-01   0.0000000e+00   1.4935179e-02   9.8506482e-01
   5.5071211e-01   0.0000000e+00   1.3698037e-02   9.8630196e-01
   5.5072707e-01   0.0000000e+00   1.4171515e-02   9.8582849e-01
   5.5073155e-01   0.0000000e+00   1.4888215e-02   9.8511178e-01
   5.5080377e-01   0.0000000e+00   1.3874910e-02   9.8612509e-01
   5.5099762e-01   0.0000000e+00   1.5362941e-02   9.8463706e-01
   5.5108310e-01   0.0000000e+00   1.3455118e-02   9.8654488e-01
   5.5142328e-01   0.0000000e+00   1.5210428e-02   9.8478957e-01
   5.5159897e-01   0.0000000e+00   1.4682996e-02   9.8531700e-01
   5.5182158e-01   0.0000000e+00   1.4544150e-02   9.8545585e-01
   5.5210384e-01   0.0000000e+00   1.3262814e-02   9.8673719e-01
   5.5236841e-01   0.0000000e+00   1.4486637e-02   9.8551336e-01
   5.5277626e-01   0.0000000e+00   1.4189830e-02   9.8581017e-01
   5.5299186e-01   0.0000000e+00   1.4083410e-02   9.8591659e-01
   5.5304616e-01   0.0000000e+00   1.4359506e-02   9.8564049e-01
   5.5317886e-01   0.0000000e+00   1.3784760e-02   9.8621524e-01
   5.5331372e-01   0.0000000e+00   1.3738002e-02   9.8626200e-01
   5.5346758e-01   0.0000000e+00   1.3865337e-02   9.8613466e-01
   5.5352090e-01   0.0000000e+00   1.5503768e-02   9.8449623e-01
   5.5358125e-01   0.0000000e+00   1.4178137e-02   9.8582186e-01
   5.5382535e-01   0.0000000e+00   1.3314654e-02   9.8668535e-01
   5.5405287e-01   0.0000000e+00   1.5147006e-02   9.8485299e-01
   5.5425362e-01   0.0000000e+00   1.4427000e-02   9.8557300e-01
   5.5425827e-01   0.0000000e+00   1.3899394e-02   9.8610061e-01
   5.5432526e-01   0.0000000e+00   1.4006022e-02   9.8599398e-01
   5.5449225e-01   0.0000000e+00   1.3448733e-02   9.8655127e-01
   5.5454635e-01   0.0000000e+00   1.4196715e-02   9.8580328e-01
   5.5460882e-01   0.0000000e+00   1.3957317e-02   9.8604268e-01
   5.5474863e-01   0.0000000e+00   1.3782765e-02   9.8621723e-01
   5.5476495e-01   0.0000000e+00   1.6372296e-02   9.8362770e-01
   5.5479591e-01   0.0000000e+00   1.4464483e-02   9.8553552e-01
   5.5517129e-01   0.0000000e+00   1.3723251e-02   9.8627675e-01
   5.5527717e-01   0.0000000e+00   1.4388727e-02   9.8561127e-01
   5.5537571e-01   0.0000000e+00   1.3635419e-02   9.8636458e-01
   5.5547385e-01   0.0000000e+00   1.4025243e-02   9.8597476e-01
   5.5552251e-01   0.0000000e+00   1.3878803e-02   9.8612120e-01
   5.5554784e-01   0.0000000e+00   1.3539380e-02   9.8646062e-01
   5.5566067e-01   0.0000000e+00   1.3987650e-02   9.8601235e-01
   5.5570988e-01   0.0000000e+00   1.3546461e-02   9.8645354e-01
   5.5583261e-01   0.0000000e+00   1.3520281e-02   9.8647972e-01
   5.5590714e-01   0.0000000e+00   1.3344161e-02   9.8665584e-01
   5.5591720e-01   0.0000000e+00   1.3643374e-02   9.8635663e-01
   5.5592865e-01   0.0000000e+00   1.3253854e-02   9.8674615e-01
   5.5594039e-01   0.0000000e+00   1.3862541e-02   9.8613746e-01
   5.5601843e-01   0.0000000e+00   1.3278319e-02   9.8672168e-01
   5.5605093e-01   0.0000000e+00   1.3905534e-02   9.8609447e-01
   5.5606094e-01   0.0000000e+00   1.3561665e-02   9.8643833e-01
   5.5607337e-01   0.0000000e+00   1.3849125e-02   9.8615088e-01
   5.5614720e-01   0.0000000e+00   1.3467591e-02   9.8653241e-01
   5.5617876e-01   0.0000000e+00   1.4249684e-02   9.8575032e-01
   5.5626793e-01   0.0000000e+00   1.3427511e-02   9.8657249e-01
   5.5635988e-01   0.0000000e+00   1.3992855e-02   9.8600714e-01
   5.5640134e-01   0.0000000e+00   1.3621086e-02   9.8637891e-01
   5.5642616e-01   0.0000000e+00   1.3827393e-02   9.8617261e-01
   5.5643213e-01   0.0000000e+00   1.3849853e-02   9.8615015e-01
   5.5645037e-01   0.0000000e+00   1.3281048e-02   9.8671895e-01
   5.5648344e-01   0.0000000e+00   1.4478037e-02   9.8552196e-01
   5.5653078e-01   0.0000000e+00   1.4389911e-02   9.8561009e-01
   5.5655784e-01   0.0000000e+00   1.3914336e-02   9.8608566e-01
   5.5657458e-01   0.0000000e+00   1.3835202e-02   9.8616480e-01
   5.5658035e-01   0.0000000e+00   1.3846627e-02   9.8615337e-01
   5.5658577e-01   0.0000000e+00   1.4479210e-02   9.8552079e-01
   5.5667869e-01   0.0000000e+00   1.3876550e-02   9.8612345e-01
   5.5669738e-01   0.0000000e+00   1.3936051e-02   9.8606395e-01
   5.5671709e-01   0.0000000e+00   1.3979702e-02   9.8602030e-01
   5.5673853e-01   0.0000000e+00   1.3303605e-02   9.8669639e-01
   5.5677736e-01   0.0000000e+00   1.3907541e-02   9.8609246e-01
   5.5681627e-01   0.0000000e+00   1.4087492e-02   9.8591251e-01
   5.5683987e-01   0.0000000e+00   1.3984316e-02   9.8601568e-01
   5.5687486e-01   0.0000000e+00   1.4644922e-02   9.8535508e-01
   5.5687903e-01   0.0000000e+00   1.4303615e-02   9.8569639e-01
   5.5691289e-01   0.0000000e+00   1.4104869e-02   9.8589513e-01
   5.5692273e-01   0.0000000e+00   1.4290270e-02   9.8570973e-01
   5.5692922e-01   0.0000000e+00   1.3647592e-02   9.8635241e-01
   5.5695021e-01   0.0000000e+00   1.3340225e-02   9.8665977e-01
   5.5699227e-01   0.0000000e+00   1.3983205e-02   9.8601679e-01
   5.5705093e-01   0.0000000e+00   1.3385246e-02   9.8661475e-01
   5.5706320e-01   0.0000000e+00   1.3243104e-02   9.8675690e-01
   5.5706965e-01   0.0000000e+00   1.3846437e-02   9.8615356e-01
   5.5708105e-01   0.0000000e+00   1.3532477e-02   9.8646752e-01
   5.5709712e-01   0.0000000e+00   1.4106913e-02   9.8589309e-01
   5.5716024e-01   0.0000000e+00   1.3258983e-02   9.8674102e-01
   5.5721452e-01   0.0000000e+00   1.3887105e-02   9.8611290e-01
   5.5721513e-01   0.0000000e+00   1.3674249e-02   9.8632575e-01
   5.5721977e-01   0.0000000e+00   1.3396042e-02   9.8660396e-01
   5.5722386e-01   0.0000000e+00   1.8173470e-02   9.8182653e-01
   5.5722977e-01   0.0000000e+00   1.4086844e-02   9.8591316e-01
   5.5723209e-01   0.0000000e+00   1.3745207e-02   9.8625479e-01
   5.5723826e-01   0.0000000e+00   1.4031233e-02   9.8596877e-01
   5.5726742e-01   0.0000000e+00   1.4479496e-02   9.8552050e-01
   5.5736463e-01   0.0000000e+00   1.4363874e-02   9.8563613e-01
   5.5736584e-01   0.0000000e+00   1.4357870e-02   9.8564213e-01
   5.5737642e-01   0.0000000e+00   1.4418268e-02   9.8558173e-01
   5.5740327e-01   0.0000000e+00   1.3360835e-02   9.8663917e-01
   5.5740428e-01   0.0000000e+00   1.4038646e-02   9.8596135e-01
   5.5747290e-01   0.0000000e+00   1.4074262e-02   9.8592574e-01
   5.5749554e-01   0.0000000e+00   1.3999264e-02   9.8600074e-01
   5.5752867e-01   0.0000000e+00   1.4144077e-02   9.8585592e-01
   5.5758570e-01   0.0000000e+00   1.3291046e-02   9.8670895e-01
   5.5761894e-01   0.0000000e+00   1.4021041e-02   9.8597896e-01
   5.5764124e-01   0.0000000e+00   1.5405400e-02   9.8459460e-01
   5.5765112e-01   0.0000000e+00   1.4022661e-02   9.8597734e-01
   5.5765364e-01   0.0000000e+00   1.4106737e-02   9.8589326e-01
   5.5773378e-01   0.0000000e+00   1.4313775e-02   9.8568622e-01
   5.5782142e-01   0.0000000e+00   1.5118858e-02   9.8488114e-01
   5.5790103e-01   0.0000000e+00   1.4052684e-02   9.8594732e-01
   5.5792940e-01   0.0000000e+00   1.4600505e-02   9.8539950e-01
   5.5795279e-01   0.0000000e+00   1.4394310e-02   9.8560569e-01
   5.5795602e-01   0.0000000e+00   1.4293645e-02   9.8570635e-01
   5.5795995e-01   0.0000000e+00   1.4463686e-02   9.8553631e-01
   5.5796030e-01   0.0000000e+00   1.4623479e-02   9.8537652e-01
   5.5798263e-01   0.0000000e+00   1.4062660e-02   9.8593734e-01
   5.5801212e-01   0.0000000e+00   1.4575016e-02   9.8542498e-01
   5.5803688e-01   0.0000000e+00   1.3943164e-02   9.8605684e-01
   5.5805309e-01   0.0000000e+00   1.3475648e-02   9.8652435e-01
   5.5806699e-01   0.0000000e+00   1.4445664e-02   9.8555434e-01
   5.5808251e-01   0.0000000e+00   1.4668541e-02   9.8533146e-01
   5.5808865e-01   0.0000000e+00   1.4597495e-02   9.8540251e-01
   5.5812035e-01   0.0000000e+00   1.4502095e-02   9.8549790e-01
   5.5813254e-01   0.0000000e+00   1.4078059e-02   9.8592194e-01
   5.5817090e-01   0.0000000e+00   1.3431670e-02   9.8656833e-01
   5.5817243e-01   0.0000000e+00   1.4015407e-02   9.8598459e-01
   5.5817939e-01   0.0000000e+00   1.6694179e-02   9.8330582e-01
   5.5822720e-01   0.0000000e+00   1.4417210e-02   9.8558279e-01
   5.5824255e-01   0.0000000e+00   1.4275862e-02   9.8572414e-01
   5.5833641e-01   0.0000000e+00   1.5794508e-02   9.8420549e-01
   5.5838683e-01   0.0000000e+00   1.4485249e-02   9.8551475e-01
   5.5840891e-01   0.0000000e+00   1.4975957e-02   9.8502404e-01
   5.5842144e-01   0.0000000e+00   1.4449184e-02   9.8555082e-01
   5.5846821e-01   0.0000000e+00   1.4423810e-02   9.8557619e-01
   5.5851824e-01   0.0000000e+00   1.4297089e-02   9.8570291e-01
   5.5852189e-01   0.0000000e+00   1.4737815e-02   9.8526218e-01
   5.5855556e-01   0.0000000e+00   1.5199660e-02   9.8480034e-01
   5.5873221e-01   0.0000000e+00   1.4932976e-02   9.8506702e-01
   5.5879833e-01   0.0000000e+00   1.4965786e-02   9.8503421e-01
   5.5885664e-01   0.0000000e+00   1.4079446e-02   9.8592055e-01
   5.5889561e-01   0.0000000e+00   1.4818808e-02   9.8518119e-01
   5.5891351e-01   0.0000000e+00   1.4846925e-02   9.8515307e-01
   5.5896227e-01   0.0000000e+00   1.3291504e-02   9.8670850e-01
   5.5898438e-01   0.0000000e+00   1.4722102e-02   9.8527790e-01
   5.5898772e-01   0.0000000e+00   1.4013501e-02   9.8598650e-01
   5.5899936e-01   0.0000000e+00   1.5291384e-02   9.8470862e-01
   5.5906286e-01   0.0000000e+00   1.5147885e-02   9.8485212e-01
   5.5916936e-01   0.0000000e+00   1.5276048e-02   9.8472395e-01
   5.5920876e-01   0.0000000e+00   1.5018318e-02   9.8498168e-01
   5.5922295e-01   0.0000000e+00   1.5034643e-02   9.8496536e-01
   5.5933604e-01   0.0000000e+00   1.5889299e-02   9.8411070e-01
   5.5935397e-01   0.0000000e+00   1.5470537e-02   9.8452946e-01
