   5.3841252e-01   7.6015269e-03   5.5127977e-02   9.3727050e-01
   5.3702673e-01   7.5942491e-03   5.5371528e-02   9.3703422e-01
   5.3983596e-01   7.6442703e-03   5.5212360e-02   9.3714337e-01
   5.3970286e-01   7.6188820e-03   5.5257150e-02   9.3712397e-01
   5.3658024e-01   7.6022108e-03   5.5358926e-02   9.3703886e-01
   5.3961126e-01   7.6181492e-03   5.5237431e-02   9.3714442e-01
   5.3733579e-01   7.5931244e-03   5.5226610e-02   9.3718027e-01
   5.3801869e-01   7.6088911e-03   5.5337628e-02   9.3705348e-01
   5.3785308e-01   7.6128647e-03   5.5225985e-02   9.3716115e-01
   5.3789802e-01   7.5938719e-03   5.5171083e-02   9.3723504e-01
   5.3677756e-01   7.5664557e-03   5.5051067e-02   9.3738248e-01
   5.4065219e-01   7.6564234e-03   5.5160255e-02   9.3718332e-01
   5.3775206e-01   7.6324113e-03   5.5377148e-02   9.3699044e-01
   5.3961385e-01   7.6400097e-03   5.5141984e-02   9.3721801e-01
   5.3716554e-01   7.6160001e-03   5.5388476e-02   9.3699552e-01
   5.3716963e-01   7.6081054e-03   5.5183322e-02   9.3720857e-01
   5.3884295e-01   7.6186091e-03   5.5110750e-02   9.3727064e-01
   5.3885070e-01   7.6268718e-03   5.5093153e-02   9.3727997e-01
   5.3735437e-01   7.6175286e-03   5.5266969e-02   9.3711550e-01
   5.3729126e-01   7.6133208e-03   5.5256563e-02   9.3713012e-01
   5.3640940e-01   7.6242270e-03   5.5382520e-02   9.3699325e-01
   5.3768319e-01   7.6039624e-03   5.5124544e-02   9.3727149e-01
   5.3734757e-01   7.6193311e-03   5.5215805e-02   9.3716486e-01
   5.3760150e-01   7.6174308e-03   5.5165270e-02   9.3721730e-01
   5.3764800e-01   7.6421704e-03   5.5328264e-02   9.3702957e-01
   5.3744283e-01   7.6140639e-03   5.5230515e-02   9.3715542e-01
   5.3964255e-01   7.6532324e-03   5.5119129e-02   9.3722764e-01
   5.3658926e-01   7.6173697e-03   5.5468299e-02   9.3691433e-01
   5.3784716e-01   7.6430128e-03   5.5264922e-02   9.3709206e-01
   5.3780257e-01   7.6243467e-03   5.5173260e-02   9.3720239e-01
   5.3711229e-01   7.6174783e-03   5.5234795e-02   9.3714773e-01
   5.4113200e-01   7.6578535e-03   5.5083003e-02   9.3725914e-01
   5.3574908e-01   7.6109353e-03   5.5337552e-02   9.3705151e-01
   5.3920504e-01   7.6563934e-03   5.5263907e-02   9.3707970e-01
   5.3771543e-01   7.6403363e-03   5.5261907e-02   9.3709776e-01
   5.3724604e-01   7.6219123e-03   5.5215174e-02   9.3716291e-01
   5.3742082e-01   7.6235678e-03   5.5223360e-02   9.3715307e-01
   5.3930897e-01   7.6280279e-03   5.5002099e-02   9.3736987e-01
   5.3696311e-01   7.6226658e-03   5.5237783e-02   9.3713955e-01
   5.3839967e-01   7.6189655e-03   5.5019612e-02   9.3736142e-01
   5.3724899e-01   7.6177641e-03   5.5154895e-02   9.3722734e-01
   5.3777284e-01   7.6435651e-03   5.5266253e-02   9.3709018e-01
   5.3554648e-01   7.6048769e-03   5.5307554e-02   9.3708757e-01
   5.3660336e-01   7.6102995e-03   5.5223135e-02   9.3716657e-01
   5.3648337e-01   7.6091927e-03   5.5194332e-02   9.3719648e-01
   5.3751119e-01   7.6211164e-03   5.5142087e-02   9.3723680e-01
   5.3683023e-01   7.6170809e-03   5.5163570e-02   9.3721935e-01
   5.3724433e-01   7.6281756e-03   5.5156085e-02   9.3721574e-01
   5.3402994e-01   7.5948888e-03   5.5397940e-02   9.3700717e-01
   5.3532305e-01   7.6144800e-03   5.5307649e-02   9.3707787e-01
   5.3697651e-01   7.6191137e-03   5.5162264e-02   9.3721862e-01
   5.3805593e-01   7.6356315e-03   5.5183524e-02   9.3718084e-01
   5.3671808e-01   7.6103658e-03   5.5126793e-02   9.3726284e-01
   5.3623205e-01   7.6077433e-03   5.5144908e-02   9.3724735e-01
   5.3651994e-01   7.6305490e-03   5.5216537e-02   9.3715291e-01
   5.3571689e-01   7.6103286e-03   5.5250850e-02   9.3713882e-01
   5.3747191e-01   7.6297149e-03   5.5129903e-02   9.3724038e-01
   5.3604534e-01   7.6028541e-03   5.5149242e-02   9.3724790e-01
   5.3557210e-01   7.5987278e-03   5.5195952e-02   9.3720532e-01
   5.3613338e-01   7.6109285e-03   5.5136007e-02   9.3725306e-01
   5.4038432e-01   7.6282848e-03   5.4787876e-02   9.3758384e-01
   5.3694712e-01   7.6147608e-03   5.5048715e-02   9.3733652e-01
   5.3887599e-01   7.6161468e-03   5.4817736e-02   9.3756612e-01
   5.3571696e-01   7.6238317e-03   5.5251829e-02   9.3712434e-01
   5.3670869e-01   7.6196712e-03   5.5089383e-02   9.3729095e-01
   5.3757653e-01   7.6351686e-03   5.5001173e-02   9.3736366e-01
   5.3546202e-01   7.6048285e-03   5.5181547e-02   9.3721362e-01
   5.3650196e-01   7.6585562e-03   5.5387670e-02   9.3695377e-01
   5.3480227e-01   7.6033813e-03   5.5241414e-02   9.3715520e-01
   5.3539928e-01   7.6033724e-03   5.5155600e-02   9.3724103e-01
   5.3879654e-01   7.6472244e-03   5.5135919e-02   9.3721686e-01
   5.3493875e-01   7.6105808e-03   5.5315662e-02   9.3707376e-01
   5.3561366e-01   7.6047244e-03   5.5131221e-02   9.3726405e-01
   5.3749266e-01   7.6253844e-03   5.5037868e-02   9.3733675e-01
   5.3591446e-01   7.6058096e-03   5.5054180e-02   9.3734001e-01
   5.3533941e-01   7.6123901e-03   5.5283791e-02   9.3710382e-01
   5.3646161e-01   7.6141773e-03   5.5040456e-02   9.3734537e-01
   5.3191480e-01   7.6053337e-03   5.5699381e-02   9.3669529e-01
   5.3504211e-01   7.5860373e-03   5.5022924e-02   9.3739104e-01
   5.3540443e-01   7.6068122e-03   5.4985841e-02   9.3740735e-01
   5.3614831e-01   7.6070244e-03   5.5014101e-02   9.3737887e-01
   5.3654226e-01   7.5933704e-03   5.4882860e-02   9.3752377e-01
   5.3556657e-01   7.5984877e-03   5.5041124e-02   9.3736039e-01
   5.3570106e-01   7.6000289e-03   5.5022954e-02   9.3737702e-01
   5.3516997e-01   7.6010525e-03   5.5084516e-02   9.3731443e-01
   5.3535390e-01   7.5977744e-03   5.5023389e-02   9.3737884e-01
   5.3509243e-01   7.5975142e-03   5.5062787e-02   9.3733970e-01
   5.4269680e-01   7.6210494e-03   5.4344594e-02   9.3803436e-01
   5.3532791e-01   7.5945489e-03   5.4985851e-02   9.3741960e-01
   5.3517342e-01   7.5955967e-03   5.5057014e-02   9.3734739e-01
   5.3533732e-01   7.5992985e-03   5.5035973e-02   9.3736473e-01
   5.3439489e-01   7.5813805e-03   5.5118202e-02   9.3730042e-01
   5.3494073e-01   7.5966605e-03   5.4838233e-02   9.3756511e-01
   5.3461298e-01   7.6085934e-03   5.5358285e-02   9.3703312e-01
   5.3590852e-01   7.5997689e-03   5.4921441e-02   9.3747879e-01
   5.3364614e-01   7.5583771e-03   5.4934232e-02   9.3750739e-01
   5.3355237e-01   7.5862301e-03   5.5179942e-02   9.3723383e-01
   5.3724715e-01   7.6103441e-03   5.4853588e-02   9.3753607e-01
   5.3371783e-01   7.5777281e-03   5.5112736e-02   9.3730954e-01
   5.3470015e-01   7.5980358e-03   5.5134020e-02   9.3726794e-01
   5.3566632e-01   7.5885711e-03   5.4861826e-02   9.3754960e-01
   5.3383297e-01   7.5808481e-03   5.5270596e-02   9.3714856e-01
   5.3520296e-01   7.5859696e-03   5.4871342e-02   9.3754269e-01
   5.3736067e-01   7.5685632e-03   5.4575578e-02   9.3785586e-01
   5.3496605e-01   7.5836716e-03   5.4890131e-02   9.3752620e-01
   5.3643830e-01   7.5954665e-03   5.4764754e-02   9.3763978e-01
   5.3489834e-01   7.5881490e-03   5.4967197e-02   9.3744465e-01
   5.3150964e-01   7.5669645e-03   5.5311620e-02   9.3712142e-01
   5.3477846e-01   7.5794294e-03   5.4861370e-02   9.3755920e-01
   5.3531227e-01   7.5874657e-03   5.4852180e-02   9.3756035e-01
   5.3496331e-01   7.5940251e-03   5.4962282e-02   9.3744369e-01
   5.3505554e-01   7.5828832e-03   5.4896412e-02   9.3752070e-01
   5.3582385e-01   7.5913153e-03   5.4800940e-02   9.3760774e-01
   5.3352137e-01   7.5606968e-03   5.5118140e-02   9.3732116e-01
   5.3386782e-01   7.5636763e-03   5.4929532e-02   9.3750679e-01
   5.3592104e-01   7.5917225e-03   5.4760833e-02   9.3764744e-01
   5.3320319e-01   7.5621863e-03   5.4929701e-02   9.3750811e-01
   5.3530340e-01   7.5727486e-03   5.4671453e-02   9.3775580e-01
   5.3745474e-01   7.5894347e-03   5.4448813e-02   9.3796175e-01
   5.3559182e-01   7.5775847e-03   5.4667184e-02   9.3775523e-01
   5.3239836e-01   7.5031095e-03   5.4669375e-02   9.3782752e-01
   5.3613117e-01   7.5800986e-03   5.4592665e-02   9.3782724e-01
   5.3525093e-01   7.5897184e-03   5.4768312e-02   9.3764197e-01
   5.3513855e-01   7.5814092e-03   5.4699898e-02   9.3771869e-01
   5.3421006e-01   7.5628736e-03   5.4701632e-02   9.3773549e-01
   5.3440310e-01   7.5754471e-03   5.4796975e-02   9.3762758e-01
   5.3772742e-01   7.5937386e-03   5.4499294e-02   9.3790697e-01
   5.3106511e-01   7.5369064e-03   5.5101062e-02   9.3736203e-01
   5.3597115e-01   7.5811287e-03   5.4557744e-02   9.3786113e-01
   5.3448690e-01   7.5614478e-03   5.4657220e-02   9.3778133e-01
   5.3371364e-01   7.5871548e-03   5.5120906e-02   9.3729194e-01
   5.3653176e-01   7.5776535e-03   5.4436863e-02   9.3798548e-01
   5.3279225e-01   7.5705277e-03   5.5551568e-02   9.3687790e-01
   5.3556696e-01   7.5733607e-03   5.4531415e-02   9.3789522e-01
   5.3499511e-01   7.5619348e-03   5.4594563e-02   9.3784350e-01
   5.3739002e-01   7.6062967e-03   5.4404354e-02   9.3798935e-01
   5.3501749e-01   7.5497320e-03   5.4404171e-02   9.3804610e-01
   5.3143259e-01   7.5236135e-03   5.5311871e-02   9.3716452e-01
   5.3232930e-01   7.5172586e-03   5.4696245e-02   9.3778650e-01
   5.3093264e-01   7.5525859e-03   5.5126288e-02   9.3732113e-01
   5.3590714e-01   7.5873204e-03   5.4518965e-02   9.3789371e-01
   5.3689569e-01   7.5609282e-03   5.4187592e-02   9.3825148e-01
   5.3156374e-01   7.5263965e-03   5.4720159e-02   9.3775344e-01
   5.3362490e-01   7.5339665e-03   5.4441641e-02   9.3802439e-01
   5.4029590e-01   7.6031185e-03   5.4014125e-02   9.3838276e-01
   5.3434977e-01   7.5437407e-03   5.4406090e-02   9.3805017e-01
   5.3534966e-01   7.5602718e-03   5.4313707e-02   9.3812602e-01
   5.3401676e-01   7.6076306e-03   5.5374176e-02   9.3701819e-01
   5.3212414e-01   7.5543620e-03   5.4928171e-02   9.3751747e-01
   5.3473439e-01   7.5442185e-03   5.4258153e-02   9.3819763e-01
   5.3481327e-01   7.5740929e-03   5.4497782e-02   9.3792812e-01
   5.3603966e-01   7.5580809e-03   5.4261074e-02   9.3818085e-01
   5.3569571e-01   7.5383549e-03   5.4175258e-02   9.3828639e-01
   5.2693676e-01   7.4802435e-03   5.5316961e-02   9.3720280e-01
   5.3708599e-01   7.5693100e-03   5.4004073e-02   9.3842662e-01
   5.2825500e-01   7.4957361e-03   5.5229735e-02   9.3727453e-01
   5.3326214e-01   7.5233842e-03   5.4436549e-02   9.3804007e-01
   5.3314141e-01   7.5093016e-03   5.4344183e-02   9.3814652e-01
   5.3745575e-01   7.5574445e-03   5.3928263e-02   9.3851429e-01
   5.3360783e-01   7.4784505e-03   5.4050083e-02   9.3847147e-01
   5.3177018e-01   7.5416031e-03   5.4683030e-02   9.3777537e-01
   5.3710564e-01   7.5554865e-03   5.3875995e-02   9.3856852e-01
   5.3730775e-01   7.6087344e-03   5.4518229e-02   9.3787304e-01
   5.3464253e-01   7.5312879e-03   5.4174512e-02   9.3829420e-01
   5.3774386e-01   7.5573900e-03   5.3795224e-02   9.3864739e-01
   5.3405005e-01   7.5103751e-03   5.4023140e-02   9.3846648e-01
   5.3586549e-01   7.5352744e-03   5.3917083e-02   9.3854764e-01
   5.2947013e-01   7.4384470e-03   5.4659923e-02   9.3790163e-01
   5.2866640e-01   7.4651901e-03   5.4700313e-02   9.3783450e-01
   5.3574739e-01   7.5198201e-03   5.3845078e-02   9.3863510e-01
   5.3574777e-01   7.5353989e-03   5.3908757e-02   9.3855584e-01
   5.3450163e-01   7.5099341e-03   5.3903726e-02   9.3858634e-01
   5.3953135e-01   7.5521578e-03   5.3453622e-02   9.3899422e-01
   5.3890823e-01   7.5651613e-03   5.3847237e-02   9.3858760e-01
   5.3435558e-01   7.5214613e-03   5.4142269e-02   9.3833627e-01
   5.3933170e-01   7.5544420e-03   5.3628112e-02   9.3881745e-01
   5.3438543e-01   7.5230324e-03   5.4156663e-02   9.3832030e-01
   5.3954072e-01   7.5805277e-03   5.3819352e-02   9.3860012e-01
   5.3695784e-01   7.5429825e-03   5.3795774e-02   9.3866124e-01
   5.3907001e-01   7.5440053e-03   5.3273982e-02   9.3918201e-01
   5.3980161e-01   7.5420776e-03   5.3234565e-02   9.3922336e-01
   5.3582767e-01   7.4950784e-03   5.3345428e-02   9.3915949e-01
   5.4298670e-01   7.6143167e-03   5.3262071e-02   9.3912361e-01
   5.2987370e-01   7.4542336e-03   5.4366869e-02   9.3817890e-01
   5.2577200e-01   7.4987639e-03   5.5215146e-02   9.3728609e-01
   5.2788667e-01   7.4777867e-03   5.5252335e-02   9.3726988e-01
   5.3590217e-01   7.4756993e-03   5.3285124e-02   9.3923918e-01
   5.4143028e-01   7.5438769e-03   5.2978155e-02   9.3947797e-01
   5.3894224e-01   7.5024698e-03   5.3007148e-02   9.3949038e-01
   5.4129686e-01   7.5517103e-03   5.2958898e-02   9.3948939e-01
   5.3953806e-01   7.5130415e-03   5.2957351e-02   9.3952961e-01
   5.3618993e-01   7.5245996e-03   5.3710260e-02   9.3876514e-01
   5.3471552e-01   7.5286790e-03   5.3984767e-02   9.3848655e-01
   5.3629619e-01   7.5325819e-03   5.3789051e-02   9.3867837e-01
   5.3384731e-01   7.4035681e-03   5.3079419e-02   9.3951701e-01
   5.3305842e-01   7.5675248e-03   5.4639844e-02   9.3779263e-01
   5.3295729e-01   7.4686119e-03   5.3955342e-02   9.3857605e-01
   5.3637768e-01   7.4882282e-03   5.3092245e-02   9.3941953e-01
   5.4080470e-01   7.5432438e-03   5.3255959e-02   9.3920080e-01
   5.3136541e-01   7.3906694e-03   5.3155149e-02   9.3945418e-01
   5.3595113e-01   7.5649397e-03   5.3864264e-02   9.3857080e-01
   5.4209948e-01   7.6306332e-03   5.3003118e-02   9.3936625e-01
   5.3682105e-01   7.3946559e-03   5.2341688e-02   9.4026366e-01
   5.3721656e-01   7.4379014e-03   5.2612280e-02   9.3994982e-01
   5.4489060e-01   7.5330104e-03   5.2073184e-02   9.4039381e-01
   5.4550398e-01   7.7295746e-03   5.3153432e-02   9.3911699e-01
   5.4644840e-01   7.5137190e-03   5.1824320e-02   9.4066196e-01
   5.4380199e-01   7.5041875e-03   5.1829894e-02   9.4066592e-01
   5.4211419e-01   7.6241877e-03   5.2857073e-02   9.3951874e-01
   5.4056979e-01   7.4234858e-03   5.1898769e-02   9.4067775e-01
   5.3976580e-01   7.4718199e-03   5.2118043e-02   9.4041014e-01
   5.4891291e-01   7.5787134e-03   5.1769550e-02   9.4065174e-01
   5.3977994e-01   7.6521682e-03   5.3240296e-02   9.3910754e-01
   5.4041025e-01   7.5778627e-03   5.2524517e-02   9.3989762e-01
   5.4840208e-01   7.5904174e-03   5.1869393e-02   9.4054019e-01
   5.4567224e-01   7.4923028e-03   5.1455953e-02   9.4105174e-01
   5.4177205e-01   7.7587584e-03   5.3769970e-02   9.3847127e-01
   5.4551094e-01   7.5192707e-03   5.1459494e-02   9.4102124e-01
   5.4324712e-01   7.6507113e-03   5.2621813e-02   9.3972748e-01
   5.4588673e-01   7.4573061e-03   5.1373398e-02   9.4116930e-01
   5.4654195e-01   7.6786915e-03   5.2576173e-02   9.3974514e-01
   5.4504622e-01   7.4527163e-03   5.1219609e-02   9.4132767e-01
   5.4252595e-01   7.7433191e-03   5.3426886e-02   9.3882979e-01
   5.3511987e-01   7.6704567e-03   5.4630981e-02   9.3769856e-01
   5.4916523e-01   7.6018586e-03   5.1815898e-02   9.4058224e-01
   5.3834270e-01   7.4126587e-03   5.1651454e-02   9.4093589e-01
   5.4639202e-01   7.5652347e-03   5.1574527e-02   9.4086024e-01
   5.3989768e-01   7.4063316e-03   5.1485560e-02   9.4110811e-01
   5.4931100e-01   7.5250511e-03   5.1160349e-02   9.4131460e-01
   5.4846638e-01   7.4996044e-03   5.1090701e-02   9.4140969e-01
   5.4551936e-01   7.5343375e-03   5.1407016e-02   9.4105865e-01
   5.4662088e-01   7.4678537e-03   5.0973728e-02   9.4155842e-01
   5.4611401e-01   7.4994818e-03   5.1126139e-02   9.4137438e-01
   5.4840117e-01   7.7831053e-03   5.2395614e-02   9.3982128e-01
   5.5369357e-01   7.6249473e-03   5.1355607e-02   9.4101945e-01
   5.4242798e-01   7.3862490e-03   5.1002972e-02   9.4161078e-01
   5.4336218e-01   7.7661698e-03   5.2964697e-02   9.3926913e-01
   5.5139609e-01   7.5705384e-03   5.0930752e-02   9.4149871e-01
   5.4480254e-01   7.6649957e-03   5.2134867e-02   9.4020014e-01
   5.4024142e-01   7.6428115e-03   5.2480064e-02   9.3987712e-01
   5.4624443e-01   7.4836927e-03   5.1008935e-02   9.4150737e-01
   5.3056018e-01   7.6643106e-03   5.5201089e-02   9.3713460e-01
   5.4471683e-01   7.3880711e-03   5.0942476e-02   9.4166945e-01
   5.5456253e-01   7.5575469e-03   5.0950429e-02   9.4149202e-01
   5.4618556e-01   7.5470798e-03   5.1246858e-02   9.4120606e-01
   5.4875115e-01   7.5238320e-03   5.0929520e-02   9.4154665e-01
   5.4603889e-01   7.4034515e-03   5.0562886e-02   9.4203366e-01
   5.5495725e-01   7.5398332e-03   5.0685010e-02   9.4177516e-01
   5.4958135e-01   7.4999854e-03   5.0609262e-02   9.4189075e-01
   5.5270028e-01   7.6553427e-03   5.1228493e-02   9.4111616e-01
   5.5070078e-01   7.4935077e-03   5.0554295e-02   9.4195220e-01
   5.4184830e-01   7.3997734e-03   5.0964342e-02   9.4163588e-01
   5.4979397e-01   7.3969132e-03   5.0350274e-02   9.4225281e-01
   5.4966698e-01   7.4410293e-03   5.0534299e-02   9.4202467e-01
   5.4928932e-01   7.4638814e-03   5.0387691e-02   9.4214843e-01
   5.5581312e-01   7.5151639e-03   5.0468829e-02   9.4201601e-01
   5.5258890e-01   7.4866233e-03   5.0418095e-02   9.4209528e-01
   5.4225264e-01   7.3625570e-03   5.0457426e-02   9.4218002e-01
   5.5041173e-01   7.4820866e-03   5.0523448e-02   9.4199447e-01
   5.5313121e-01   7.4739476e-03   5.0261532e-02   9.4226452e-01
   5.5263771e-01   7.4715331e-03   5.0343647e-02   9.4218482e-01
   5.4478673e-01   7.4065165e-03   5.0392888e-02   9.4220060e-01
   5.4976776e-01   7.4751628e-03   5.0347112e-02   9.4217772e-01
   5.4816649e-01   7.3804854e-03   5.0341523e-02   9.4227799e-01
   5.5207809e-01   7.5005344e-03   5.0267986e-02   9.4223148e-01
   5.4922979e-01   7.4066463e-03   5.0187658e-02   9.4240570e-01
   5.5587239e-01   7.5667854e-03   5.0612567e-02   9.4182065e-01
   5.5289031e-01   7.4643083e-03   5.0248497e-02   9.4228719e-01
   5.4945482e-01   7.4691131e-03   5.0227664e-02   9.4230322e-01
   5.4805853e-01   7.4002930e-03   5.0118614e-02   9.4248109e-01
   5.5413534e-01   7.5609844e-03   5.0371991e-02   9.4206702e-01
   5.5544355e-01   7.5912590e-03   5.0521516e-02   9.4188723e-01
   5.5389646e-01   7.5185525e-03   5.0286371e-02   9.4219508e-01
   5.5428319e-01   7.5388880e-03   5.0256304e-02   9.4220481e-01
   5.4938434e-01   7.4059686e-03   4.9967734e-02   9.4262630e-01
   5.4860803e-01   7.4433200e-03   5.0235235e-02   9.4232145e-01
   5.5141239e-01   7.4437330e-03   5.0000402e-02   9.4255586e-01
   5.5311596e-01   7.5015731e-03   5.0095909e-02   9.4240252e-01
   5.5694432e-01   7.5937599e-03   5.0519308e-02   9.4188693e-01
   5.4920648e-01   7.4089001e-03   4.9990095e-02   9.4260100e-01
   5.5301091e-01   7.4641562e-03   5.0416102e-02   9.4211974e-01
   5.5492602e-01   7.5188990e-03   5.0107893e-02   9.4237321e-01
   5.5400832e-01   7.5433478e-03   5.0234764e-02   9.4222189e-01
   5.5382938e-01   7.5136129e-03   5.0184327e-02   9.4230206e-01
   5.5094327e-01   7.4542890e-03   4.9988931e-02   9.4255678e-01
   5.4527162e-01   7.4436494e-03   5.0138394e-02   9.4241796e-01
   5.5207494e-01   7.4728481e-03   4.9968513e-02   9.4255864e-01
   5.5602698e-01   7.5583846e-03   5.0201029e-02   9.4224059e-01
   5.5140139e-01   7.4901398e-03   5.0181120e-02   9.4232874e-01
   5.5198580e-01   7.4912891e-03   4.9903246e-02   9.4260547e-01
   5.5130039e-01   7.4210322e-03   4.9826360e-02   9.4275261e-01
   5.5070700e-01   7.4485168e-03   4.9966218e-02   9.4258527e-01
   5.5617982e-01   7.5617155e-03   5.0342696e-02   9.4209559e-01
   5.5146302e-01   7.4657646e-03   4.9966630e-02   9.4256761e-01
   5.5107926e-01   7.4746927e-03   4.9927664e-02   9.4259764e-01
   5.5422795e-01   7.5499113e-03   5.0217803e-02   9.4223229e-01
   5.5304493e-01   7.4906217e-03   5.0133584e-02   9.4237579e-01
   5.5041664e-01   7.4701534e-03   4.9941718e-02   9.4258813e-01
   5.5103560e-01   7.4484622e-03   4.9894007e-02   9.4265753e-01
   5.5604529e-01   7.5484693e-03   5.0102587e-02   9.4234894e-01
   5.4976710e-01   7.4346737e-03   4.9973579e-02   9.4259175e-01
   5.5063028e-01   7.4525675e-03   4.9908046e-02   9.4263939e-01
   5.5736093e-01   7.6067322e-03   5.0251136e-02   9.4214213e-01
   5.5783358e-01   7.6306888e-03   5.0397800e-02   9.4197151e-01
   5.5531484e-01   7.5884572e-03   5.0406364e-02   9.4200518e-01
   5.4849392e-01   7.4023265e-03   4.9732511e-02   9.4286516e-01
   5.5125586e-01   7.4492381e-03   4.9876666e-02   9.4267410e-01
   5.5027344e-01   7.4166878e-03   4.9776845e-02   9.4280647e-01
   5.4936487e-01   7.4057325e-03   4.9777350e-02   9.4281692e-01
   5.5149728e-01   7.4786700e-03   4.9915612e-02   9.4260572e-01
   5.5497976e-01   7.5387647e-03   5.0260695e-02   9.4220054e-01
   5.4886618e-01   7.4021173e-03   4.9841683e-02   9.4275620e-01
   5.5256169e-01   7.4709864e-03   4.9809764e-02   9.4271925e-01
   5.5347317e-01   7.4943914e-03   4.9901762e-02   9.4260385e-01
   5.5143763e-01   7.5190377e-03   5.0329269e-02   9.4215169e-01
   5.5467549e-01   7.4119128e-03   4.9748896e-02   9.4283919e-01
   5.5181550e-01   7.4819734e-03   4.9882309e-02   9.4263572e-01
   5.5795651e-01   7.6883886e-03   5.0531423e-02   9.4178019e-01
   5.5109647e-01   7.4762834e-03   4.9730226e-02   9.4279349e-01
   5.5376968e-01   7.5193492e-03   4.9968789e-02   9.4251186e-01
   5.5322467e-01   7.4984583e-03   5.0009946e-02   9.4249160e-01
   5.5179789e-01   7.4800026e-03   4.9891231e-02   9.4262877e-01
   5.5035256e-01   7.4648382e-03   4.9774273e-02   9.4276089e-01
   5.5121286e-01   7.4603328e-03   4.9858933e-02   9.4268073e-01
   5.4895205e-01   7.3913037e-03   4.9777670e-02   9.4283103e-01
   5.5389611e-01   7.5421275e-03   4.9953839e-02   9.4250403e-01
   5.5241011e-01   7.4723261e-03   4.9883334e-02   9.4264434e-01
   5.5438295e-01   7.5421832e-03   5.0062094e-02   9.4239572e-01
   5.4818779e-01   7.3845970e-03   4.9617223e-02   9.4299818e-01
   5.5116755e-01   7.4634593e-03   4.9814837e-02   9.4272170e-01
   5.5233632e-01   7.4976349e-03   4.9940024e-02   9.4256234e-01
   5.5013310e-01   7.4486730e-03   4.9869766e-02   9.4268156e-01
   5.4855602e-01   7.4007889e-03   4.9734640e-02   9.4286457e-01
   5.5339450e-01   7.5253202e-03   5.0004572e-02   9.4247011e-01
   5.5354971e-01   7.4703465e-03   4.9780908e-02   9.4274875e-01
   5.4718548e-01   7.3525822e-03   4.9650122e-02   9.4299730e-01
   5.5326967e-01   7.4989923e-03   4.9906511e-02   9.4259450e-01
   5.5045778e-01   7.4399725e-03   4.9790886e-02   9.4276914e-01
   5.5296436e-01   7.5014399e-03   4.9928782e-02   9.4256978e-01
   5.5136297e-01   7.4609295e-03   4.9899625e-02   9.4263945e-01
   5.5562102e-01   7.5627559e-03   5.0247800e-02   9.4218944e-01
   5.5049377e-01   7.4510595e-03   4.9794809e-02   9.4275413e-01
   5.5217040e-01   7.4592595e-03   4.9819179e-02   9.4272156e-01
   5.5639763e-01   7.5490431e-03   5.0095519e-02   9.4235544e-01
   5.5514690e-01   7.5516905e-03   5.0050344e-02   9.4239797e-01
   5.5590189e-01   7.5600697e-03   4.9955685e-02   9.4248425e-01
   5.4974357e-01   7.4552831e-03   4.9768180e-02   9.4277654e-01
   5.5540879e-01   7.5196169e-03   4.9781405e-02   9.4269898e-01
   5.5401174e-01   7.5156111e-03   5.0036285e-02   9.4244810e-01
   5.5559508e-01   7.5487121e-03   4.9846388e-02   9.4260490e-01
   5.5616766e-01   7.5492870e-03   5.0159575e-02   9.4229114e-01
   5.5759412e-01   7.6073302e-03   5.0242709e-02   9.4214996e-01
   5.5046173e-01   7.4651959e-03   4.9845923e-02   9.4268888e-01
   5.5327910e-01   7.5090276e-03   4.9980312e-02   9.4251066e-01
   5.5335944e-01   7.5397023e-03   5.0010612e-02   9.4244969e-01
   5.5689120e-01   7.6033968e-03   5.0292836e-02   9.4210377e-01
   5.5701017e-01   7.6123674e-03   5.0231267e-02   9.4215637e-01
   5.5444883e-01   7.5624528e-03   5.0184376e-02   9.4225317e-01
   5.4706740e-01   7.3941202e-03   4.9783554e-02   9.4282233e-01
   5.5278608e-01   7.4838137e-03   4.9962609e-02   9.4255358e-01
   5.5032799e-01   7.3923064e-03   4.9467080e-02   9.4314061e-01
   5.5512040e-01   7.5914752e-03   4.9925870e-02   9.4248265e-01
   5.5499238e-01   7.5292472e-03   5.0001846e-02   9.4246891e-01
   5.5460838e-01   7.5259347e-03   5.0083018e-02   9.4239105e-01
   5.5532237e-01   7.5529373e-03   5.0002523e-02   9.4244454e-01
   5.5579980e-01   7.5619408e-03   5.0157431e-02   9.4228063e-01
   5.5477728e-01   7.5337131e-03   5.0053302e-02   9.4241298e-01
   5.5296027e-01   7.4028171e-03   4.9535651e-02   9.4306153e-01
   5.5278400e-01   7.5437403e-03   5.0252090e-02   9.4220417e-01
   5.5889561e-01   7.6094651e-03   5.0289721e-02   9.4210081e-01
   5.5969789e-01   7.6429797e-03   5.0275166e-02   9.4208185e-01
   5.4725495e-01   7.3815016e-03   4.9648656e-02   9.4296984e-01
   5.5176787e-01   7.4195866e-03   4.9559191e-02   9.4302122e-01
   5.5468963e-01   7.5235153e-03   5.0154040e-02   9.4232244e-01
   5.5494717e-01   7.5404185e-03   5.0055768e-02   9.4240381e-01
   5.5542749e-01   7.5428282e-03   5.0102453e-02   9.4235472e-01
   5.4964790e-01   7.5054705e-03   5.0124522e-02   9.4237001e-01
   5.5366191e-01   7.5261892e-03   5.0288568e-02   9.4218524e-01
   5.5536184e-01   7.5308270e-03   4.9984957e-02   9.4248422e-01
   5.4951720e-01   7.4326650e-03   4.9641431e-02   9.4292590e-01
   5.5454512e-01   7.5276305e-03   5.0050852e-02   9.4242152e-01
   5.5070636e-01   7.5381492e-03   5.0740162e-02   9.4172169e-01
   5.5365894e-01   7.5207902e-03   5.0095380e-02   9.4238383e-01
   5.5165939e-01   7.4249639e-03   4.9666550e-02   9.4290849e-01
   5.5993909e-01   7.6400213e-03   5.0123117e-02   9.4223686e-01
   5.5842276e-01   7.6152066e-03   5.0228536e-02   9.4215626e-01
   5.5691969e-01   7.5904150e-03   5.0237882e-02   9.4217170e-01
   5.5557361e-01   7.4596003e-03   4.9433543e-02   9.4310686e-01
   5.5081768e-01   7.4885294e-03   5.0023426e-02   9.4248804e-01
   5.5027594e-01   7.4381221e-03   4.9828863e-02   9.4273302e-01
   5.5513955e-01   7.5471315e-03   4.9915601e-02   9.4253727e-01
   5.5493862e-01   7.5596436e-03   5.0158558e-02   9.4228180e-01
   5.5489203e-01   7.5337474e-03   5.0077564e-02   9.4238869e-01
   5.5228821e-01   7.5778264e-03   4.9950659e-02   9.4247151e-01
   5.5594536e-01   7.5822714e-03   5.0292503e-02   9.4212523e-01
   5.5696606e-01   7.5704504e-03   5.0156349e-02   9.4227320e-01
   5.5750534e-01   7.4901004e-03   5.0000227e-02   9.4250967e-01
   5.5103715e-01   7.4640309e-03   5.0062482e-02   9.4247349e-01
   5.5719557e-01   7.5895260e-03   5.0142843e-02   9.4226763e-01
   5.5780026e-01   7.6229793e-03   5.0422973e-02   9.4195405e-01
   5.5235573e-01   7.5000050e-03   4.9917655e-02   9.4258234e-01
   5.5609301e-01   7.5500472e-03   5.0110990e-02   9.4233896e-01
   5.6045648e-01   7.7020204e-03   5.0381054e-02   9.4191693e-01
   5.5552594e-01   7.5525303e-03   5.0122010e-02   9.4232546e-01
   5.5491052e-01   7.5160636e-03   5.0266263e-02   9.4221767e-01
   5.5647847e-01   7.5791686e-03   5.0236186e-02   9.4218465e-01
   5.5763441e-01   7.6034906e-03   5.0278174e-02   9.4211834e-01
   5.5586206e-01   7.5503940e-03   5.0106268e-02   9.4234334e-01
   5.4717642e-01   7.3282298e-03   4.9372632e-02   9.4329914e-01
   5.5179616e-01   7.5815596e-03   5.0517746e-02   9.4190069e-01
   5.5442250e-01   7.5242585e-03   5.0074483e-02   9.4240126e-01
   5.5772794e-01   7.5859348e-03   5.0199151e-02   9.4221491e-01
   5.5767748e-01   7.5922546e-03   5.0228622e-02   9.4217912e-01
   5.5583190e-01   7.3919666e-03   4.9459586e-02   9.4314845e-01
   5.5733338e-01   7.5885624e-03   5.0088689e-02   9.4232275e-01
   5.5392126e-01   7.4535915e-03   4.9674139e-02   9.4287227e-01
   5.5082853e-01   7.3579237e-03   4.9169577e-02   9.4347250e-01
   5.4611228e-01   7.5189602e-03   5.0273401e-02   9.4220764e-01
   5.5546549e-01   7.5381953e-03   5.0114623e-02   9.4234718e-01
   5.5702752e-01   7.5587167e-03   5.0077016e-02   9.4236427e-01
   5.5480247e-01   7.5010075e-03   4.9951914e-02   9.4254708e-01
   5.5172017e-01   7.5009710e-03   5.0530170e-02   9.4196886e-01
   5.5766087e-01   7.5824474e-03   5.0190044e-02   9.4222751e-01
   5.5562959e-01   7.5658915e-03   5.0256009e-02   9.4217810e-01
   5.4486819e-01   7.3244042e-03   4.9472027e-02   9.4320357e-01
   5.5023985e-01   7.5894457e-03   5.0217532e-02   9.4219302e-01
   5.5463364e-01   7.4934877e-03   4.9527693e-02   9.4297882e-01
   5.5961271e-01   7.6713711e-03   5.0182987e-02   9.4214564e-01
   5.5840960e-01   7.5900105e-03   5.0151993e-02   9.4225800e-01
   5.5889182e-01   7.5883601e-03   4.9907192e-02   9.4250445e-01
   5.5550293e-01   7.5314343e-03   5.0044100e-02   9.4242447e-01
   5.5487390e-01   7.5965260e-03   5.0734759e-02   9.4166871e-01
   5.6095959e-01   7.4699720e-03   4.9680937e-02   9.4284909e-01
   5.5506447e-01   7.5455396e-03   5.0123752e-02   9.4233071e-01
   5.5945687e-01   7.4571114e-03   4.9626826e-02   9.4291606e-01
   5.5353214e-01   7.5412278e-03   4.9585447e-02   9.4287332e-01
   5.5005642e-01   7.3854919e-03   4.9432262e-02   9.4318225e-01
   5.5772259e-01   7.5879472e-03   5.0198379e-02   9.4221367e-01
   5.6592290e-01   7.7287740e-03   5.0723249e-02   9.4154798e-01
   5.5830597e-01   7.5785143e-03   5.0162659e-02   9.4225883e-01
   5.5505792e-01   7.5396893e-03   5.0686543e-02   9.4177377e-01
   5.5623160e-01   7.5738204e-03   5.0233890e-02   9.4219229e-01
   5.4757386e-01   7.4384493e-03   5.0204044e-02   9.4235751e-01
   5.5606090e-01   7.5635613e-03   5.0202299e-02   9.4223414e-01
   5.5961035e-01   7.6034438e-03   5.0220588e-02   9.4217597e-01
   5.5584433e-01   7.5145293e-03   5.0035095e-02   9.4245038e-01
   5.5384812e-01   7.5442277e-03   5.0284753e-02   9.4217102e-01
   5.5977531e-01   7.5878087e-03   4.9564825e-02   9.4284737e-01
   5.5552638e-01   7.6307364e-03   5.0520098e-02   9.4184917e-01
   5.5722362e-01   7.5803930e-03   4.9937520e-02   9.4248209e-01
   5.5419605e-01   7.4928045e-03   5.0044477e-02   9.4246272e-01
   5.5445655e-01   7.4573626e-03   4.9531055e-02   9.4301158e-01
   5.5909958e-01   7.6563287e-03   5.0192397e-02   9.4215127e-01
   5.4997457e-01   7.5987398e-03   5.0528913e-02   9.4187235e-01
   5.6205430e-01   7.5544470e-03   4.9800369e-02   9.4264518e-01
   5.6320126e-01   7.6340658e-03   4.9976000e-02   9.4238993e-01
   5.6186860e-01   7.7145058e-03   5.0285248e-02   9.4200025e-01
   5.5986701e-01   7.6008011e-03   5.0131364e-02   9.4226783e-01
   5.5092542e-01   7.4797284e-03   5.0426905e-02   9.4209337e-01
   5.6395321e-01   7.7220182e-03   5.0281883e-02   9.4199610e-01
   5.5795557e-01   7.5901019e-03   5.0197381e-02   9.4221252e-01
   5.5520899e-01   7.5532574e-03   5.0251833e-02   9.4219491e-01
   5.6107583e-01   7.6447671e-03   5.0359957e-02   9.4199528e-01
   5.5830797e-01   7.5997125e-03   5.0218987e-02   9.4218130e-01
   5.6093147e-01   7.5835497e-03   4.9842822e-02   9.4257363e-01
   5.5922955e-01   7.5497309e-03   4.9935744e-02   9.4251453e-01
   5.5771133e-01   7.6077715e-03   5.0320100e-02   9.4207213e-01
   5.6306605e-01   7.8062238e-03   5.0174619e-02   9.4201916e-01
   5.6061997e-01   7.6344026e-03   5.0903367e-02   9.4146223e-01
   5.5004935e-01   7.5057785e-03   5.0101255e-02   9.4239297e-01
   5.6296600e-01   7.6648756e-03   4.9800752e-02   9.4253437e-01
   5.6077917e-01   7.6216497e-03   4.9977184e-02   9.4240117e-01
   5.5615656e-01   7.6577364e-03   4.9968964e-02   9.4237330e-01
   5.5875349e-01   7.6866874e-03   5.0171014e-02   9.4214230e-01
   5.6315126e-01   7.6682518e-03   5.0529620e-02   9.4180213e-01
   5.6075888e-01   7.7249227e-03   5.0134396e-02   9.4214068e-01
   5.5520828e-01   7.5872952e-03   4.9761982e-02   9.4265072e-01
   5.6236670e-01   7.5869681e-03   4.9635302e-02   9.4277773e-01
   5.5158832e-01   7.5282089e-03   5.0486086e-02   9.4198571e-01
   5.5776499e-01   7.6735836e-03   5.0125736e-02   9.4220068e-01
   5.5586641e-01   7.4540349e-03   4.8958957e-02   9.4358701e-01
   5.5965693e-01   7.6189525e-03   5.0137138e-02   9.4224391e-01
   5.5143564e-01   7.3863901e-03   4.9276726e-02   9.4333688e-01
   5.6630343e-01   7.5971982e-03   4.9887899e-02   9.4251490e-01
   5.6136159e-01   7.7441429e-03   5.0226312e-02   9.4202955e-01
   5.5636719e-01   7.5641407e-03   5.0228270e-02   9.4220759e-01
   5.5721308e-01   7.5640438e-03   4.9990016e-02   9.4244594e-01
   5.3974929e-01   7.1889401e-03   4.8997034e-02   9.4381403e-01
   5.6487148e-01   7.8535729e-03   5.0282356e-02   9.4186407e-01
   5.6380361e-01   7.6875908e-03   5.0734826e-02   9.4157758e-01
   5.5121362e-01   7.6667718e-03   4.9504688e-02   9.4282854e-01
   5.6446080e-01   7.6594276e-03   5.0241606e-02   9.4209897e-01
   5.5833613e-01   7.6162855e-03   5.0413819e-02   9.4196990e-01
   5.5633951e-01   7.5710658e-03   5.0282409e-02   9.4214652e-01
   5.5574713e-01   7.5230158e-03   5.0098551e-02   9.4237843e-01
   5.6096469e-01   7.7578148e-03   5.0966533e-02   9.4127565e-01
   5.5957346e-01   7.5548294e-03   4.9968063e-02   9.4247711e-01
   5.5816322e-01   7.5198495e-03   4.9964879e-02   9.4251527e-01
   5.5134703e-01   7.5188535e-03   5.0119704e-02   9.4236144e-01
   5.6550186e-01   7.6859863e-03   5.0334702e-02   9.4197931e-01
   5.5602446e-01   7.5670029e-03   4.9780864e-02   9.4265213e-01
   5.5433834e-01   7.7312615e-03   4.9664676e-02   9.4260406e-01
   5.6617284e-01   7.8732742e-03   5.0740672e-02   9.4138605e-01
   5.7161907e-01   7.7755239e-03   5.0177389e-02   9.4204709e-01
   5.7017211e-01   7.8957082e-03   5.0833235e-02   9.4127106e-01
   5.5942150e-01   7.4990073e-03   5.0697403e-02   9.4180359e-01
   5.6257369e-01   7.6940478e-03   4.9980766e-02   9.4232519e-01
   5.6316815e-01   7.7962459e-03   4.9816403e-02   9.4238735e-01
   5.6594917e-01   7.7708189e-03   4.9550238e-02   9.4267894e-01
   5.6291197e-01   7.6157658e-03   4.9629166e-02   9.4275507e-01
   5.4556899e-01   7.3666317e-03   5.0530533e-02   9.4210284e-01
   5.5782821e-01   7.6043257e-03   5.0054538e-02   9.4234114e-01
   5.5593595e-01   7.5905592e-03   5.0474035e-02   9.4193541e-01
   5.5121154e-01   7.4959427e-03   5.1239601e-02   9.4126446e-01
   5.6809434e-01   7.7385885e-03   5.0565181e-02   9.4169623e-01
   5.5508500e-01   7.4821302e-03   5.0523461e-02   9.4199441e-01
   5.5080869e-01   7.4322964e-03   5.0185799e-02   9.4238190e-01
   5.5776178e-01   7.4780310e-03   4.9518205e-02   9.4300376e-01
   5.5362430e-01   7.5230223e-03   5.0142088e-02   9.4233489e-01
   5.5887008e-01   7.6232810e-03   5.0142706e-02   9.4223401e-01
   5.5609896e-01   7.5795552e-03   5.0142880e-02   9.4227756e-01
   5.6006752e-01   7.5697190e-03   5.0193086e-02   9.4223720e-01
   5.6279019e-01   7.5649576e-03   5.0869224e-02   9.4156582e-01
   5.5446117e-01   7.5825702e-03   5.0188401e-02   9.4222903e-01
   5.6975303e-01   7.6642216e-03   4.9534260e-02   9.4280152e-01
   5.6416024e-01   7.6654650e-03   5.0964707e-02   9.4136983e-01
   5.5297926e-01   7.5932278e-03   5.0840288e-02   9.4156648e-01
   5.4630271e-01   7.5184677e-03   5.0711446e-02   9.4177009e-01
   5.5569831e-01   7.5829272e-03   5.0028838e-02   9.4238823e-01
   5.5748923e-01   7.6287310e-03   5.0539907e-02   9.4183136e-01
   5.6851665e-01   7.7998557e-03   5.0116885e-02   9.4208326e-01
   5.6859764e-01   7.9382199e-03   5.0868552e-02   9.4119323e-01
   5.6094069e-01   7.6320806e-03   4.9696308e-02   9.4267161e-01
   5.7296182e-01   7.7706293e-03   5.0072643e-02   9.4215673e-01
   5.6960249e-01   7.8186557e-03   5.0874336e-02   9.4130701e-01
   5.4907082e-01   7.4807378e-03   5.1056817e-02   9.4146244e-01
   5.7554046e-01   7.8617754e-03   5.0674432e-02   9.4146379e-01
   5.7022147e-01   7.7843044e-03   4.9788919e-02   9.4242678e-01
   5.5588717e-01   7.5743458e-03   5.0068837e-02   9.4235682e-01
   5.5855681e-01   7.6304364e-03   5.0145935e-02   9.4222363e-01
   5.5253908e-01   7.4602068e-03   5.0690463e-02   9.4184933e-01
   5.7202510e-01   7.8167503e-03   5.0920968e-02   9.4126228e-01
   5.5400020e-01   7.4817589e-03   4.9198550e-02   9.4331969e-01
   5.5096664e-01   7.4459878e-03   4.9984834e-02   9.4256918e-01
   5.5544384e-01   7.5885042e-03   5.0036738e-02   9.4237476e-01
   5.5278853e-01   7.5215346e-03   4.9984485e-02   9.4249398e-01
   5.6170853e-01   7.6812599e-03   5.0192053e-02   9.4212669e-01
   5.7771213e-01   7.8174620e-03   5.0035454e-02   9.4214708e-01
   5.5513674e-01   7.5854091e-03   4.9682481e-02   9.4273211e-01
   5.5550844e-01   7.6288917e-03   5.0601190e-02   9.4176992e-01
   5.5763425e-01   7.4862093e-03   5.0036297e-02   9.4247749e-01
   5.6297240e-01   7.4575659e-03   5.1145238e-02   9.4139720e-01
   5.4211482e-01   7.4435845e-03   5.0736931e-02   9.4181949e-01
   5.5639640e-01   7.6130328e-03   4.9895488e-02   9.4249148e-01
   5.5255967e-01   7.6181887e-03   4.9114490e-02   9.4326732e-01
   5.7148290e-01   7.8610455e-03   4.9822431e-02   9.4231652e-01
   5.5111047e-01   7.4797108e-03   4.9938974e-02   9.4258131e-01
   5.7163122e-01   7.9567692e-03   5.1215221e-02   9.4082801e-01
   5.7715863e-01   7.8996586e-03   5.1091547e-02   9.4100879e-01
   5.4542796e-01   7.4571178e-03   5.1303694e-02   9.4123919e-01
   5.6308712e-01   7.5051115e-03   4.8745756e-02   9.4374913e-01
   5.7417620e-01   7.7342726e-03   5.0180560e-02   9.4208517e-01
   5.5715506e-01   7.3235628e-03   4.9975489e-02   9.4270095e-01
   5.6346776e-01   7.7545602e-03   5.1540433e-02   9.4070501e-01
   5.6684120e-01   7.7403095e-03   5.0247834e-02   9.4201186e-01
   5.8164924e-01   7.9615121e-03   5.1454842e-02   9.4058365e-01
   5.6694300e-01   7.7497766e-03   5.1660107e-02   9.4059012e-01
   5.6007959e-01   7.6365705e-03   4.9948551e-02   9.4241488e-01
   5.4733399e-01   7.4156787e-03   4.9690951e-02   9.4289337e-01
   5.4880550e-01   7.6629317e-03   5.0913850e-02   9.4142322e-01
   5.5149404e-01   7.2630512e-03   4.9296442e-02   9.4344051e-01
   5.4995942e-01   7.4341960e-03   4.8929428e-02   9.4363638e-01
   5.8432795e-01   8.0806932e-03   5.0103945e-02   9.4181536e-01
   5.5279398e-01   7.4097969e-03   5.0263467e-02   9.4232674e-01
   5.9257703e-01   7.9863045e-03   4.9764656e-02   9.4224904e-01
   5.6630116e-01   7.5823805e-03   5.1704458e-02   9.4071316e-01
   5.5262284e-01   7.2260494e-03   4.8595374e-02   9.4417858e-01
   5.5433954e-01   7.4335075e-03   4.9689537e-02   9.4287696e-01
   5.5030505e-01   7.4224166e-03   4.9702923e-02   9.4287466e-01
   5.5604225e-01   7.3261438e-03   4.8871647e-02   9.4380221e-01
   5.6877467e-01   7.5556941e-03   5.1887569e-02   9.4055674e-01
   5.6167192e-01   7.6585674e-03   4.8442391e-02   9.4389904e-01
   5.4726411e-01   7.4515687e-03   4.9505281e-02   9.4304315e-01
   5.7004215e-01   7.7599490e-03   5.0299551e-02   9.4194050e-01
   5.6415047e-01   7.9986283e-03   5.2271012e-02   9.3973036e-01
   5.4578609e-01   7.3612449e-03   4.9796330e-02   9.4284242e-01
   5.5404796e-01   7.4930714e-03   4.9757785e-02   9.4274914e-01
   5.5777840e-01   7.6345229e-03   5.0073916e-02   9.4229156e-01
   5.4699507e-01   7.2478658e-03   4.9086707e-02   9.4366543e-01
   5.4242978e-01   7.1721278e-03   5.0561048e-02   9.4226682e-01
   5.4509706e-01   7.4246318e-03   4.9236687e-02   9.4333868e-01
   5.5330813e-01   7.4566348e-03   4.9800976e-02   9.4274239e-01
   5.4737583e-01   7.4956527e-03   4.9979652e-02   9.4252469e-01
   5.5138613e-01   7.4015266e-03   4.9730333e-02   9.4286814e-01
   5.5889509e-01   7.5964551e-03   4.9898726e-02   9.4250482e-01
   5.4677827e-01   7.2418591e-03   5.0088511e-02   9.4266963e-01
   5.9158374e-01   7.9123593e-03   5.0417547e-02   9.4167009e-01
   5.5380313e-01   7.4134512e-03   4.8900761e-02   9.4368579e-01
   5.3870763e-01   7.2421889e-03   4.9436954e-02   9.4332086e-01
   5.5470274e-01   7.6734322e-03   5.0238252e-02   9.4208832e-01
   5.5996056e-01   7.4792837e-03   5.1888865e-02   9.4063185e-01
   5.4408730e-01   7.1730712e-03   5.0388917e-02   9.4243801e-01
   5.5193610e-01   7.4348457e-03   4.9599035e-02   9.4296612e-01
   5.4486908e-01   7.2220475e-03   5.0399747e-02   9.4237821e-01
   5.5891785e-01   8.2534945e-03   4.9222468e-02   9.4252404e-01
   5.4610483e-01   7.2093446e-03   4.9430046e-02   9.4336061e-01
   5.4567664e-01   7.3875393e-03   4.9606774e-02   9.4300569e-01
   5.8426933e-01   8.1114207e-03   4.9413632e-02   9.4247495e-01
   5.4767451e-01   7.3013876e-03   4.9887751e-02   9.4281086e-01
   5.5990145e-01   8.1129817e-03   4.9060461e-02   9.4282656e-01
   5.4060232e-01   7.2688348e-03   4.9569023e-02   9.4316214e-01
   5.3747802e-01   7.1889812e-03   4.9633404e-02   9.4317761e-01
   5.4508966e-01   7.3134681e-03   4.9524144e-02   9.4316239e-01
   5.5662323e-01   7.5721215e-03   4.9084301e-02   9.4334358e-01
   5.4694217e-01   7.2967170e-03   4.9573500e-02   9.4312978e-01
