   1.8779377e-01   0.0000000e+00   9.3479551e-03   9.9065204e-01
   1.8780787e-01   0.0000000e+00   9.3368021e-03   9.9066320e-01
   1.8781212e-01   0.0000000e+00   9.3407106e-03   9.9065929e-01
   1.8781681e-01   0.0000000e+00   9.3363429e-03   9.9066366e-01
   1.8781697e-01   0.0000000e+00   9.3526478e-03   9.9064735e-01
   1.8781865e-01   0.0000000e+00   9.3361730e-03   9.9066383e-01
   1.8781989e-01   0.0000000e+00   9.3311582e-03   9.9066884e-01
   1.8782106e-01   0.0000000e+00   9.3426833e-03   9.9065732e-01
   1.8782151e-01   0.0000000e+00   9.3407614e-03   9.9065924e-01
   1.8782165e-01   0.0000000e+00   9.3383195e-03   9.9066168e-01
   1.8782591e-01   0.0000000e+00   9.3468479e-03   9.9065315e-01
   1.8782953e-01   0.0000000e+00   9.3338161e-03   9.9066618e-01
   1.8783359e-01   0.0000000e+00   9.3420188e-03   9.9065798e-01
   1.8783411e-01   0.0000000e+00   9.3289532e-03   9.9067105e-01
   1.8783415e-01   0.0000000e+00   9.3306691e-03   9.9066933e-01
   1.8783442e-01   0.0000000e+00   9.3295404e-03   9.9067046e-01
   1.8783541e-01   0.0000000e+00   9.3375200e-03   9.9066248e-01
   1.8783814e-01   0.0000000e+00   9.3394940e-03   9.9066051e-01
   1.8783965e-01   0.0000000e+00   9.3416728e-03   9.9065833e-01
   1.8784030e-01   0.0000000e+00   9.3299911e-03   9.9067001e-01
   1.8784045e-01   0.0000000e+00   9.3359780e-03   9.9066402e-01
   1.8784118e-01   0.0000000e+00   9.3576992e-03   9.9064230e-01
   1.8784215e-01   0.0000000e+00   9.3370902e-03   9.9066291e-01
   1.8784382e-01   0.0000000e+00   9.3385849e-03   9.9066142e-01
   1.8784505e-01   0.0000000e+00   9.3329776e-03   9.9066702e-01
   1.8784562e-01   0.0000000e+00   9.3383872e-03   9.9066161e-01
   1.8784739e-01   0.0000000e+00   9.3349696e-03   9.9066503e-01
   1.8784987e-01   0.0000000e+00   9.3314408e-03   9.9066856e-01
   1.8785161e-01   0.0000000e+00   9.3378233e-03   9.9066218e-01
   1.8785322e-01   0.0000000e+00   9.3394432e-03   9.9066056e-01
   1.8785343e-01   0.0000000e+00   9.3347434e-03   9.9066526e-01
   1.8785346e-01   0.0000000e+00   9.3270709e-03   9.9067293e-01
   1.8785404e-01   0.0000000e+00   9.3341965e-03   9.9066580e-01
   1.8785432e-01   0.0000000e+00   9.3357525e-03   9.9066425e-01
   1.8785483e-01   0.0000000e+00   9.3319003e-03   9.9066810e-01
   1.8785761e-01   0.0000000e+00   9.3316778e-03   9.9066832e-01
   1.8785917e-01   0.0000000e+00   9.3309183e-03   9.9066908e-01
   1.8786440e-01   0.0000000e+00   9.3292054e-03   9.9067079e-01
   1.8786484e-01   0.0000000e+00   9.3234455e-03   9.9067655e-01
   1.8786635e-01   0.0000000e+00   9.3275695e-03   9.9067243e-01
   1.8786812e-01   0.0000000e+00   9.3383962e-03   9.9066160e-01
   1.8786817e-01   0.0000000e+00   9.3317525e-03   9.9066825e-01
   1.8786932e-01   0.0000000e+00   9.3287331e-03   9.9067127e-01
   1.8787166e-01   0.0000000e+00   9.3302912e-03   9.9066971e-01
   1.8787245e-01   0.0000000e+00   9.3256852e-03   9.9067431e-01
   1.8787246e-01   0.0000000e+00   9.3312504e-03   9.9066875e-01
   1.8787335e-01   0.0000000e+00   9.3347113e-03   9.9066529e-01
   1.8787422e-01   0.0000000e+00   9.3284432e-03   9.9067156e-01
   1.8787447e-01   0.0000000e+00   9.3309375e-03   9.9066906e-01
   1.8787468e-01   0.0000000e+00   9.3315446e-03   9.9066846e-01
   1.8787481e-01   0.0000000e+00   9.3359259e-03   9.9066407e-01
   1.8787504e-01   0.0000000e+00   9.3255251e-03   9.9067447e-01
   1.8787771e-01   0.0000000e+00   9.3264763e-03   9.9067352e-01
   1.8787816e-01   0.0000000e+00   9.3328584e-03   9.9066714e-01
   1.8787972e-01   0.0000000e+00   9.3269538e-03   9.9067305e-01
   1.8788128e-01   0.0000000e+00   9.3325123e-03   9.9066749e-01
   1.8788131e-01   0.0000000e+00   9.3258319e-03   9.9067417e-01
   1.8788153e-01   0.0000000e+00   9.3419524e-03   9.9065805e-01
   1.8788210e-01   0.0000000e+00   9.3282077e-03   9.9067179e-01
   1.8788332e-01   0.0000000e+00   9.3384913e-03   9.9066151e-01
   1.8788405e-01   0.0000000e+00   9.3268375e-03   9.9067316e-01
   1.8788418e-01   0.0000000e+00   9.3358914e-03   9.9066411e-01
   1.8788452e-01   0.0000000e+00   9.3280968e-03   9.9067190e-01
   1.8788532e-01   0.0000000e+00   9.3254794e-03   9.9067452e-01
   1.8788560e-01   0.0000000e+00   9.3266052e-03   9.9067339e-01
   1.8788578e-01   0.0000000e+00   9.3345509e-03   9.9066545e-01
   1.8788637e-01   0.0000000e+00   9.3313825e-03   9.9066862e-01
   1.8788802e-01   0.0000000e+00   9.3322487e-03   9.9066775e-01
   1.8788915e-01   0.0000000e+00   9.3296402e-03   9.9067036e-01
   1.8788943e-01   0.0000000e+00   9.3299546e-03   9.9067005e-01
   1.8788960e-01   0.0000000e+00   9.3361127e-03   9.9066389e-01
   1.8788986e-01   0.0000000e+00   9.3259003e-03   9.9067410e-01
   1.8789008e-01   0.0000000e+00   9.3228681e-03   9.9067713e-01
   1.8789101e-01   0.0000000e+00   9.3271289e-03   9.9067287e-01
   1.8789115e-01   0.0000000e+00   9.3297424e-03   9.9067026e-01
   1.8789184e-01   0.0000000e+00   9.3296715e-03   9.9067033e-01
   1.8789375e-01   0.0000000e+00   9.3276974e-03   9.9067230e-01
   1.8789376e-01   0.0000000e+00   9.3296395e-03   9.9067036e-01
   1.8789459e-01   0.0000000e+00   9.3276454e-03   9.9067235e-01
   1.8789539e-01   0.0000000e+00   9.3309250e-03   9.9066907e-01
   1.8789549e-01   0.0000000e+00   9.3241625e-03   9.9067584e-01
   1.8789567e-01   0.0000000e+00   9.3284466e-03   9.9067155e-01
   1.8789580e-01   0.0000000e+00   9.3246576e-03   9.9067534e-01
   1.8789588e-01   0.0000000e+00   9.3313701e-03   9.9066863e-01
   1.8789628e-01   0.0000000e+00   9.3295092e-03   9.9067049e-01
   1.8789724e-01   0.0000000e+00   9.3290381e-03   9.9067096e-01
   1.8789763e-01   0.0000000e+00   9.3266851e-03   9.9067331e-01
   1.8789807e-01   0.0000000e+00   9.3273590e-03   9.9067264e-01
   1.8789814e-01   0.0000000e+00   9.3265013e-03   9.9067350e-01
   1.8789889e-01   0.0000000e+00   9.3192068e-03   9.9068079e-01
   1.8789897e-01   0.0000000e+00   9.3285575e-03   9.9067144e-01
   1.8789946e-01   0.0000000e+00   9.4369193e-03   9.9056308e-01
   1.8789952e-01   0.0000000e+00   9.3293363e-03   9.9067066e-01
   1.8790032e-01   0.0000000e+00   9.3781149e-03   9.9062189e-01
   1.8790057e-01   0.0000000e+00   9.3292944e-03   9.9067071e-01
   1.8790101e-01   0.0000000e+00   9.3275830e-03   9.9067242e-01
   1.8790146e-01   0.0000000e+00   9.3281118e-03   9.9067189e-01
   1.8790175e-01   0.0000000e+00   9.3253830e-03   9.9067462e-01
   1.8790232e-01   0.0000000e+00   9.3298485e-03   9.9067015e-01
   1.8790289e-01   0.0000000e+00   9.3274774e-03   9.9067252e-01
   1.8790321e-01   0.0000000e+00   9.3288150e-03   9.9067119e-01
   1.8790339e-01   0.0000000e+00   9.3311308e-03   9.9066887e-01
   1.8790344e-01   0.0000000e+00   9.3432414e-03   9.9065676e-01
   1.8790345e-01   0.0000000e+00   9.3272687e-03   9.9067273e-01
   1.8790373e-01   0.0000000e+00   9.3277431e-03   9.9067226e-01
   1.8790417e-01   0.0000000e+00   9.3287196e-03   9.9067128e-01
   1.8790443e-01   0.0000000e+00   9.3288792e-03   9.9067112e-01
   1.8790456e-01   0.0000000e+00   9.3312842e-03   9.9066872e-01
   1.8790536e-01   0.0000000e+00   9.3278594e-03   9.9067214e-01
   1.8790559e-01   0.0000000e+00   9.3264416e-03   9.9067356e-01
   1.8790567e-01   0.0000000e+00   9.3269891e-03   9.9067301e-01
   1.8790650e-01   0.0000000e+00   9.3299565e-03   9.9067004e-01
   1.8790657e-01   0.0000000e+00   9.3271040e-03   9.9067290e-01
   1.8790676e-01   0.0000000e+00   9.3284652e-03   9.9067153e-01
   1.8790704e-01   0.0000000e+00   9.3304315e-03   9.9066957e-01
   1.8790760e-01   0.0000000e+00   9.3285475e-03   9.9067145e-01
   1.8790810e-01   0.0000000e+00   9.3253704e-03   9.9067463e-01
   1.8790845e-01   0.0000000e+00   9.3308977e-03   9.9066910e-01
   1.8790926e-01   0.0000000e+00   9.3223396e-03   9.9067766e-01
   1.8790940e-01   0.0000000e+00   9.3276698e-03   9.9067233e-01
   1.8791033e-01   0.0000000e+00   9.3289224e-03   9.9067108e-01
   1.8791069e-01   0.0000000e+00   9.3295845e-03   9.9067042e-01
   1.8791140e-01   0.0000000e+00   9.3301079e-03   9.9066989e-01
   1.8791178e-01   0.0000000e+00   9.3280354e-03   9.9067196e-01
   1.8791216e-01   0.0000000e+00   9.3267371e-03   9.9067326e-01
   1.8791242e-01   0.0000000e+00   9.3265977e-03   9.9067340e-01
   1.8791391e-01   0.0000000e+00   9.3300711e-03   9.9066993e-01
   1.8791409e-01   0.0000000e+00   9.3262983e-03   9.9067370e-01
   1.8791419e-01   0.0000000e+00   9.3348826e-03   9.9066512e-01
   1.8791466e-01   0.0000000e+00   9.3293406e-03   9.9067066e-01
   1.8791497e-01   0.0000000e+00   9.3287300e-03   9.9067127e-01
   1.8791589e-01   0.0000000e+00   9.3299477e-03   9.9067005e-01
   1.8791697e-01   0.0000000e+00   9.3295502e-03   9.9067045e-01
   1.8791705e-01   0.0000000e+00   9.3278841e-03   9.9067212e-01
   1.8791734e-01   0.0000000e+00   9.3319661e-03   9.9066803e-01
   1.8791805e-01   0.0000000e+00   9.3226673e-03   9.9067733e-01
   1.8791873e-01   0.0000000e+00   9.3310125e-03   9.9066899e-01
   1.8792063e-01   0.0000000e+00   9.3314988e-03   9.9066850e-01
   1.8792124e-01   0.0000000e+00   9.3289750e-03   9.9067102e-01
   1.8792136e-01   0.0000000e+00   9.3278603e-03   9.9067214e-01
   1.8792209e-01   0.0000000e+00   9.3231617e-03   9.9067684e-01
   1.8792345e-01   0.0000000e+00   9.3330516e-03   9.9066695e-01
   1.8792430e-01   0.0000000e+00   9.3324036e-03   9.9066760e-01
   1.8792490e-01   0.0000000e+00   9.3263291e-03   9.9067367e-01
   1.8792494e-01   0.0000000e+00   9.3285195e-03   9.9067148e-01
   1.8792563e-01   0.0000000e+00   9.3319608e-03   9.9066804e-01
   1.8792678e-01   0.0000000e+00   9.3250892e-03   9.9067491e-01
   1.8792703e-01   0.0000000e+00   9.3292916e-03   9.9067071e-01
   1.8792709e-01   0.0000000e+00   9.3324650e-03   9.9066753e-01
   1.8792730e-01   0.0000000e+00   9.3337875e-03   9.9066621e-01
   1.8792753e-01   0.0000000e+00   9.3316281e-03   9.9066837e-01
   1.8792808e-01   0.0000000e+00   9.3258727e-03   9.9067413e-01
   1.8792875e-01   0.0000000e+00   9.3321102e-03   9.9066789e-01
   1.8793030e-01   0.0000000e+00   9.3278890e-03   9.9067211e-01
   1.8793115e-01   0.0000000e+00   9.3322593e-03   9.9066774e-01
   1.8793155e-01   0.0000000e+00   9.3318568e-03   9.9066814e-01
   1.8793168e-01   0.0000000e+00   9.3287148e-03   9.9067129e-01
   1.8793261e-01   0.0000000e+00   9.3333947e-03   9.9066661e-01
   1.8793342e-01   0.0000000e+00   9.3308922e-03   9.9066911e-01
   1.8793399e-01   0.0000000e+00   9.3291182e-03   9.9067088e-01
   1.8793485e-01   0.0000000e+00   9.3306459e-03   9.9066935e-01
   1.8793501e-01   0.0000000e+00   9.3393646e-03   9.9066064e-01
   1.8793858e-01   0.0000000e+00   9.3290566e-03   9.9067094e-01
   1.8794139e-01   0.0000000e+00   9.3373294e-03   9.9066267e-01
   1.8794144e-01   0.0000000e+00   9.3354178e-03   9.9066458e-01
   1.8794295e-01   0.0000000e+00   9.3288799e-03   9.9067112e-01
   1.8794387e-01   0.0000000e+00   9.3276091e-03   9.9067239e-01
   1.8794456e-01   0.0000000e+00   9.3281715e-03   9.9067183e-01
   1.8794560e-01   0.0000000e+00   9.3346711e-03   9.9066533e-01
   1.8794637e-01   0.0000000e+00   9.3271053e-03   9.9067289e-01
   1.8794733e-01   0.0000000e+00   9.3336898e-03   9.9066631e-01
   1.8794740e-01   0.0000000e+00   9.3330479e-03   9.9066695e-01
   1.8794756e-01   0.0000000e+00   9.3254259e-03   9.9067457e-01
   1.8794863e-01   0.0000000e+00   9.3259758e-03   9.9067402e-01
   1.8795062e-01   0.0000000e+00   9.3337913e-03   9.9066621e-01
   1.8795334e-01   0.0000000e+00   9.3355906e-03   9.9066441e-01
   1.8795342e-01   0.0000000e+00   9.3339692e-03   9.9066603e-01
   1.8795401e-01   0.0000000e+00   9.3327410e-03   9.9066726e-01
   1.8795411e-01   0.0000000e+00   9.3342164e-03   9.9066578e-01
   1.8795570e-01   0.0000000e+00   9.3463219e-03   9.9065368e-01
   1.8795816e-01   0.0000000e+00   9.3336961e-03   9.9066630e-01
   1.8795904e-01   0.0000000e+00   9.3293621e-03   9.9067064e-01
   1.8796377e-01   0.0000000e+00   9.3360355e-03   9.9066396e-01
   1.8796401e-01   0.0000000e+00   9.3290052e-03   9.9067099e-01
   1.8796630e-01   0.0000000e+00   9.3378823e-03   9.9066212e-01
   1.8796643e-01   0.0000000e+00   9.3343049e-03   9.9066570e-01
   1.8796663e-01   0.0000000e+00   9.3250136e-03   9.9067499e-01
   1.8796669e-01   0.0000000e+00   9.3308364e-03   9.9066916e-01
   1.8796703e-01   0.0000000e+00   9.3262832e-03   9.9067372e-01
   1.8796716e-01   0.0000000e+00   9.3331416e-03   9.9066686e-01
   1.8797096e-01   0.0000000e+00   9.3329398e-03   9.9066706e-01
   1.8797272e-01   0.0000000e+00   9.3277919e-03   9.9067221e-01
   1.8797574e-01   0.0000000e+00   9.3376312e-03   9.9066237e-01
   1.8797904e-01   0.0000000e+00   9.3352567e-03   9.9066474e-01
   1.8797943e-01   0.0000000e+00   9.3360672e-03   9.9066393e-01
   1.8798005e-01   0.0000000e+00   9.3218143e-03   9.9067819e-01
   1.8798275e-01   0.0000000e+00   9.3187186e-03   9.9068128e-01
   1.8798480e-01   0.0000000e+00   9.3361518e-03   9.9066385e-01
   1.8798509e-01   0.0000000e+00   9.3297825e-03   9.9067022e-01
   1.8798741e-01   0.0000000e+00   9.5381528e-03   9.9046185e-01
   1.8799067e-01   0.0000000e+00   9.3287339e-03   9.9067127e-01
   1.8799350e-01   0.0000000e+00   9.3351623e-03   9.9066484e-01
   1.8799461e-01   0.0000000e+00   9.3354828e-03   9.9066452e-01
   1.8799513e-01   0.0000000e+00   9.3368303e-03   9.9066317e-01
   1.8799958e-01   0.0000000e+00   9.3274551e-03   9.9067254e-01
   1.8799974e-01   0.0000000e+00   9.3364129e-03   9.9066359e-01
   1.8800005e-01   0.0000000e+00   9.3325209e-03   9.9066748e-01
   1.8800025e-01   0.0000000e+00   9.3303838e-03   9.9066962e-01
   1.8800039e-01   0.0000000e+00   9.3333242e-03   9.9066668e-01
   1.8800065e-01   0.0000000e+00   9.3433789e-03   9.9065662e-01
   1.8800133e-01   0.0000000e+00   9.3246429e-03   9.9067536e-01
   1.8800182e-01   0.0000000e+00   9.3332976e-03   9.9066670e-01
   1.8800244e-01   0.0000000e+00   9.3183738e-03   9.9068163e-01
   1.8800406e-01   0.0000000e+00   9.3211352e-03   9.9067886e-01
   1.8800593e-01   0.0000000e+00   9.3419909e-03   9.9065801e-01
   1.8801094e-01   0.0000000e+00   9.3264491e-03   9.9067355e-01
   1.8801167e-01   0.0000000e+00   9.3372251e-03   9.9066277e-01
   1.8801280e-01   0.0000000e+00   9.3376322e-03   9.9066237e-01
   1.8801312e-01   0.0000000e+00   9.3235920e-03   9.9067641e-01
   1.8801434e-01   0.0000000e+00   9.3222875e-03   9.9067771e-01
   1.8801562e-01   0.0000000e+00   9.3362156e-03   9.9066378e-01
   1.8801597e-01   0.0000000e+00   9.3385796e-03   9.9066142e-01
   1.8801709e-01   0.0000000e+00   9.3389901e-03   9.9066101e-01
   1.8801781e-01   0.0000000e+00   9.3299666e-03   9.9067003e-01
   1.8802444e-01   0.0000000e+00   9.3427426e-03   9.9065726e-01
   1.8802551e-01   0.0000000e+00   9.3218515e-03   9.9067815e-01
   1.8802562e-01   0.0000000e+00   9.3300511e-03   9.9066995e-01
   1.8802741e-01   0.0000000e+00   9.3236250e-03   9.9067637e-01
   1.8802940e-01   0.0000000e+00   9.3319001e-03   9.9066810e-01
   1.8803091e-01   0.0000000e+00   9.3373194e-03   9.9066268e-01
   1.8803289e-01   0.0000000e+00   9.3460360e-03   9.9065396e-01
   1.8803461e-01   0.0000000e+00   9.3458531e-03   9.9065415e-01
   1.8803656e-01   0.0000000e+00   9.3457164e-03   9.9065428e-01
   1.8803785e-01   0.0000000e+00   9.3443589e-03   9.9065564e-01
   1.8803807e-01   0.0000000e+00   9.3292634e-03   9.9067074e-01
   1.8803836e-01   0.0000000e+00   9.3322104e-03   9.9066779e-01
   1.8803853e-01   0.0000000e+00   9.3349793e-03   9.9066502e-01
   1.8804023e-01   0.0000000e+00   9.3257153e-03   9.9067428e-01
   1.8804029e-01   0.0000000e+00   9.3529336e-03   9.9064707e-01
   1.8804061e-01   0.0000000e+00   9.3313733e-03   9.9066863e-01
   1.8804183e-01   0.0000000e+00   9.3349329e-03   9.9066507e-01
   1.8804231e-01   0.0000000e+00   9.3393869e-03   9.9066061e-01
   1.8804313e-01   0.0000000e+00   9.3238217e-03   9.9067618e-01
   1.8804459e-01   0.0000000e+00   9.3240243e-03   9.9067598e-01
   1.8804677e-01   0.0000000e+00   9.3231622e-03   9.9067684e-01
   1.8804699e-01   0.0000000e+00   9.3359753e-03   9.9066402e-01
   1.8804755e-01   0.0000000e+00   9.3239955e-03   9.9067600e-01
   1.8804963e-01   0.0000000e+00   9.3310582e-03   9.9066894e-01
   1.8805033e-01   0.0000000e+00   9.3337421e-03   9.9066626e-01
   1.8805048e-01   0.0000000e+00   9.3409871e-03   9.9065901e-01
   1.8805155e-01   0.0000000e+00   9.3331931e-03   9.9066681e-01
   1.8805156e-01   0.0000000e+00   9.3428016e-03   9.9065720e-01
   1.8805231e-01   0.0000000e+00   9.3376523e-03   9.9066235e-01
   1.8805268e-01   0.0000000e+00   9.3631255e-03   9.9063687e-01
   1.8805496e-01   0.0000000e+00   9.3229105e-03   9.9067709e-01
   1.8805578e-01   0.0000000e+00   9.3584803e-03   9.9064152e-01
   1.8805621e-01   0.0000000e+00   9.3420731e-03   9.9065793e-01
   1.8805623e-01   0.0000000e+00   9.3315043e-03   9.9066850e-01
   1.8805709e-01   0.0000000e+00   9.3269881e-03   9.9067301e-01
   1.8805850e-01   0.0000000e+00   9.3758468e-03   9.9062415e-01
   1.8805888e-01   0.0000000e+00   9.3478946e-03   9.9065211e-01
   1.8805912e-01   0.0000000e+00   9.3483913e-03   9.9065161e-01
   1.8805936e-01   0.0000000e+00   9.3226729e-03   9.9067733e-01
   1.8806084e-01   0.0000000e+00   9.3534157e-03   9.9064658e-01
   1.8806177e-01   0.0000000e+00   9.3589682e-03   9.9064103e-01
   1.8806194e-01   0.0000000e+00   9.3271459e-03   9.9067285e-01
   1.8806466e-01   0.0000000e+00   9.3528688e-03   9.9064713e-01
   1.8806477e-01   0.0000000e+00   9.3530022e-03   9.9064700e-01
   1.8806494e-01   0.0000000e+00   9.3331151e-03   9.9066688e-01
   1.8806511e-01   0.0000000e+00   9.3559039e-03   9.9064410e-01
   1.8806547e-01   0.0000000e+00   9.3584989e-03   9.9064150e-01
   1.8806626e-01   0.0000000e+00   9.3235161e-03   9.9067648e-01
   1.8806781e-01   0.0000000e+00   9.3487859e-03   9.9065121e-01
   1.8806844e-01   0.0000000e+00   9.3612201e-03   9.9063878e-01
   1.8806951e-01   0.0000000e+00   9.3329303e-03   9.9066707e-01
   1.8807101e-01   0.0000000e+00   9.3500896e-03   9.9064991e-01
   1.8807235e-01   0.0000000e+00   9.3363887e-03   9.9066361e-01
   1.8807276e-01   0.0000000e+00   9.3413069e-03   9.9065869e-01
   1.8807308e-01   0.0000000e+00   9.3532030e-03   9.9064680e-01
   1.8807529e-01   0.0000000e+00   9.3546408e-03   9.9064536e-01
   1.8807554e-01   0.0000000e+00   9.3510015e-03   9.9064900e-01
   1.8807652e-01   0.0000000e+00   9.3651879e-03   9.9063481e-01
   1.8807743e-01   0.0000000e+00   9.3194263e-03   9.9068057e-01
   1.8808024e-01   0.0000000e+00   9.3703878e-03   9.9062961e-01
   1.8808033e-01   0.0000000e+00   9.3605423e-03   9.9063946e-01
   1.8808035e-01   0.0000000e+00   9.3605658e-03   9.9063943e-01
   1.8808047e-01   0.0000000e+00   9.3603070e-03   9.9063969e-01
   1.8808078e-01   0.0000000e+00   9.3556519e-03   9.9064435e-01
   1.8808184e-01   0.0000000e+00   9.3315628e-03   9.9066844e-01
   1.8808336e-01   0.0000000e+00   9.3490072e-03   9.9065099e-01
   1.8808488e-01   0.0000000e+00   9.3727224e-03   9.9062728e-01
   1.8808856e-01   0.0000000e+00   9.3679487e-03   9.9063205e-01
   1.8808860e-01   0.0000000e+00   9.3537608e-03   9.9064624e-01
   1.8808881e-01   0.0000000e+00   9.3442524e-03   9.9065575e-01
   1.8808917e-01   0.0000000e+00   9.3830991e-03   9.9061690e-01
   1.8808999e-01   0.0000000e+00   9.3513556e-03   9.9064864e-01
   1.8809019e-01   0.0000000e+00   9.3447822e-03   9.9065522e-01
   1.8809179e-01   0.0000000e+00   9.3831242e-03   9.9061688e-01
   1.8809220e-01   0.0000000e+00   9.3579107e-03   9.9064209e-01
   1.8809249e-01   0.0000000e+00   9.3795762e-03   9.9062042e-01
   1.8809252e-01   0.0000000e+00   9.3597502e-03   9.9064025e-01
   1.8809271e-01   0.0000000e+00   9.3378922e-03   9.9066211e-01
   1.8809451e-01   0.0000000e+00   9.3716049e-03   9.9062840e-01
   1.8809532e-01   0.0000000e+00   9.3541280e-03   9.9064587e-01
   1.8809639e-01   0.0000000e+00   9.3773785e-03   9.9062262e-01
   1.8809655e-01   0.0000000e+00   9.3614365e-03   9.9063856e-01
   1.8809750e-01   0.0000000e+00   9.3222563e-03   9.9067774e-01
   1.8809865e-01   0.0000000e+00   9.3795256e-03   9.9062047e-01
   1.8810065e-01   0.0000000e+00   9.3671068e-03   9.9063289e-01
   1.8810101e-01   0.0000000e+00   9.3769610e-03   9.9062304e-01
   1.8810257e-01   0.0000000e+00   9.3864191e-03   9.9061358e-01
   1.8810520e-01   0.0000000e+00   9.3951246e-03   9.9060488e-01
   1.8810710e-01   0.0000000e+00   9.3352712e-03   9.9066473e-01
   1.8810732e-01   0.0000000e+00   9.3223965e-03   9.9067760e-01
   1.8810812e-01   0.0000000e+00   9.3270466e-03   9.9067295e-01
   1.8810882e-01   0.0000000e+00   9.3994539e-03   9.9060055e-01
   1.8810953e-01   0.0000000e+00   9.3748729e-03   9.9062513e-01
   1.8810963e-01   0.0000000e+00   9.3915416e-03   9.9060846e-01
   1.8811011e-01   0.0000000e+00   9.3491873e-03   9.9065081e-01
   1.8811069e-01   0.0000000e+00   9.3440251e-03   9.9065597e-01
   1.8811132e-01   0.0000000e+00   9.3408324e-03   9.9065917e-01
   1.8811330e-01   0.0000000e+00   9.3487518e-03   9.9065125e-01
   1.8811334e-01   0.0000000e+00   9.3472962e-03   9.9065270e-01
   1.8811368e-01   0.0000000e+00   9.3903684e-03   9.9060963e-01
   1.8811567e-01   0.0000000e+00   9.3624009e-03   9.9063760e-01
   1.8811684e-01   0.0000000e+00   9.3863318e-03   9.9061367e-01
   1.8811917e-01   0.0000000e+00   9.4097018e-03   9.9059030e-01
   1.8812188e-01   0.0000000e+00   9.3914720e-03   9.9060853e-01
   1.8812345e-01   0.0000000e+00   9.4020236e-03   9.9059798e-01
   1.8812362e-01   0.0000000e+00   9.3376299e-03   9.9066237e-01
   1.8812420e-01   0.0000000e+00   9.3419333e-03   9.9065807e-01
   1.8812492e-01   0.0000000e+00   9.4111468e-03   9.9058885e-01
   1.8812755e-01   0.0000000e+00   9.3717430e-03   9.9062826e-01
   1.8812774e-01   0.0000000e+00   9.4058397e-03   9.9059416e-01
   1.8812951e-01   0.0000000e+00   9.3576378e-03   9.9064236e-01
   1.8813252e-01   0.0000000e+00   9.3489857e-03   9.9065101e-01
   1.8813392e-01   0.0000000e+00   9.3790907e-03   9.9062091e-01
   1.8813602e-01   0.0000000e+00   9.4205132e-03   9.9057949e-01
   1.8813610e-01   0.0000000e+00   9.4177636e-03   9.9058224e-01
   1.8813686e-01   0.0000000e+00   9.3784190e-03   9.9062158e-01
   1.8813754e-01   0.0000000e+00   9.3796147e-03   9.9062039e-01
   1.8813863e-01   0.0000000e+00   9.3724513e-03   9.9062755e-01
   1.8814077e-01   0.0000000e+00   9.3922952e-03   9.9060770e-01
   1.8814407e-01   0.0000000e+00   9.3699233e-03   9.9063008e-01
   1.8814540e-01   0.0000000e+00   9.3612783e-03   9.9063872e-01
   1.8814938e-01   0.0000000e+00   9.3654348e-03   9.9063457e-01
   1.8814942e-01   0.0000000e+00   9.3858872e-03   9.9061411e-01
   1.8815025e-01   0.0000000e+00   9.3755911e-03   9.9062441e-01
   1.8815096e-01   0.0000000e+00   9.4390538e-03   9.9056095e-01
   1.8815272e-01   0.0000000e+00   9.3485115e-03   9.9065149e-01
   1.8815308e-01   0.0000000e+00   9.4354973e-03   9.9056450e-01
   1.8815394e-01   0.0000000e+00   9.3698143e-03   9.9063019e-01
   1.8815394e-01   0.0000000e+00   9.4181040e-03   9.9058190e-01
   1.8815557e-01   0.0000000e+00   9.3786744e-03   9.9062133e-01
   1.8815702e-01   0.0000000e+00   9.3871173e-03   9.9061288e-01
   1.8815914e-01   0.0000000e+00   9.4270086e-03   9.9057299e-01
   1.8816300e-01   0.0000000e+00   9.4483191e-03   9.9055168e-01
   1.8816474e-01   0.0000000e+00   9.4321535e-03   9.9056785e-01
   1.8816531e-01   0.0000000e+00   9.4468988e-03   9.9055310e-01
   1.8817420e-01   0.0000000e+00   9.3467260e-03   9.9065327e-01
   1.8817486e-01   0.0000000e+00   9.4361567e-03   9.9056384e-01
   1.8817554e-01   0.0000000e+00   9.4060611e-03   9.9059394e-01
   1.8817557e-01   0.0000000e+00   9.4405211e-03   9.9055948e-01
   1.8818065e-01   0.0000000e+00   9.4575253e-03   9.9054247e-01
   1.8818067e-01   0.0000000e+00   9.3836906e-03   9.9061631e-01
   1.8818180e-01   0.0000000e+00   9.4199880e-03   9.9058001e-01
   1.8818216e-01   0.0000000e+00   9.3733941e-03   9.9062661e-01
   1.8818289e-01   0.0000000e+00   9.3919031e-03   9.9060810e-01
   1.8818506e-01   0.0000000e+00   9.3551576e-03   9.9064484e-01
   1.8818589e-01   0.0000000e+00   9.4590131e-03   9.9054099e-01
   1.8818707e-01   0.0000000e+00   9.3319322e-03   9.9066807e-01
   1.8818927e-01   0.0000000e+00   9.4036122e-03   9.9059639e-01
   1.8818981e-01   0.0000000e+00   9.7432647e-03   9.9025674e-01
   1.8819041e-01   0.0000000e+00   9.4301812e-03   9.9056982e-01
   1.8819151e-01   0.0000000e+00   9.4639293e-03   9.9053607e-01
   1.8819166e-01   0.0000000e+00   9.4386090e-03   9.9056139e-01
   1.8819179e-01   0.0000000e+00   9.4061371e-03   9.9059386e-01
   1.8819274e-01   0.0000000e+00   9.3686907e-03   9.9063131e-01
   1.8819705e-01   0.0000000e+00   9.3567196e-03   9.9064328e-01
   1.8819844e-01   0.0000000e+00   9.4061320e-03   9.9059387e-01
   1.8820167e-01   0.0000000e+00   9.5098909e-03   9.9049011e-01
   1.8820708e-01   0.0000000e+00   9.4927808e-03   9.9050722e-01
   1.8821148e-01   0.0000000e+00   9.4085478e-03   9.9059145e-01
   1.8821370e-01   0.0000000e+00   9.3646730e-03   9.9063533e-01
   1.8822086e-01   0.0000000e+00   9.3759412e-03   9.9062406e-01
   1.8822694e-01   0.0000000e+00   9.5118522e-03   9.9048815e-01
   1.8823105e-01   0.0000000e+00   9.4350078e-03   9.9056499e-01
   1.8823379e-01   0.0000000e+00   9.4784838e-03   9.9052152e-01
   1.8823473e-01   0.0000000e+00   9.3935780e-03   9.9060642e-01
   1.8823609e-01   0.0000000e+00   9.3856087e-03   9.9061439e-01
   1.8824248e-01   0.0000000e+00   9.4794130e-03   9.9052059e-01
   1.8824646e-01   0.0000000e+00   9.5221125e-03   9.9047789e-01
   1.8825191e-01   0.0000000e+00   9.3823769e-03   9.9061762e-01
   1.8825383e-01   0.0000000e+00   9.5231683e-03   9.9047683e-01
   1.8825600e-01   0.0000000e+00   9.5153903e-03   9.9048461e-01
   1.8826436e-01   0.0000000e+00   9.5104614e-03   9.9048954e-01
   1.8826609e-01   0.0000000e+00   9.4995433e-03   9.9050046e-01
   1.8826712e-01   0.0000000e+00   9.3965056e-03   9.9060349e-01
   1.8826771e-01   0.0000000e+00   9.5700557e-03   9.9042994e-01
   1.8827065e-01   0.0000000e+00   9.5107315e-03   9.9048927e-01
   1.8827348e-01   0.0000000e+00   9.5013788e-03   9.9049862e-01
   1.8827748e-01   0.0000000e+00   9.6004016e-03   9.9039960e-01
   1.8828680e-01   0.0000000e+00   9.4928418e-03   9.9050716e-01
   1.8828777e-01   0.0000000e+00   9.3464703e-03   9.9065353e-01
   1.8829497e-01   0.0000000e+00   9.4791957e-03   9.9052080e-01
   1.8829670e-01   0.0000000e+00   9.5158232e-03   9.9048418e-01
   1.8830663e-01   0.0000000e+00   9.3598237e-03   9.9064018e-01
   1.8830998e-01   0.0000000e+00   9.4789664e-03   9.9052103e-01
   1.8831042e-01   0.0000000e+00   9.4968188e-03   9.9050318e-01
   1.8831554e-01   0.0000000e+00   9.4988955e-03   9.9050110e-01
   1.8831738e-01   0.0000000e+00   9.4943484e-03   9.9050565e-01
   1.8832168e-01   0.0000000e+00   9.4341361e-03   9.9056586e-01
   1.8832578e-01   0.0000000e+00   9.6096989e-03   9.9039030e-01
   1.8832756e-01   0.0000000e+00   9.5820104e-03   9.9041799e-01
   1.8832891e-01   0.0000000e+00   9.5609087e-03   9.9043909e-01
   1.8833320e-01   0.0000000e+00   9.4162654e-03   9.9058373e-01
   1.8833474e-01   0.0000000e+00   9.5886291e-03   9.9041137e-01
   1.8834663e-01   0.0000000e+00   9.5608151e-03   9.9043918e-01
   1.8836756e-01   0.0000000e+00   9.5934180e-03   9.9040658e-01
   1.8836790e-01   0.0000000e+00   9.6212085e-03   9.9037879e-01
   1.8837083e-01   0.0000000e+00   9.5848680e-03   9.9041513e-01
   1.8838180e-01   0.0000000e+00   9.5796097e-03   9.9042039e-01
   1.8839157e-01   0.0000000e+00   9.5171294e-03   9.9048287e-01
   1.8839283e-01   0.0000000e+00   9.6785096e-03   9.9032149e-01
   1.8840040e-01   0.0000000e+00   9.6058026e-03   9.9039420e-01
   1.8841006e-01   0.0000000e+00   9.5765850e-03   9.9042341e-01
   1.8841217e-01   0.0000000e+00   9.4606834e-03   9.9053932e-01
   1.8841472e-01   0.0000000e+00   9.5297828e-03   9.9047022e-01
   1.8842075e-01   0.0000000e+00   9.5093865e-03   9.9049061e-01
   1.8842139e-01   0.0000000e+00   9.6318075e-03   9.9036819e-01
   1.8842476e-01   0.0000000e+00   9.5721053e-03   9.9042789e-01
   1.8844404e-01   0.0000000e+00   9.5119000e-03   9.9048810e-01
   1.8844530e-01   0.0000000e+00   9.5250386e-03   9.9047496e-01
   1.8844686e-01   0.0000000e+00   9.4755386e-03   9.9052446e-01
   1.8845260e-01   0.0000000e+00   9.4358680e-03   9.9056413e-01
   1.8845562e-01   0.0000000e+00   9.4319392e-03   9.9056806e-01
   1.8846538e-01   0.0000000e+00   9.5758139e-03   9.9042419e-01
   1.8847621e-01   0.0000000e+00   9.7630766e-03   9.9023692e-01
   1.8847779e-01   0.0000000e+00   9.6878455e-03   9.9031215e-01
   1.8847954e-01   0.0000000e+00   9.7620660e-03   9.9023793e-01
   1.8848324e-01   0.0000000e+00   9.3241691e-03   9.9067583e-01
   1.8848990e-01   0.0000000e+00   9.6808901e-03   9.9031911e-01
   1.8849207e-01   0.0000000e+00   9.5961696e-03   9.9040383e-01
   1.8849543e-01   0.0000000e+00   9.5508388e-03   9.9044916e-01
   1.8849678e-01   0.0000000e+00   9.5260497e-03   9.9047395e-01
   1.8850259e-01   0.0000000e+00   9.4497409e-03   9.9055026e-01
   1.8850311e-01   0.0000000e+00   9.4555393e-03   9.9054446e-01
   1.8850622e-01   0.0000000e+00   9.6772434e-03   9.9032276e-01
   1.8851024e-01   0.0000000e+00   9.3190388e-03   9.9068096e-01
   1.8852065e-01   0.0000000e+00   9.3119387e-03   9.9068806e-01
   1.8852229e-01   0.0000000e+00   9.3270595e-03   9.9067294e-01
   1.8852574e-01   0.0000000e+00   9.8900372e-03   9.9010996e-01
   1.8853156e-01   0.0000000e+00   9.7117392e-03   9.9028826e-01
   1.8853198e-01   0.0000000e+00   9.6429432e-03   9.9035706e-01
   1.8853320e-01   0.0000000e+00   9.6612328e-03   9.9033877e-01
   1.8853321e-01   0.0000000e+00   9.3147119e-03   9.9068529e-01
   1.8853501e-01   0.0000000e+00   9.3206876e-03   9.9067931e-01
   1.8853662e-01   0.0000000e+00   9.3113361e-03   9.9068866e-01
   1.8853834e-01   0.0000000e+00   9.3156255e-03   9.9068437e-01
   1.8853945e-01   0.0000000e+00   9.3149371e-03   9.9068506e-01
   1.8854076e-01   0.0000000e+00   9.6750479e-03   9.9032495e-01
   1.8854084e-01   0.0000000e+00   9.3124772e-03   9.9068752e-01
   1.8854333e-01   0.0000000e+00   9.3178099e-03   9.9068219e-01
   1.8854443e-01   0.0000000e+00   9.3198763e-03   9.9068012e-01
   1.8854513e-01   0.0000000e+00   9.3150705e-03   9.9068493e-01
   1.8854517e-01   0.0000000e+00   9.3133169e-03   9.9068668e-01
   1.8854614e-01   0.0000000e+00   9.3177537e-03   9.9068225e-01
   1.8854689e-01   0.0000000e+00   9.3149430e-03   9.9068506e-01
   1.8854709e-01   0.0000000e+00   9.3147750e-03   9.9068523e-01
   1.8854726e-01   0.0000000e+00   9.3191741e-03   9.9068083e-01
   1.8854759e-01   0.0000000e+00   9.3188753e-03   9.9068112e-01
   1.8854764e-01   0.0000000e+00   9.3185800e-03   9.9068142e-01
   1.8854786e-01   0.0000000e+00   9.3162879e-03   9.9068371e-01
   1.8854789e-01   0.0000000e+00   9.3110419e-03   9.9068896e-01
   1.8854850e-01   0.0000000e+00   9.3118542e-03   9.9068815e-01
   1.8854877e-01   0.0000000e+00   9.3146268e-03   9.9068537e-01
   1.8854881e-01   0.0000000e+00   9.3173551e-03   9.9068264e-01
   1.8854886e-01   0.0000000e+00   9.3111678e-03   9.9068883e-01
   1.8854922e-01   0.0000000e+00   9.3194064e-03   9.9068059e-01
   1.8854965e-01   0.0000000e+00   9.3136289e-03   9.9068637e-01
   1.8855057e-01   0.0000000e+00   9.3151273e-03   9.9068487e-01
   1.8855059e-01   0.0000000e+00   9.3130171e-03   9.9068698e-01
   1.8855125e-01   0.0000000e+00   9.3092488e-03   9.9069075e-01
   1.8855253e-01   0.0000000e+00   9.3170950e-03   9.9068290e-01
   1.8855329e-01   0.0000000e+00   9.3151391e-03   9.9068486e-01
   1.8855396e-01   0.0000000e+00   9.3228892e-03   9.9067711e-01
   1.8855398e-01   0.0000000e+00   9.5027497e-03   9.9049725e-01
   1.8855427e-01   0.0000000e+00   9.3141436e-03   9.9068586e-01
   1.8855439e-01   0.0000000e+00   9.3141039e-03   9.9068590e-01
   1.8855566e-01   0.0000000e+00   9.3151205e-03   9.9068488e-01
   1.8855609e-01   0.0000000e+00   9.3128260e-03   9.9068717e-01
   1.8855666e-01   0.0000000e+00   9.3163760e-03   9.9068362e-01
   1.8855670e-01   0.0000000e+00   9.5291491e-03   9.9047085e-01
   1.8855749e-01   0.0000000e+00   9.3207293e-03   9.9067927e-01
   1.8855821e-01   0.0000000e+00   9.3209079e-03   9.9067909e-01
   1.8855905e-01   0.0000000e+00   9.3112717e-03   9.9068873e-01
   1.8855917e-01   0.0000000e+00   9.3195571e-03   9.9068044e-01
   1.8855952e-01   0.0000000e+00   9.3158074e-03   9.9068419e-01
   1.8856478e-01   0.0000000e+00   9.3199385e-03   9.9068006e-01
   1.8856570e-01   0.0000000e+00   9.6872817e-03   9.9031272e-01
   1.8856596e-01   0.0000000e+00   9.3165070e-03   9.9068349e-01
   1.8856661e-01   0.0000000e+00   9.3162378e-03   9.9068376e-01
   1.8856677e-01   0.0000000e+00   9.3148167e-03   9.9068518e-01
   1.8856688e-01   0.0000000e+00   9.3204278e-03   9.9067957e-01
   1.8856761e-01   0.0000000e+00   9.3158778e-03   9.9068412e-01
   1.8856812e-01   0.0000000e+00   9.3158767e-03   9.9068412e-01
   1.8856849e-01   0.0000000e+00   9.3266239e-03   9.9067338e-01
   1.8856988e-01   0.0000000e+00   9.3168364e-03   9.9068316e-01
   1.8857060e-01   0.0000000e+00   9.3092325e-03   9.9069077e-01
   1.8857069e-01   0.0000000e+00   9.5408548e-03   9.9045915e-01
   1.8857156e-01   0.0000000e+00   9.3177639e-03   9.9068224e-01
   1.8857163e-01   0.0000000e+00   9.3130229e-03   9.9068698e-01
   1.8857258e-01   0.0000000e+00   9.3221081e-03   9.9067789e-01
   1.8857347e-01   0.0000000e+00   9.3152056e-03   9.9068479e-01
   1.8857378e-01   0.0000000e+00   9.3141081e-03   9.9068589e-01
   1.8857394e-01   0.0000000e+00   9.3158893e-03   9.9068411e-01
   1.8857589e-01   0.0000000e+00   9.5030871e-03   9.9049691e-01
   1.8857885e-01   0.0000000e+00   9.4649678e-03   9.9053503e-01
   1.8858002e-01   0.0000000e+00   9.3158901e-03   9.9068411e-01
   1.8858286e-01   0.0000000e+00   9.3161232e-03   9.9068388e-01
   1.8858326e-01   0.0000000e+00   9.3215837e-03   9.9067842e-01
   1.8858376e-01   0.0000000e+00   9.3130958e-03   9.9068690e-01
   1.8858430e-01   0.0000000e+00   9.3171319e-03   9.9068287e-01
   1.8858518e-01   0.0000000e+00   9.3182295e-03   9.9068177e-01
   1.8858601e-01   0.0000000e+00   9.5913836e-03   9.9040862e-01
   1.8858630e-01   0.0000000e+00   9.5626519e-03   9.9043735e-01
   1.8858680e-01   0.0000000e+00   9.3169004e-03   9.9068310e-01
   1.8858836e-01   0.0000000e+00   9.3210836e-03   9.9067892e-01
   1.8859587e-01   0.0000000e+00   9.4321908e-03   9.9056781e-01
   1.8859724e-01   0.0000000e+00   9.3175730e-03   9.9068243e-01
   1.8859787e-01   0.0000000e+00   9.9492893e-03   9.9005071e-01
   1.8859788e-01   0.0000000e+00   9.3165536e-03   9.9068345e-01
   1.8860098e-01   0.0000000e+00   9.5064207e-03   9.9049358e-01
   1.8860245e-01   0.0000000e+00   9.3120436e-03   9.9068796e-01
   1.8860417e-01   0.0000000e+00   9.3177748e-03   9.9068223e-01
   1.8860768e-01   0.0000000e+00   9.3234582e-03   9.9067654e-01
   1.8860999e-01   0.0000000e+00   9.3155737e-03   9.9068443e-01
   1.8861068e-01   0.0000000e+00   9.6482611e-03   9.9035174e-01
   1.8861105e-01   0.0000000e+00   9.3210654e-03   9.9067893e-01
   1.8861208e-01   0.0000000e+00   9.3263598e-03   9.9067364e-01
   1.8861282e-01   0.0000000e+00   9.3162036e-03   9.9068380e-01
   1.8861478e-01   0.0000000e+00   9.7003812e-03   9.9029962e-01
   1.8861881e-01   0.0000000e+00   9.7585230e-03   9.9024148e-01
   1.8862000e-01   0.0000000e+00   1.0158154e-02   9.8984185e-01
   1.8862040e-01   0.0000000e+00   9.3171578e-03   9.9068284e-01
   1.8862078e-01   0.0000000e+00   9.3167604e-03   9.9068324e-01
   1.8862082e-01   0.0000000e+00   9.3262111e-03   9.9067379e-01
   1.8862482e-01   0.0000000e+00   9.6059012e-03   9.9039410e-01
   1.8863096e-01   0.0000000e+00   9.6794257e-03   9.9032057e-01
   1.8863364e-01   0.0000000e+00   9.4101310e-03   9.9058987e-01
   1.8863613e-01   0.0000000e+00   9.8328246e-03   9.9016718e-01
   1.8863751e-01   0.0000000e+00   9.5618217e-03   9.9043818e-01
   1.8863806e-01   0.0000000e+00   9.7793518e-03   9.9022065e-01
   1.8863808e-01   0.0000000e+00   9.3157614e-03   9.9068424e-01
   1.8863858e-01   0.0000000e+00   9.9127449e-03   9.9008726e-01
   1.8864580e-01   0.0000000e+00   9.7721106e-03   9.9022789e-01
   1.8865334e-01   0.0000000e+00   9.3149123e-03   9.9068509e-01
   1.8865384e-01   0.0000000e+00   9.6579573e-03   9.9034204e-01
   1.8865842e-01   0.0000000e+00   9.6054447e-03   9.9039456e-01
   1.8866136e-01   0.0000000e+00   9.8312528e-03   9.9016875e-01
   1.8866757e-01   0.0000000e+00   9.3156887e-03   9.9068431e-01
   1.8867009e-01   0.0000000e+00   9.3692173e-03   9.9063078e-01
   1.8868295e-01   0.0000000e+00   9.3224052e-03   9.9067759e-01
   1.8869316e-01   0.0000000e+00   9.3128618e-03   9.9068714e-01
   1.8869796e-01   0.0000000e+00   9.6735907e-03   9.9032641e-01
   1.8870212e-01   0.0000000e+00   9.5817777e-03   9.9041822e-01
   1.8870665e-01   0.0000000e+00   9.8292479e-03   9.9017075e-01
   1.8870688e-01   0.0000000e+00   9.6390284e-03   9.9036097e-01
   1.8870801e-01   0.0000000e+00   9.7284135e-03   9.9027159e-01
   1.8871520e-01   0.0000000e+00   1.0209161e-02   9.8979084e-01
   1.8871876e-01   0.0000000e+00   9.5032495e-03   9.9049675e-01
   1.8872459e-01   0.0000000e+00   9.5624052e-03   9.9043759e-01
   1.8872608e-01   0.0000000e+00   9.7073029e-03   9.9029270e-01
   1.8873950e-01   0.0000000e+00   9.3520329e-03   9.9064797e-01
   1.8875874e-01   0.0000000e+00   9.8885700e-03   9.9011143e-01
   1.8875889e-01   0.0000000e+00   9.5404472e-03   9.9045955e-01
   1.8877037e-01   0.0000000e+00   9.8381531e-03   9.9016185e-01
   1.8877743e-01   0.0000000e+00   9.8692183e-03   9.9013078e-01
   1.8879109e-01   0.0000000e+00   9.7182483e-03   9.9028175e-01
   1.8879174e-01   0.0000000e+00   9.6258754e-03   9.9037412e-01
   1.8881672e-01   0.0000000e+00   9.9598014e-03   9.9004020e-01
   1.8881977e-01   0.0000000e+00   9.9834937e-03   9.9001651e-01
   1.8882237e-01   0.0000000e+00   9.6159740e-03   9.9038403e-01
   1.8882294e-01   0.0000000e+00   9.7465226e-03   9.9025348e-01
   1.8885805e-01   0.0000000e+00   9.9138403e-03   9.9008616e-01
   1.8886682e-01   0.0000000e+00   9.7754789e-03   9.9022452e-01
   1.8886827e-01   0.0000000e+00   9.6511518e-03   9.9034885e-01
   1.8887091e-01   0.0000000e+00   9.7919668e-03   9.9020803e-01
   1.8888840e-01   0.0000000e+00   9.6890449e-03   9.9031096e-01
   1.8888897e-01   0.0000000e+00   9.7309254e-03   9.9026907e-01
   1.8888985e-01   0.0000000e+00   9.5988909e-03   9.9040111e-01
   1.8889743e-01   0.0000000e+00   9.5395379e-03   9.9046046e-01
   1.8890469e-01   0.0000000e+00   9.9377745e-03   9.9006223e-01
   1.8891443e-01   0.0000000e+00   9.7819419e-03   9.9021806e-01
   1.8891509e-01   0.0000000e+00   9.4384621e-03   9.9056154e-01
   1.8891587e-01   0.0000000e+00   9.9487303e-03   9.9005127e-01
   1.8894334e-01   0.0000000e+00   9.4965041e-03   9.9050350e-01
   1.8896011e-01   0.0000000e+00   9.9656518e-03   9.9003435e-01
   1.8897628e-01   0.0000000e+00   9.4073752e-03   9.9059262e-01
   1.8901395e-01   0.0000000e+00   9.6878697e-03   9.9031213e-01
   1.8903814e-01   0.0000000e+00   9.7160293e-03   9.9028397e-01
   1.8904061e-01   0.0000000e+00   9.7369648e-03   9.9026304e-01
   1.8906341e-01   0.0000000e+00   9.3185262e-03   9.9068147e-01
   1.8907214e-01   0.0000000e+00   9.8755017e-03   9.9012450e-01
   1.8908621e-01   0.0000000e+00   9.4846801e-03   9.9051532e-01
   1.8909548e-01   0.0000000e+00   9.4715757e-03   9.9052842e-01
   1.8909980e-01   0.0000000e+00   9.8648870e-03   9.9013511e-01
   1.8912894e-01   0.0000000e+00   9.7961879e-03   9.9020381e-01
   1.8913092e-01   0.0000000e+00   1.0006736e-02   9.8999326e-01
   1.8913116e-01   0.0000000e+00   9.5670005e-03   9.9043300e-01
   1.8913280e-01   0.0000000e+00   9.8182217e-03   9.9018178e-01
   1.8913569e-01   0.0000000e+00   9.6815992e-03   9.9031840e-01
   1.8913669e-01   0.0000000e+00   1.0045911e-02   9.8995409e-01
   1.8914444e-01   0.0000000e+00   9.4211627e-03   9.9057884e-01
   1.8914635e-01   0.0000000e+00   9.6269680e-03   9.9037303e-01
