   4.8022895e-01   0.0000000e+00   3.5545524e-02   9.6445448e-01
   4.8025501e-01   0.0000000e+00   3.4639046e-02   9.6536095e-01
   4.8025697e-01   0.0000000e+00   3.4511807e-02   9.6548819e-01
   4.8028254e-01   0.0000000e+00   3.4805046e-02   9.6519495e-01
   4.8029229e-01   0.0000000e+00   3.5077647e-02   9.6492235e-01
   4.8030889e-01   0.0000000e+00   3.5051054e-02   9.6494895e-01
   4.8032948e-01   0.0000000e+00   3.5457607e-02   9.6454239e-01
   4.8034418e-01   0.0000000e+00   3.4483909e-02   9.6551609e-01
   4.8035371e-01   0.0000000e+00   3.4948504e-02   9.6505150e-01
   4.8035878e-01   0.0000000e+00   3.4665134e-02   9.6533487e-01
   4.8036712e-01   0.0000000e+00   3.4848939e-02   9.6515106e-01
   4.8037739e-01   0.0000000e+00   3.3709309e-02   9.6629069e-01
   4.8037933e-01   0.0000000e+00   3.4802427e-02   9.6519757e-01
   4.8039215e-01   0.0000000e+00   3.5226339e-02   9.6477366e-01
   4.8039389e-01   0.0000000e+00   3.5722874e-02   9.6427713e-01
   4.8039779e-01   0.0000000e+00   3.4523976e-02   9.6547602e-01
   4.8039911e-01   0.0000000e+00   3.4683585e-02   9.6531642e-01
   4.8040213e-01   0.0000000e+00   3.3675402e-02   9.6632460e-01
   4.8040773e-01   0.0000000e+00   3.5338400e-02   9.6466160e-01
   4.8041466e-01   0.0000000e+00   3.3734256e-02   9.6626574e-01
   4.8042074e-01   0.0000000e+00   3.4334381e-02   9.6566562e-01
   4.8042304e-01   0.0000000e+00   3.3904993e-02   9.6609501e-01
   4.8042927e-01   0.0000000e+00   3.4819360e-02   9.6518064e-01
   4.8044202e-01   0.0000000e+00   3.5027851e-02   9.6497215e-01
   4.8044211e-01   0.0000000e+00   3.4807869e-02   9.6519213e-01
   4.8045091e-01   0.0000000e+00   3.5001388e-02   9.6499861e-01
   4.8045205e-01   0.0000000e+00   3.4735266e-02   9.6526473e-01
   4.8045293e-01   0.0000000e+00   3.4523098e-02   9.6547690e-01
   4.8045395e-01   0.0000000e+00   3.4445479e-02   9.6555452e-01
   4.8045397e-01   0.0000000e+00   3.4132790e-02   9.6586721e-01
   4.8045932e-01   0.0000000e+00   3.4970889e-02   9.6502911e-01
   4.8046264e-01   0.0000000e+00   3.4362377e-02   9.6563762e-01
   4.8047409e-01   0.0000000e+00   3.5698902e-02   9.6430110e-01
   4.8047444e-01   0.0000000e+00   3.4869776e-02   9.6513022e-01
   4.8047465e-01   0.0000000e+00   3.4453419e-02   9.6554658e-01
   4.8047718e-01   0.0000000e+00   3.4755297e-02   9.6524470e-01
   4.8047766e-01   0.0000000e+00   3.4612434e-02   9.6538757e-01
   4.8048066e-01   0.0000000e+00   3.4578225e-02   9.6542178e-01
   4.8048547e-01   0.0000000e+00   3.4756301e-02   9.6524370e-01
   4.8048563e-01   0.0000000e+00   3.3620774e-02   9.6637923e-01
   4.8048663e-01   0.0000000e+00   3.4945255e-02   9.6505474e-01
   4.8048824e-01   0.0000000e+00   3.4527865e-02   9.6547214e-01
   4.8048923e-01   0.0000000e+00   3.5297856e-02   9.6470214e-01
   4.8048983e-01   0.0000000e+00   3.5394228e-02   9.6460577e-01
   4.8049152e-01   0.0000000e+00   3.4724288e-02   9.6527571e-01
   4.8049338e-01   0.0000000e+00   3.5332061e-02   9.6466794e-01
   4.8049366e-01   0.0000000e+00   3.5464684e-02   9.6453532e-01
   4.8049677e-01   0.0000000e+00   3.3928516e-02   9.6607148e-01
   4.8050125e-01   0.0000000e+00   3.4873302e-02   9.6512670e-01
   4.8050573e-01   0.0000000e+00   3.4422102e-02   9.6557790e-01
   4.8051394e-01   0.0000000e+00   3.4519597e-02   9.6548040e-01
   4.8052994e-01   0.0000000e+00   3.3567147e-02   9.6643285e-01
   4.8053646e-01   0.0000000e+00   3.4569028e-02   9.6543097e-01
   4.8053751e-01   0.0000000e+00   3.4566216e-02   9.6543378e-01
   4.8054126e-01   0.0000000e+00   3.5037372e-02   9.6496263e-01
   4.8054507e-01   0.0000000e+00   3.4482237e-02   9.6551776e-01
   4.8055383e-01   0.0000000e+00   3.4829581e-02   9.6517042e-01
   4.8055498e-01   0.0000000e+00   3.5260944e-02   9.6473906e-01
   4.8056518e-01   0.0000000e+00   3.5041008e-02   9.6495899e-01
   4.8056938e-01   0.0000000e+00   3.4933246e-02   9.6506675e-01
   4.8057334e-01   0.0000000e+00   3.4645109e-02   9.6535489e-01
   4.8057968e-01   0.0000000e+00   3.6264373e-02   9.6373563e-01
   4.8058534e-01   0.0000000e+00   3.6250461e-02   9.6374954e-01
   4.8058891e-01   0.0000000e+00   3.4191095e-02   9.6580891e-01
   4.8059079e-01   0.0000000e+00   3.5078941e-02   9.6492106e-01
   4.8059436e-01   0.0000000e+00   3.4541452e-02   9.6545855e-01
   4.8059460e-01   0.0000000e+00   3.5650344e-02   9.6434966e-01
   4.8059513e-01   0.0000000e+00   3.4568932e-02   9.6543107e-01
   4.8059534e-01   0.0000000e+00   3.4593974e-02   9.6540603e-01
   4.8059918e-01   0.0000000e+00   3.5197744e-02   9.6480226e-01
   4.8059945e-01   0.0000000e+00   3.6737129e-02   9.6326287e-01
   4.8060047e-01   0.0000000e+00   3.5063466e-02   9.6493653e-01
   4.8061201e-01   0.0000000e+00   3.6071524e-02   9.6392848e-01
   4.8061263e-01   0.0000000e+00   3.4663319e-02   9.6533668e-01
   4.8061941e-01   0.0000000e+00   3.5972224e-02   9.6402778e-01
   4.8062884e-01   0.0000000e+00   3.5260760e-02   9.6473924e-01
   4.8063129e-01   0.0000000e+00   3.5330231e-02   9.6466977e-01
   4.8063273e-01   0.0000000e+00   3.5488081e-02   9.6451192e-01
   4.8063731e-01   0.0000000e+00   3.4502640e-02   9.6549736e-01
   4.8064178e-01   0.0000000e+00   3.4259750e-02   9.6574025e-01
   4.8065468e-01   0.0000000e+00   3.4335398e-02   9.6566460e-01
   4.8065723e-01   0.0000000e+00   3.4108281e-02   9.6589172e-01
   4.8066808e-01   0.0000000e+00   3.4421073e-02   9.6557893e-01
   4.8067329e-01   0.0000000e+00   3.5579817e-02   9.6442018e-01
   4.8067414e-01   0.0000000e+00   3.6021277e-02   9.6397872e-01
   4.8068009e-01   0.0000000e+00   3.4362363e-02   9.6563764e-01
   4.8068427e-01   0.0000000e+00   3.5510921e-02   9.6448908e-01
   4.8069190e-01   0.0000000e+00   3.4492748e-02   9.6550725e-01
   4.8069778e-01   0.0000000e+00   3.5272375e-02   9.6472762e-01
   4.8070094e-01   0.0000000e+00   3.6023656e-02   9.6397634e-01
   4.8070422e-01   0.0000000e+00   3.5264009e-02   9.6473599e-01
   4.8071235e-01   0.0000000e+00   3.4943244e-02   9.6505676e-01
   4.8071319e-01   0.0000000e+00   3.6693581e-02   9.6330642e-01
   4.8071541e-01   0.0000000e+00   3.6546806e-02   9.6345319e-01
   4.8072255e-01   0.0000000e+00   3.5614169e-02   9.6438583e-01
   4.8073200e-01   0.0000000e+00   3.4330010e-02   9.6566999e-01
   4.8073858e-01   0.0000000e+00   3.3287143e-02   9.6671286e-01
   4.8073914e-01   0.0000000e+00   3.5783211e-02   9.6421679e-01
   4.8074173e-01   0.0000000e+00   3.6000849e-02   9.6399915e-01
   4.8074403e-01   0.0000000e+00   3.4216948e-02   9.6578305e-01
   4.8075029e-01   0.0000000e+00   3.5168357e-02   9.6483164e-01
   4.8075253e-01   0.0000000e+00   3.2985225e-02   9.6701478e-01
   4.8076288e-01   0.0000000e+00   3.5679355e-02   9.6432064e-01
   4.8077662e-01   0.0000000e+00   3.5705462e-02   9.6429454e-01
   4.8077708e-01   0.0000000e+00   3.4115994e-02   9.6588401e-01
   4.8079350e-01   0.0000000e+00   3.7236599e-02   9.6276340e-01
   4.8079588e-01   0.0000000e+00   3.4682979e-02   9.6531702e-01
   4.8079695e-01   0.0000000e+00   3.5155067e-02   9.6484493e-01
   4.8080032e-01   0.0000000e+00   3.7747386e-02   9.6225261e-01
   4.8080143e-01   0.0000000e+00   3.6285216e-02   9.6371478e-01
   4.8081272e-01   0.0000000e+00   3.2917386e-02   9.6708261e-01
   4.8082015e-01   0.0000000e+00   3.5640582e-02   9.6435942e-01
   4.8083142e-01   0.0000000e+00   3.5737309e-02   9.6426269e-01
   4.8084608e-01   0.0000000e+00   3.5553832e-02   9.6444617e-01
   4.8085401e-01   0.0000000e+00   3.5647846e-02   9.6435215e-01
   4.8086405e-01   0.0000000e+00   3.7447589e-02   9.6255241e-01
   4.8086715e-01   0.0000000e+00   3.3241606e-02   9.6675839e-01
   4.8087050e-01   0.0000000e+00   3.3817173e-02   9.6618283e-01
   4.8087507e-01   0.0000000e+00   3.5579881e-02   9.6442012e-01
   4.8088391e-01   0.0000000e+00   3.5189457e-02   9.6481054e-01
   4.8088713e-01   0.0000000e+00   3.6209042e-02   9.6379096e-01
   4.8089162e-01   0.0000000e+00   3.3966673e-02   9.6603333e-01
   4.8090565e-01   0.0000000e+00   3.4732561e-02   9.6526744e-01
   4.8092060e-01   0.0000000e+00   3.4556342e-02   9.6544366e-01
   4.8092148e-01   0.0000000e+00   3.4363796e-02   9.6563620e-01
   4.8092731e-01   0.0000000e+00   3.7672548e-02   9.6232745e-01
   4.8092902e-01   0.0000000e+00   3.4577476e-02   9.6542252e-01
   4.8093422e-01   0.0000000e+00   3.5714529e-02   9.6428547e-01
   4.8093465e-01   0.0000000e+00   3.6099349e-02   9.6390065e-01
   4.8094336e-01   0.0000000e+00   3.7800578e-02   9.6219942e-01
   4.8094624e-01   0.0000000e+00   3.7958607e-02   9.6204139e-01
   4.8095056e-01   0.0000000e+00   3.7107581e-02   9.6289242e-01
   4.8095412e-01   0.0000000e+00   3.5095055e-02   9.6490494e-01
   4.8097246e-01   0.0000000e+00   3.5903196e-02   9.6409680e-01
   4.8097577e-01   0.0000000e+00   3.7250026e-02   9.6274997e-01
   4.8099150e-01   0.0000000e+00   3.2254568e-02   9.6774543e-01
   4.8099494e-01   0.0000000e+00   3.5286783e-02   9.6471322e-01
   4.8100637e-01   0.0000000e+00   3.6422635e-02   9.6357737e-01
   4.8101096e-01   0.0000000e+00   3.5749618e-02   9.6425038e-01
   4.8101130e-01   0.0000000e+00   3.4940670e-02   9.6505933e-01
   4.8101600e-01   0.0000000e+00   3.6031203e-02   9.6396880e-01
   4.8101667e-01   0.0000000e+00   3.6220732e-02   9.6377927e-01
   4.8102163e-01   0.0000000e+00   3.6394277e-02   9.6360572e-01
   4.8102273e-01   0.0000000e+00   3.5700775e-02   9.6429923e-01
   4.8102521e-01   0.0000000e+00   3.6460007e-02   9.6353999e-01
   4.8102591e-01   0.0000000e+00   3.5296001e-02   9.6470400e-01
   4.8103390e-01   0.0000000e+00   3.3307077e-02   9.6669292e-01
   4.8103507e-01   0.0000000e+00   3.2738967e-02   9.6726103e-01
   4.8105823e-01   0.0000000e+00   3.4603960e-02   9.6539604e-01
   4.8107369e-01   0.0000000e+00   3.3844420e-02   9.6615558e-01
   4.8109686e-01   0.0000000e+00   3.4706705e-02   9.6529330e-01
   4.8110168e-01   0.0000000e+00   3.6856106e-02   9.6314389e-01
   4.8111059e-01   0.0000000e+00   3.3029003e-02   9.6697100e-01
   4.8111182e-01   0.0000000e+00   3.6115555e-02   9.6388444e-01
   4.8111306e-01   0.0000000e+00   3.3615216e-02   9.6638478e-01
   4.8111397e-01   0.0000000e+00   3.8131605e-02   9.6186840e-01
   4.8112825e-01   0.0000000e+00   3.4014129e-02   9.6598587e-01
   4.8113217e-01   0.0000000e+00   3.6524624e-02   9.6347538e-01
   4.8113375e-01   0.0000000e+00   3.6276764e-02   9.6372324e-01
   4.8115663e-01   0.0000000e+00   3.9123690e-02   9.6087631e-01
   4.8117621e-01   0.0000000e+00   3.6800643e-02   9.6319936e-01
   4.8118788e-01   0.0000000e+00   3.6889962e-02   9.6311004e-01
   4.8118881e-01   0.0000000e+00   3.5884520e-02   9.6411548e-01
   4.8119200e-01   0.0000000e+00   3.8650785e-02   9.6134921e-01
   4.8119678e-01   0.0000000e+00   3.6462314e-02   9.6353769e-01
   4.8120193e-01   0.0000000e+00   3.4535465e-02   9.6546454e-01
   4.8120413e-01   0.0000000e+00   3.5882918e-02   9.6411708e-01
   4.8126245e-01   0.0000000e+00   3.6625811e-02   9.6337419e-01
   4.8126637e-01   0.0000000e+00   3.7191788e-02   9.6280821e-01
   4.8127902e-01   0.0000000e+00   3.7065166e-02   9.6293483e-01
   4.8131380e-01   0.0000000e+00   3.3403850e-02   9.6659615e-01
   4.8135530e-01   0.0000000e+00   3.6403432e-02   9.6359657e-01
   4.8136396e-01   0.0000000e+00   3.6484317e-02   9.6351568e-01
   4.8136846e-01   0.0000000e+00   3.7961200e-02   9.6203880e-01
   4.8136958e-01   0.0000000e+00   3.6388788e-02   9.6361121e-01
   4.8137181e-01   0.0000000e+00   3.6444676e-02   9.6355532e-01
   4.8138017e-01   0.0000000e+00   3.7262091e-02   9.6273791e-01
   4.8138499e-01   0.0000000e+00   3.2745603e-02   9.6725440e-01
   4.8139283e-01   0.0000000e+00   3.7589485e-02   9.6241051e-01
   4.8139611e-01   0.0000000e+00   3.6730093e-02   9.6326991e-01
   4.8139880e-01   0.0000000e+00   3.7694732e-02   9.6230527e-01
   4.8140585e-01   0.0000000e+00   3.7618818e-02   9.6238118e-01
   4.8142363e-01   0.0000000e+00   3.9768650e-02   9.6023135e-01
   4.8142451e-01   0.0000000e+00   3.3021005e-02   9.6697900e-01
   4.8142932e-01   0.0000000e+00   3.4726562e-02   9.6527344e-01
   4.8145245e-01   0.0000000e+00   3.6655821e-02   9.6334418e-01
   4.8145335e-01   0.0000000e+00   3.7071032e-02   9.6292897e-01
   4.8145589e-01   0.0000000e+00   3.7583014e-02   9.6241699e-01
   4.8146832e-01   0.0000000e+00   3.6987320e-02   9.6301268e-01
   4.8147664e-01   0.0000000e+00   3.6177241e-02   9.6382276e-01
   4.8149052e-01   0.0000000e+00   3.4119747e-02   9.6588025e-01
   4.8152648e-01   0.0000000e+00   3.0177403e-02   9.6982260e-01
   4.8154313e-01   0.0000000e+00   3.7883009e-02   9.6211699e-01
   4.8154862e-01   0.0000000e+00   3.7151906e-02   9.6284809e-01
   4.8156693e-01   0.0000000e+00   3.7979260e-02   9.6202074e-01
   4.8158874e-01   0.0000000e+00   3.7594148e-02   9.6240585e-01
   4.8167825e-01   0.0000000e+00   3.8957541e-02   9.6104246e-01
   4.8173469e-01   0.0000000e+00   3.7846306e-02   9.6215369e-01
   4.8173628e-01   0.0000000e+00   3.8742306e-02   9.6125769e-01
   4.8174584e-01   0.0000000e+00   4.0454747e-02   9.5954525e-01
   4.8175025e-01   0.0000000e+00   3.7590553e-02   9.6240945e-01
   4.8175301e-01   0.0000000e+00   3.9982368e-02   9.6001763e-01
   4.8180378e-01   0.0000000e+00   3.9664715e-02   9.6033529e-01
   4.8181319e-01   0.0000000e+00   3.6841945e-02   9.6315806e-01
   4.8182984e-01   0.0000000e+00   3.9478639e-02   9.6052136e-01
   4.8183520e-01   0.0000000e+00   3.3178567e-02   9.6682143e-01
   4.8186500e-01   0.0000000e+00   3.7980957e-02   9.6201904e-01
   4.8189483e-01   0.0000000e+00   3.9361060e-02   9.6063894e-01
   4.8190016e-01   0.0000000e+00   3.9267265e-02   9.6073273e-01
   4.8190558e-01   0.0000000e+00   3.4582994e-02   9.6541701e-01
   4.8191484e-01   0.0000000e+00   3.8128000e-02   9.6187200e-01
   4.8193013e-01   0.0000000e+00   3.3633772e-02   9.6636623e-01
   4.8193421e-01   0.0000000e+00   3.5622945e-02   9.6437706e-01
   4.8193862e-01   0.0000000e+00   3.8982100e-02   9.6101790e-01
   4.8194736e-01   0.0000000e+00   3.9024806e-02   9.6097519e-01
   4.8197804e-01   0.0000000e+00   3.9452358e-02   9.6054764e-01
   4.8198533e-01   0.0000000e+00   3.2798184e-02   9.6720182e-01
   4.8199221e-01   0.0000000e+00   3.8835060e-02   9.6116494e-01
   4.8200877e-01   0.0000000e+00   3.9031853e-02   9.6096815e-01
   4.8201423e-01   0.0000000e+00   4.1488413e-02   9.5851159e-01
   4.8202680e-01   0.0000000e+00   3.5188387e-02   9.6481161e-01
   4.8209223e-01   0.0000000e+00   3.6033404e-02   9.6396660e-01
   4.8211639e-01   0.0000000e+00   4.1891546e-02   9.5810845e-01
   4.8212684e-01   0.0000000e+00   3.9883421e-02   9.6011658e-01
   4.8216647e-01   0.0000000e+00   3.0868819e-02   9.6913118e-01
   4.8217944e-01   0.0000000e+00   3.9857670e-02   9.6014233e-01
   4.8219829e-01   0.0000000e+00   3.9615398e-02   9.6038460e-01
   4.8222187e-01   0.0000000e+00   3.3642274e-02   9.6635773e-01
   4.8227742e-01   0.0000000e+00   3.2025247e-02   9.6797475e-01
   4.8228134e-01   0.0000000e+00   3.9381179e-02   9.6061882e-01
   4.8228689e-01   0.0000000e+00   4.1285050e-02   9.5871495e-01
   4.8229227e-01   0.0000000e+00   3.5771027e-02   9.6422897e-01
   4.8233342e-01   0.0000000e+00   4.0117217e-02   9.5988278e-01
   4.8242414e-01   0.0000000e+00   4.1353306e-02   9.5864669e-01
   4.8245884e-01   0.0000000e+00   3.4929170e-02   9.6507083e-01
   4.8246101e-01   0.0000000e+00   4.2089507e-02   9.5791049e-01
   4.8247390e-01   0.0000000e+00   4.1203776e-02   9.5879622e-01
   4.8252580e-01   0.0000000e+00   3.7405638e-02   9.6259436e-01
   4.8252950e-01   0.0000000e+00   4.0881434e-02   9.5911857e-01
   4.8261964e-01   0.0000000e+00   4.1071266e-02   9.5892873e-01
   4.8263233e-01   0.0000000e+00   3.8591082e-02   9.6140892e-01
   4.8266192e-01   0.0000000e+00   4.1914182e-02   9.5808582e-01
   4.8271003e-01   0.0000000e+00   4.1226602e-02   9.5877340e-01
   4.8272750e-01   0.0000000e+00   4.0933517e-02   9.5906648e-01
   4.8277876e-01   0.0000000e+00   4.0999452e-02   9.5900055e-01
   4.8278008e-01   0.0000000e+00   3.0045517e-02   9.6995448e-01
   4.8279117e-01   0.0000000e+00   3.9449182e-02   9.6055082e-01
   4.8279149e-01   0.0000000e+00   3.9976561e-02   9.6002344e-01
   4.8280143e-01   0.0000000e+00   4.2115973e-02   9.5788403e-01
   4.8286038e-01   0.0000000e+00   4.1099360e-02   9.5890064e-01
   4.8290426e-01   0.0000000e+00   3.4451230e-02   9.6554877e-01
   4.8294267e-01   0.0000000e+00   4.0895347e-02   9.5910465e-01
   4.8297211e-01   0.0000000e+00   4.1452695e-02   9.5854730e-01
   4.8305952e-01   0.0000000e+00   4.0173647e-02   9.5982635e-01
   4.8309191e-01   0.0000000e+00   4.3662151e-02   9.5633785e-01
   4.8313976e-01   0.0000000e+00   4.1756223e-02   9.5824378e-01
   4.8318145e-01   0.0000000e+00   3.3265797e-02   9.6673420e-01
   4.8318804e-01   0.0000000e+00   4.2189671e-02   9.5781033e-01
   4.8320994e-01   0.0000000e+00   4.2594764e-02   9.5740524e-01
   4.8325702e-01   0.0000000e+00   4.3678070e-02   9.5632193e-01
   4.8338586e-01   0.0000000e+00   4.4079072e-02   9.5592093e-01
   4.8353041e-01   0.0000000e+00   3.6730238e-02   9.6326976e-01
   4.8364211e-01   0.0000000e+00   4.2605416e-02   9.5739458e-01
   4.8373922e-01   0.0000000e+00   4.3148214e-02   9.5685179e-01
   4.8378603e-01   0.0000000e+00   4.2740556e-02   9.5725944e-01
   4.8381539e-01   0.0000000e+00   4.1973720e-02   9.5802628e-01
   4.8387203e-01   0.0000000e+00   4.0995872e-02   9.5900413e-01
   4.8388039e-01   0.0000000e+00   4.0180192e-02   9.5981981e-01
   4.8395127e-01   0.0000000e+00   3.3331233e-02   9.6666877e-01
   4.8412331e-01   0.0000000e+00   4.4842934e-02   9.5515707e-01
   4.8415367e-01   0.0000000e+00   4.3867186e-02   9.5613281e-01
   4.8419928e-01   0.0000000e+00   4.3353988e-02   9.5664601e-01
   4.8421550e-01   0.0000000e+00   4.3376530e-02   9.5662347e-01
   4.8429534e-01   0.0000000e+00   4.4142751e-02   9.5585725e-01
   4.8430895e-01   0.0000000e+00   4.0297870e-02   9.5970213e-01
   4.8438666e-01   0.0000000e+00   4.0361672e-02   9.5963833e-01
   4.8439635e-01   0.0000000e+00   3.3670731e-02   9.6632927e-01
   4.8444289e-01   0.0000000e+00   4.4206268e-02   9.5579373e-01
   4.8457854e-01   0.0000000e+00   4.4407787e-02   9.5559221e-01
   4.8458899e-01   0.0000000e+00   3.5561852e-02   9.6443815e-01
   4.8474911e-01   0.0000000e+00   3.4090374e-02   9.6590963e-01
   4.8475064e-01   0.0000000e+00   3.7287124e-02   9.6271288e-01
   4.8476202e-01   0.0000000e+00   2.9945773e-02   9.7005423e-01
   4.8494892e-01   0.0000000e+00   4.1434793e-02   9.5856521e-01
   4.8498004e-01   0.0000000e+00   4.4247421e-02   9.5575258e-01
   4.8507422e-01   0.0000000e+00   4.4203043e-02   9.5579696e-01
   4.8509397e-01   0.0000000e+00   4.4235192e-02   9.5576481e-01
   4.8518185e-01   0.0000000e+00   3.0612890e-02   9.6938711e-01
   4.8533660e-01   0.0000000e+00   4.5664633e-02   9.5433537e-01
   4.8560444e-01   0.0000000e+00   4.4957463e-02   9.5504254e-01
   4.8573483e-01   0.0000000e+00   4.5897831e-02   9.5410217e-01
   4.8578241e-01   0.0000000e+00   4.4599625e-02   9.5540037e-01
   4.8583775e-01   0.0000000e+00   4.4928005e-02   9.5507199e-01
   4.8589679e-01   0.0000000e+00   4.6213246e-02   9.5378675e-01
   4.8596754e-01   0.0000000e+00   4.5075716e-02   9.5492428e-01
   4.8601495e-01   0.0000000e+00   4.7857826e-02   9.5214217e-01
   4.8607708e-01   0.0000000e+00   4.5432539e-02   9.5456746e-01
   4.8611185e-01   0.0000000e+00   4.4401834e-02   9.5559817e-01
   4.8614362e-01   0.0000000e+00   4.4590841e-02   9.5540916e-01
   4.8643614e-01   0.0000000e+00   4.6753280e-02   9.5324672e-01
   4.8644641e-01   0.0000000e+00   4.6845889e-02   9.5315411e-01
   4.8655533e-01   0.0000000e+00   4.5095128e-02   9.5490487e-01
   4.8660016e-01   0.0000000e+00   4.6127993e-02   9.5387201e-01
   4.8714477e-01   0.0000000e+00   4.6987626e-02   9.5301237e-01
   4.8716584e-01   0.0000000e+00   4.7017207e-02   9.5298279e-01
   4.8720410e-01   0.0000000e+00   4.6798548e-02   9.5320145e-01
   4.8723171e-01   0.0000000e+00   4.6189224e-02   9.5381078e-01
   4.8724264e-01   0.0000000e+00   4.6732999e-02   9.5326700e-01
   4.8727449e-01   0.0000000e+00   4.4663131e-02   9.5533687e-01
   4.8731524e-01   0.0000000e+00   4.7456905e-02   9.5254310e-01
   4.8746139e-01   0.0000000e+00   4.7878821e-02   9.5212118e-01
   4.8748395e-01   0.0000000e+00   4.5635302e-02   9.5436470e-01
   4.8756099e-01   0.0000000e+00   4.6649707e-02   9.5335029e-01
   4.8765866e-01   0.0000000e+00   4.9138586e-02   9.5086141e-01
   4.8788087e-01   0.0000000e+00   4.8307522e-02   9.5169248e-01
   4.8792231e-01   0.0000000e+00   4.7247555e-02   9.5275244e-01
   4.8800214e-01   0.0000000e+00   4.6883468e-02   9.5311653e-01
   4.8803913e-01   0.0000000e+00   4.7510826e-02   9.5248917e-01
   4.8809323e-01   0.0000000e+00   4.3406109e-02   9.5659389e-01
   4.8824360e-01   0.0000000e+00   4.8641403e-02   9.5135860e-01
   4.8834742e-01   0.0000000e+00   4.9047574e-02   9.5095243e-01
   4.8836765e-01   0.0000000e+00   4.7452577e-02   9.5254742e-01
   4.8842395e-01   0.0000000e+00   4.5864296e-02   9.5413570e-01
   4.8852967e-01   0.0000000e+00   4.8368444e-02   9.5163156e-01
   4.8853552e-01   0.0000000e+00   4.8899577e-02   9.5110042e-01
   4.8856058e-01   0.0000000e+00   5.1136488e-02   9.4886351e-01
   4.8859175e-01   0.0000000e+00   4.1825461e-02   9.5817454e-01
   4.8869951e-01   0.0000000e+00   4.5640343e-02   9.5435966e-01
   4.8875129e-01   0.0000000e+00   4.5627568e-02   9.5437243e-01
   4.8875741e-01   0.0000000e+00   4.3286911e-02   9.5671309e-01
   4.8881073e-01   0.0000000e+00   4.5582741e-02   9.5441726e-01
   4.8887715e-01   0.0000000e+00   4.8335989e-02   9.5166401e-01
   4.8898054e-01   0.0000000e+00   5.1479897e-02   9.4852010e-01
   4.8907772e-01   0.0000000e+00   4.8277698e-02   9.5172230e-01
   4.8911325e-01   0.0000000e+00   3.6695450e-02   9.6330455e-01
   4.8929368e-01   0.0000000e+00   4.9602911e-02   9.5039709e-01
   4.8935245e-01   0.0000000e+00   4.9559707e-02   9.5044029e-01
   4.8940501e-01   0.0000000e+00   4.8192290e-02   9.5180771e-01
   4.8964647e-01   0.0000000e+00   4.9191486e-02   9.5080851e-01
   4.8966509e-01   0.0000000e+00   4.9519093e-02   9.5048091e-01
   4.8968527e-01   0.0000000e+00   4.8722910e-02   9.5127709e-01
   4.8969865e-01   0.0000000e+00   5.0572286e-02   9.4942771e-01
   4.8982930e-01   0.0000000e+00   4.4434125e-02   9.5556587e-01
   4.8987739e-01   0.0000000e+00   4.8385378e-02   9.5161462e-01
   4.8988634e-01   0.0000000e+00   4.8470059e-02   9.5152994e-01
   4.9000999e-01   0.0000000e+00   4.5652963e-02   9.5434704e-01
   4.9001265e-01   0.0000000e+00   4.7290647e-02   9.5270935e-01
   4.9026775e-01   0.0000000e+00   4.3548808e-02   9.5645119e-01
   4.9037394e-01   0.0000000e+00   4.8462655e-02   9.5153735e-01
   4.9048042e-01   0.0000000e+00   4.7906295e-02   9.5209370e-01
   4.9051871e-01   0.0000000e+00   4.9095508e-02   9.5090449e-01
   4.9087730e-01   0.0000000e+00   5.3044324e-02   9.4695568e-01
   4.9096597e-01   0.0000000e+00   4.7868485e-02   9.5213151e-01
   4.9097127e-01   0.0000000e+00   4.9644462e-02   9.5035554e-01
   4.9099093e-01   0.0000000e+00   4.9899354e-02   9.5010065e-01
   4.9101753e-01   0.0000000e+00   5.1167794e-02   9.4883221e-01
   4.9108851e-01   0.0000000e+00   4.9608983e-02   9.5039102e-01
   4.9117275e-01   0.0000000e+00   4.8463999e-02   9.5153600e-01
   4.9136711e-01   0.0000000e+00   5.0403782e-02   9.4959622e-01
   4.9152814e-01   0.0000000e+00   4.7995238e-02   9.5200476e-01
   4.9153213e-01   0.0000000e+00   5.3811475e-02   9.4618853e-01
   4.9160230e-01   0.0000000e+00   5.1270380e-02   9.4872962e-01
   4.9185905e-01   0.0000000e+00   5.1292783e-02   9.4870722e-01
   4.9190426e-01   0.0000000e+00   5.0117343e-02   9.4988266e-01
   4.9192531e-01   0.0000000e+00   4.9195697e-02   9.5080430e-01
   4.9216040e-01   0.0000000e+00   4.7069006e-02   9.5293099e-01
   4.9231497e-01   0.0000000e+00   5.1205305e-02   9.4879469e-01
   4.9236662e-01   0.0000000e+00   5.3628611e-02   9.4637139e-01
   4.9249082e-01   0.0000000e+00   4.7990194e-02   9.5200981e-01
   4.9255642e-01   0.0000000e+00   5.0539214e-02   9.4946079e-01
   4.9267939e-01   0.0000000e+00   4.7164705e-02   9.5283530e-01
   4.9270502e-01   0.0000000e+00   5.0717153e-02   9.4928285e-01
   4.9278879e-01   0.0000000e+00   4.9561001e-02   9.5043900e-01
   4.9283457e-01   0.0000000e+00   4.8227047e-02   9.5177295e-01
   4.9290991e-01   0.0000000e+00   5.0483700e-02   9.4951630e-01
   4.9297376e-01   0.0000000e+00   4.7877953e-02   9.5212205e-01
   4.9302387e-01   0.0000000e+00   5.2302944e-02   9.4769706e-01
   4.9304727e-01   0.0000000e+00   4.9007431e-02   9.5099257e-01
   4.9330036e-01   0.0000000e+00   4.3919092e-02   9.5608091e-01
   4.9337159e-01   0.0000000e+00   4.7019249e-02   9.5298075e-01
   4.9339591e-01   0.0000000e+00   5.1229014e-02   9.4877099e-01
   4.9345517e-01   0.0000000e+00   4.8043198e-02   9.5195680e-01
   4.9345848e-01   0.0000000e+00   4.7275411e-02   9.5272459e-01
   4.9352515e-01   0.0000000e+00   4.9815159e-02   9.5018484e-01
   4.9354276e-01   0.0000000e+00   5.4120769e-02   9.4587923e-01
   4.9358936e-01   0.0000000e+00   4.8606952e-02   9.5139305e-01
   4.9367677e-01   0.0000000e+00   5.4019496e-02   9.4598050e-01
   4.9383710e-01   0.0000000e+00   5.1975141e-02   9.4802486e-01
   4.9385966e-01   0.0000000e+00   4.9600838e-02   9.5039916e-01
   4.9387028e-01   0.0000000e+00   4.8574315e-02   9.5142569e-01
   4.9387852e-01   0.0000000e+00   4.7096315e-02   9.5290368e-01
   4.9396208e-01   0.0000000e+00   4.7495673e-02   9.5250433e-01
   4.9401744e-01   0.0000000e+00   5.0087800e-02   9.4991220e-01
   4.9417818e-01   0.0000000e+00   5.0843159e-02   9.4915684e-01
   4.9420530e-01   0.0000000e+00   4.5157223e-02   9.5484278e-01
   4.9427879e-01   0.0000000e+00   5.2367448e-02   9.4763255e-01
   4.9441909e-01   0.0000000e+00   4.5804821e-02   9.5419518e-01
   4.9442756e-01   0.0000000e+00   4.8777687e-02   9.5122231e-01
   4.9445758e-01   0.0000000e+00   5.2943459e-02   9.4705654e-01
   4.9448565e-01   0.0000000e+00   4.4918697e-02   9.5508130e-01
   4.9468821e-01   0.0000000e+00   5.0163796e-02   9.4983620e-01
   4.9478788e-01   0.0000000e+00   5.6481802e-02   9.4351820e-01
   4.9503043e-01   0.0000000e+00   5.5735017e-02   9.4426498e-01
   4.9503958e-01   0.0000000e+00   4.5505751e-02   9.5449425e-01
   4.9518694e-01   0.0000000e+00   4.7672248e-02   9.5232775e-01
   4.9519976e-01   0.0000000e+00   4.9020415e-02   9.5097958e-01
   4.9523612e-01   0.0000000e+00   4.9593263e-02   9.5040674e-01
   4.9533860e-01   0.0000000e+00   5.0653988e-02   9.4934601e-01
   4.9533867e-01   0.0000000e+00   4.8717622e-02   9.5128238e-01
   4.9537929e-01   0.0000000e+00   5.3736897e-02   9.4626310e-01
   4.9544045e-01   0.0000000e+00   4.9742532e-02   9.5025747e-01
   4.9546576e-01   0.0000000e+00   5.1066199e-02   9.4893380e-01
   4.9551292e-01   0.0000000e+00   5.4459789e-02   9.4554021e-01
   4.9561933e-01   0.0000000e+00   4.8701896e-02   9.5129810e-01
   4.9566162e-01   0.0000000e+00   5.1093243e-02   9.4890676e-01
   4.9570753e-01   0.0000000e+00   5.0855491e-02   9.4914451e-01
   4.9598267e-01   0.0000000e+00   5.5748529e-02   9.4425147e-01
   4.9599006e-01   0.0000000e+00   4.8162003e-02   9.5183800e-01
   4.9606209e-01   0.0000000e+00   5.5562681e-02   9.4443732e-01
   4.9608316e-01   0.0000000e+00   4.9455722e-02   9.5054428e-01
   4.9614448e-01   0.0000000e+00   4.9643693e-02   9.5035631e-01
   4.9627178e-01   0.0000000e+00   4.2847209e-02   9.5715279e-01
   4.9627856e-01   0.0000000e+00   4.9059695e-02   9.5094031e-01
   4.9630942e-01   0.0000000e+00   4.6699883e-02   9.5330012e-01
   4.9637441e-01   0.0000000e+00   4.7647047e-02   9.5235295e-01
   4.9639509e-01   0.0000000e+00   5.4027763e-02   9.4597224e-01
   4.9646157e-01   0.0000000e+00   5.1408346e-02   9.4859165e-01
   4.9648816e-01   0.0000000e+00   4.9600084e-02   9.5039992e-01
   4.9660203e-01   0.0000000e+00   4.8174426e-02   9.5182557e-01
   4.9667775e-01   0.0000000e+00   4.4883344e-02   9.5511666e-01
   4.9670273e-01   0.0000000e+00   5.3242136e-02   9.4675786e-01
   4.9671135e-01   0.0000000e+00   5.1368170e-02   9.4863183e-01
   4.9677343e-01   0.0000000e+00   5.2179477e-02   9.4782052e-01
   4.9678450e-01   0.0000000e+00   5.6888160e-02   9.4311184e-01
   4.9687841e-01   0.0000000e+00   4.8232816e-02   9.5176718e-01
   4.9690363e-01   0.0000000e+00   4.7780223e-02   9.5221978e-01
   4.9696160e-01   0.0000000e+00   4.4780120e-02   9.5521988e-01
   4.9697416e-01   0.0000000e+00   4.7232863e-02   9.5276714e-01
   4.9701742e-01   0.0000000e+00   5.2885644e-02   9.4711436e-01
   4.9708297e-01   0.0000000e+00   5.5833753e-02   9.4416625e-01
   4.9708507e-01   0.0000000e+00   5.0326987e-02   9.4967301e-01
   4.9709578e-01   0.0000000e+00   5.1348714e-02   9.4865129e-01
   4.9710176e-01   0.0000000e+00   5.2021115e-02   9.4797888e-01
   4.9720564e-01   0.0000000e+00   5.7705778e-02   9.4229422e-01
   4.9724041e-01   0.0000000e+00   5.3630473e-02   9.4636953e-01
   4.9734789e-01   0.0000000e+00   4.8643009e-02   9.5135699e-01
   4.9739561e-01   0.0000000e+00   5.4157856e-02   9.4584214e-01
   4.9747239e-01   0.0000000e+00   4.7445082e-02   9.5255492e-01
   4.9750592e-01   0.0000000e+00   5.4057210e-02   9.4594279e-01
   4.9772815e-01   0.0000000e+00   4.9229297e-02   9.5077070e-01
   4.9774585e-01   0.0000000e+00   5.1815243e-02   9.4818476e-01
   4.9776003e-01   0.0000000e+00   5.6574634e-02   9.4342537e-01
   4.9776839e-01   0.0000000e+00   4.6093969e-02   9.5390603e-01
   4.9787219e-01   0.0000000e+00   5.7631991e-02   9.4236801e-01
   4.9798658e-01   0.0000000e+00   5.9475245e-02   9.4052476e-01
   4.9799318e-01   0.0000000e+00   5.2302745e-02   9.4769725e-01
   4.9804949e-01   0.0000000e+00   4.2369267e-02   9.5763073e-01
   4.9819851e-01   0.0000000e+00   5.3293559e-02   9.4670644e-01
   4.9821325e-01   0.0000000e+00   4.9022524e-02   9.5097748e-01
   4.9830715e-01   0.0000000e+00   4.4648400e-02   9.5535160e-01
   4.9842388e-01   0.0000000e+00   5.0605951e-02   9.4939405e-01
   4.9844191e-01   0.0000000e+00   5.0813482e-02   9.4918652e-01
   4.9847672e-01   0.0000000e+00   4.6557929e-02   9.5344207e-01
   4.9851418e-01   0.0000000e+00   4.6221129e-02   9.5377887e-01
   4.9853265e-01   0.0000000e+00   4.6663571e-02   9.5333643e-01
   4.9856378e-01   0.0000000e+00   4.6041987e-02   9.5395801e-01
   4.9868740e-01   0.0000000e+00   5.3078365e-02   9.4692164e-01
   4.9891993e-01   0.0000000e+00   5.3948176e-02   9.4605182e-01
   4.9898765e-01   0.0000000e+00   4.6571234e-02   9.5342877e-01
   4.9902329e-01   0.0000000e+00   5.4807987e-02   9.4519201e-01
   4.9902983e-01   0.0000000e+00   4.4832792e-02   9.5516721e-01
   4.9904372e-01   0.0000000e+00   3.8662809e-02   9.6133719e-01
   4.9912804e-01   0.0000000e+00   5.4614950e-02   9.4538505e-01
   4.9925505e-01   0.0000000e+00   4.3221169e-02   9.5677883e-01
   4.9930074e-01   0.0000000e+00   4.6501741e-02   9.5349826e-01
   4.9943090e-01   0.0000000e+00   4.6079257e-02   9.5392074e-01
   4.9952359e-01   0.0000000e+00   6.1817675e-02   9.3818232e-01
   4.9968558e-01   0.0000000e+00   4.8347549e-02   9.5165245e-01
   4.9995795e-01   0.0000000e+00   4.1634798e-02   9.5836520e-01
   5.0016566e-01   0.0000000e+00   4.5476432e-02   9.5452357e-01
   5.0025590e-01   0.0000000e+00   4.2186969e-02   9.5781303e-01
   5.0042986e-01   0.0000000e+00   4.9388747e-02   9.5061125e-01
   5.0043955e-01   0.0000000e+00   5.6245128e-02   9.4375487e-01
   5.0046271e-01   0.0000000e+00   5.5983625e-02   9.4401638e-01
   5.0047000e-01   0.0000000e+00   4.4214598e-02   9.5578540e-01
   5.0060281e-01   0.0000000e+00   5.1660307e-02   9.4833969e-01
   5.0083850e-01   0.0000000e+00   4.0515909e-02   9.5948409e-01
   5.0085642e-01   0.0000000e+00   4.2676861e-02   9.5732314e-01
   5.0116428e-01   0.0000000e+00   4.4990257e-02   9.5500974e-01
   5.0144523e-01   0.0000000e+00   6.2141808e-02   9.3785819e-01
   5.0150666e-01   0.0000000e+00   5.5326895e-02   9.4467311e-01
   5.0186037e-01   0.0000000e+00   4.0933312e-02   9.5906669e-01
   5.0191351e-01   0.0000000e+00   5.5707102e-02   9.4429290e-01
   5.0192467e-01   0.0000000e+00   5.5659559e-02   9.4434044e-01
   5.0199075e-01   0.0000000e+00   3.2689792e-02   9.6731021e-01
   5.0201011e-01   0.0000000e+00   3.4437787e-02   9.6556221e-01
   5.0201071e-01   0.0000000e+00   3.2712720e-02   9.6728728e-01
   5.0203188e-01   0.0000000e+00   4.3172847e-02   9.5682715e-01
   5.0204091e-01   0.0000000e+00   5.0414357e-02   9.4958564e-01
   5.0205717e-01   0.0000000e+00   3.4219328e-02   9.6578067e-01
   5.0209235e-01   0.0000000e+00   3.3999189e-02   9.6600081e-01
   5.0210812e-01   0.0000000e+00   4.4229947e-02   9.5577005e-01
   5.0215575e-01   0.0000000e+00   3.5628617e-02   9.6437138e-01
   5.0220640e-01   0.0000000e+00   4.1334752e-02   9.5866525e-01
   5.0236245e-01   0.0000000e+00   3.4824673e-02   9.6517533e-01
   5.0253156e-01   0.0000000e+00   4.3180432e-02   9.5681957e-01
   5.0264283e-01   0.0000000e+00   5.2094713e-02   9.4790529e-01
   5.0286595e-01   0.0000000e+00   4.6028187e-02   9.5397181e-01
   5.0342992e-01   0.0000000e+00   4.0387560e-02   9.5961244e-01
   5.0351504e-01   0.0000000e+00   4.3688842e-02   9.5631116e-01
   5.0377836e-01   0.0000000e+00   4.6330109e-02   9.5366989e-01
   5.0383978e-01   0.0000000e+00   4.2882548e-02   9.5711745e-01
   5.0484288e-01   0.0000000e+00   5.3222685e-02   9.4677731e-01
   5.0495678e-01   0.0000000e+00   4.0982157e-02   9.5901784e-01
   5.0505851e-01   0.0000000e+00   3.4448527e-02   9.6555147e-01
   5.0521136e-01   0.0000000e+00   4.6403936e-02   9.5359606e-01
   5.0549703e-01   0.0000000e+00   4.8760143e-02   9.5123986e-01
   5.0555615e-01   0.0000000e+00   3.8402582e-02   9.6159742e-01
   5.0587088e-01   0.0000000e+00   4.3154633e-02   9.5684537e-01
   5.0588622e-01   0.0000000e+00   3.9058078e-02   9.6094192e-01
   5.0604171e-01   0.0000000e+00   4.2459700e-02   9.5754030e-01
   5.0632861e-01   0.0000000e+00   5.3742198e-02   9.4625780e-01
   5.0640073e-01   0.0000000e+00   4.1968811e-02   9.5803119e-01
   5.0644907e-01   0.0000000e+00   6.3964188e-02   9.3603581e-01
   5.0648790e-01   0.0000000e+00   3.8947082e-02   9.6105292e-01
   5.0678112e-01   0.0000000e+00   4.2006220e-02   9.5799378e-01
   5.0708342e-01   0.0000000e+00   4.6201919e-02   9.5379808e-01
   5.0727300e-01   0.0000000e+00   3.9504498e-02   9.6049550e-01
   5.0727602e-01   0.0000000e+00   3.7551931e-02   9.6244807e-01
   5.0728283e-01   0.0000000e+00   3.5773026e-02   9.6422697e-01
   5.0728802e-01   0.0000000e+00   3.8095045e-02   9.6190496e-01
   5.0741419e-01   0.0000000e+00   3.8547573e-02   9.6145243e-01
   5.0785354e-01   0.0000000e+00   3.8320643e-02   9.6167936e-01
   5.0792356e-01   0.0000000e+00   5.4148069e-02   9.4585193e-01
   5.0792984e-01   0.0000000e+00   5.4337494e-02   9.4566251e-01
   5.0823047e-01   0.0000000e+00   4.1316907e-02   9.5868309e-01
   5.0841420e-01   0.0000000e+00   4.0074631e-02   9.5992537e-01
   5.0850668e-01   0.0000000e+00   3.8006004e-02   9.6199400e-01
   5.0860273e-01   0.0000000e+00   5.0002470e-02   9.4999753e-01
   5.0890271e-01   0.0000000e+00   3.8191368e-02   9.6180863e-01
   5.0895673e-01   0.0000000e+00   3.7802711e-02   9.6219729e-01
   5.0911158e-01   0.0000000e+00   4.8496583e-02   9.5150342e-01
   5.0913046e-01   0.0000000e+00   3.8120976e-02   9.6187902e-01
   5.0928354e-01   0.0000000e+00   4.1916163e-02   9.5808384e-01
   5.0975475e-01   0.0000000e+00   3.5029416e-02   9.6497058e-01
   5.1021654e-01   0.0000000e+00   3.7863057e-02   9.6213694e-01
   5.1037826e-01   0.0000000e+00   3.7562775e-02   9.6243723e-01
   5.1113708e-01   0.0000000e+00   3.6019452e-02   9.6398055e-01
   5.1118550e-01   0.0000000e+00   3.7836166e-02   9.6216383e-01
   5.1145580e-01   0.0000000e+00   3.9518232e-02   9.6048177e-01
   5.1160599e-01   0.0000000e+00   3.7081972e-02   9.6291803e-01
   5.1182544e-01   0.0000000e+00   3.5001395e-02   9.6499861e-01
   5.1190127e-01   0.0000000e+00   3.8184292e-02   9.6181571e-01
   5.1193057e-01   0.0000000e+00   4.2281444e-02   9.5771856e-01
   5.1239634e-01   0.0000000e+00   3.7972680e-02   9.6202732e-01
   5.1254892e-01   0.0000000e+00   3.6560119e-02   9.6343988e-01
   5.1281371e-01   0.0000000e+00   4.2582903e-02   9.5741710e-01
   5.1288456e-01   0.0000000e+00   3.9041908e-02   9.6095809e-01
   5.1290549e-01   0.0000000e+00   3.8057926e-02   9.6194207e-01
   5.1299593e-01   0.0000000e+00   3.8752226e-02   9.6124777e-01
   5.1303848e-01   0.0000000e+00   3.8321557e-02   9.6167844e-01
   5.1328924e-01   0.0000000e+00   4.9037885e-02   9.5096212e-01
   5.1369251e-01   0.0000000e+00   3.7830379e-02   9.6216962e-01
   5.1391235e-01   0.0000000e+00   3.5107066e-02   9.6489293e-01
   5.1439806e-01   0.0000000e+00   3.7631129e-02   9.6236887e-01
   5.1450022e-01   0.0000000e+00   3.5688883e-02   9.6431112e-01
   5.1467264e-01   0.0000000e+00   3.7331231e-02   9.6266877e-01
   5.1484094e-01   0.0000000e+00   3.8408807e-02   9.6159119e-01
   5.1491656e-01   0.0000000e+00   3.5914411e-02   9.6408559e-01
   5.1491816e-01   0.0000000e+00   4.2508878e-02   9.5749112e-01
   5.1566851e-01   0.0000000e+00   3.5496030e-02   9.6450397e-01
   5.1603752e-01   0.0000000e+00   3.5456259e-02   9.6454374e-01
   5.1615680e-01   0.0000000e+00   3.6499000e-02   9.6350100e-01
   5.1632168e-01   0.0000000e+00   3.8167591e-02   9.6183241e-01
   5.1637901e-01   0.0000000e+00   3.4487940e-02   9.6551206e-01
   5.1760734e-01   0.0000000e+00   3.8244343e-02   9.6175566e-01
   5.1776041e-01   0.0000000e+00   4.2314541e-02   9.5768546e-01
   5.1784003e-01   0.0000000e+00   3.7071371e-02   9.6292863e-01
   5.1807730e-01   0.0000000e+00   3.5681709e-02   9.6431829e-01
   5.1823725e-01   0.0000000e+00   3.5463719e-02   9.6453628e-01
   5.1834659e-01   0.0000000e+00   3.6040420e-02   9.6395958e-01
   5.1837043e-01   0.0000000e+00   3.3685320e-02   9.6631468e-01
   5.1840943e-01   0.0000000e+00   3.4976587e-02   9.6502341e-01
   5.1877296e-01   0.0000000e+00   3.6453420e-02   9.6354658e-01
   5.1896390e-01   0.0000000e+00   3.8951967e-02   9.6104803e-01
   5.1907494e-01   0.0000000e+00   3.5783325e-02   9.6421668e-01
   5.1930801e-01   0.0000000e+00   3.6528267e-02   9.6347173e-01
   5.1959734e-01   0.0000000e+00   3.5029080e-02   9.6497092e-01
   5.1960034e-01   0.0000000e+00   3.5573367e-02   9.6442663e-01
   5.1964250e-01   0.0000000e+00   3.5603548e-02   9.6439645e-01
   5.1972547e-01   0.0000000e+00   5.2670438e-02   9.4732956e-01
   5.1984598e-01   0.0000000e+00   3.7522828e-02   9.6247717e-01
   5.1988346e-01   0.0000000e+00   3.0521200e-02   9.6947880e-01
   5.2014657e-01   0.0000000e+00   3.5165386e-02   9.6483461e-01
   5.2028385e-01   0.0000000e+00   3.5601851e-02   9.6439815e-01
   5.2034721e-01   0.0000000e+00   3.4251442e-02   9.6574856e-01
   5.2035896e-01   0.0000000e+00   3.8870339e-02   9.6112966e-01
   5.2039564e-01   0.0000000e+00   3.2143026e-02   9.6785697e-01
   5.2041499e-01   0.0000000e+00   3.4752916e-02   9.6524708e-01
   5.2049601e-01   0.0000000e+00   3.8577153e-02   9.6142285e-01
   5.2065613e-01   0.0000000e+00   3.3553739e-02   9.6644626e-01
   5.2078421e-01   0.0000000e+00   3.4151928e-02   9.6584807e-01
   5.2088013e-01   0.0000000e+00   3.7429704e-02   9.6257030e-01
   5.2088483e-01   0.0000000e+00   3.4559661e-02   9.6544034e-01
   5.2088936e-01   0.0000000e+00   3.4998107e-02   9.6500189e-01
   5.2118306e-01   0.0000000e+00   3.4405184e-02   9.6559482e-01
   5.2120090e-01   0.0000000e+00   3.5458166e-02   9.6454183e-01
   5.2128622e-01   0.0000000e+00   3.5936961e-02   9.6406304e-01
   5.2146377e-01   0.0000000e+00   3.6028866e-02   9.6397113e-01
   5.2169922e-01   0.0000000e+00   3.5714959e-02   9.6428504e-01
   5.2205192e-01   0.0000000e+00   3.8143284e-02   9.6185672e-01
   5.2250709e-01   0.0000000e+00   3.4698109e-02   9.6530189e-01
   5.2267754e-01   0.0000000e+00   3.8957127e-02   9.6104287e-01
   5.2272416e-01   0.0000000e+00   3.7833963e-02   9.6216604e-01
   5.2278732e-01   0.0000000e+00   4.2431604e-02   9.5756840e-01
