   3.2877004e-01   0.0000000e+00   1.1931701e-01   8.8068299e-01
   3.2877074e-01   0.0000000e+00   1.1897689e-01   8.8102311e-01
   3.2877130e-01   0.0000000e+00   1.1921978e-01   8.8078022e-01
   3.2877142e-01   0.0000000e+00   1.1916679e-01   8.8083321e-01
   3.2877150e-01   0.0000000e+00   1.1914480e-01   8.8085520e-01
   3.2877167e-01   0.0000000e+00   1.1888350e-01   8.8111650e-01
   3.2877202e-01   0.0000000e+00   1.1896961e-01   8.8103039e-01
   3.2877214e-01   0.0000000e+00   1.1914005e-01   8.8085995e-01
   3.2877228e-01   0.0000000e+00   1.1905612e-01   8.8094388e-01
   3.2877234e-01   0.0000000e+00   1.1912279e-01   8.8087721e-01
   3.2877264e-01   0.0000000e+00   1.1951067e-01   8.8048933e-01
   3.2877276e-01   0.0000000e+00   1.1910686e-01   8.8089314e-01
   3.2877278e-01   0.0000000e+00   1.1909853e-01   8.8090147e-01
   3.2877293e-01   0.0000000e+00   1.1920439e-01   8.8079561e-01
   3.2877306e-01   0.0000000e+00   1.1923847e-01   8.8076153e-01
   3.2877320e-01   0.0000000e+00   1.1919701e-01   8.8080299e-01
   3.2877328e-01   0.0000000e+00   1.1934447e-01   8.8065553e-01
   3.2877336e-01   0.0000000e+00   1.1954877e-01   8.8045123e-01
   3.2877340e-01   0.0000000e+00   1.1939054e-01   8.8060946e-01
   3.2877350e-01   0.0000000e+00   1.1928139e-01   8.8071861e-01
   3.2877358e-01   0.0000000e+00   1.1928717e-01   8.8071283e-01
   3.2877371e-01   0.0000000e+00   1.1890294e-01   8.8109706e-01
   3.2877371e-01   0.0000000e+00   1.1914775e-01   8.8085225e-01
   3.2877374e-01   0.0000000e+00   1.1889462e-01   8.8110538e-01
   3.2877374e-01   0.0000000e+00   1.1901033e-01   8.8098967e-01
   3.2877381e-01   0.0000000e+00   1.1911112e-01   8.8088888e-01
   3.2877390e-01   0.0000000e+00   1.1910066e-01   8.8089934e-01
   3.2877391e-01   0.0000000e+00   1.1916063e-01   8.8083937e-01
   3.2877396e-01   0.0000000e+00   1.1905705e-01   8.8094295e-01
   3.2877397e-01   0.0000000e+00   1.1923815e-01   8.8076185e-01
   3.2877404e-01   0.0000000e+00   1.1986330e-01   8.8013670e-01
   3.2877410e-01   0.0000000e+00   1.1897959e-01   8.8102041e-01
   3.2877446e-01   0.0000000e+00   1.1891159e-01   8.8108841e-01
   3.2877465e-01   0.0000000e+00   1.1904431e-01   8.8095569e-01
   3.2877466e-01   0.0000000e+00   1.1902592e-01   8.8097408e-01
   3.2877471e-01   0.0000000e+00   1.1902598e-01   8.8097402e-01
   3.2877476e-01   0.0000000e+00   1.1937218e-01   8.8062782e-01
   3.2877478e-01   0.0000000e+00   1.1924603e-01   8.8075397e-01
   3.2877484e-01   0.0000000e+00   1.1863745e-01   8.8136255e-01
   3.2877487e-01   0.0000000e+00   1.1851254e-01   8.8148746e-01
   3.2877495e-01   0.0000000e+00   1.1936694e-01   8.8063306e-01
   3.2877495e-01   0.0000000e+00   1.1915487e-01   8.8084513e-01
   3.2877515e-01   0.0000000e+00   1.1950821e-01   8.8049179e-01
   3.2877519e-01   0.0000000e+00   1.1965953e-01   8.8034047e-01
   3.2877536e-01   0.0000000e+00   1.1916722e-01   8.8083278e-01
   3.2877544e-01   0.0000000e+00   1.1892638e-01   8.8107362e-01
   3.2877545e-01   0.0000000e+00   1.1929403e-01   8.8070597e-01
   3.2877563e-01   0.0000000e+00   1.1845212e-01   8.8154788e-01
   3.2877587e-01   0.0000000e+00   1.1943293e-01   8.8056707e-01
   3.2877597e-01   0.0000000e+00   1.1964130e-01   8.8035870e-01
   3.2877605e-01   0.0000000e+00   1.1863888e-01   8.8136112e-01
   3.2877606e-01   0.0000000e+00   1.1923061e-01   8.8076939e-01
   3.2877612e-01   0.0000000e+00   1.1890863e-01   8.8109137e-01
   3.2877614e-01   0.0000000e+00   1.1910040e-01   8.8089960e-01
   3.2877626e-01   0.0000000e+00   1.1935561e-01   8.8064439e-01
   3.2877643e-01   0.0000000e+00   1.1863669e-01   8.8136331e-01
   3.2877647e-01   0.0000000e+00   1.1915422e-01   8.8084578e-01
   3.2877655e-01   0.0000000e+00   1.1894752e-01   8.8105248e-01
   3.2877659e-01   0.0000000e+00   1.1885264e-01   8.8114736e-01
   3.2877668e-01   0.0000000e+00   1.1874393e-01   8.8125607e-01
   3.2877685e-01   0.0000000e+00   1.1920335e-01   8.8079665e-01
   3.2877699e-01   0.0000000e+00   1.1914221e-01   8.8085779e-01
   3.2877704e-01   0.0000000e+00   1.1857675e-01   8.8142325e-01
   3.2877712e-01   0.0000000e+00   1.1899849e-01   8.8100151e-01
   3.2877719e-01   0.0000000e+00   1.1859124e-01   8.8140876e-01
   3.2877720e-01   0.0000000e+00   1.1913190e-01   8.8086810e-01
   3.2877727e-01   0.0000000e+00   1.1909993e-01   8.8090007e-01
   3.2877734e-01   0.0000000e+00   1.1932303e-01   8.8067697e-01
   3.2877735e-01   0.0000000e+00   1.1882774e-01   8.8117226e-01
   3.2877745e-01   0.0000000e+00   1.1933439e-01   8.8066561e-01
   3.2877765e-01   0.0000000e+00   1.1858078e-01   8.8141922e-01
   3.2877768e-01   0.0000000e+00   1.1876897e-01   8.8123103e-01
   3.2877769e-01   0.0000000e+00   1.1911897e-01   8.8088103e-01
   3.2877786e-01   0.0000000e+00   1.1918071e-01   8.8081929e-01
   3.2877806e-01   0.0000000e+00   1.1992582e-01   8.8007418e-01
   3.2877809e-01   0.0000000e+00   1.1962168e-01   8.8037832e-01
   3.2877823e-01   0.0000000e+00   1.1942201e-01   8.8057799e-01
   3.2877835e-01   0.0000000e+00   1.1927066e-01   8.8072934e-01
   3.2877837e-01   0.0000000e+00   1.1846673e-01   8.8153327e-01
   3.2877850e-01   0.0000000e+00   1.1936645e-01   8.8063355e-01
   3.2877858e-01   0.0000000e+00   1.1877991e-01   8.8122009e-01
   3.2877862e-01   0.0000000e+00   1.1825674e-01   8.8174326e-01
   3.2877877e-01   0.0000000e+00   1.1890588e-01   8.8109412e-01
   3.2877894e-01   0.0000000e+00   1.1960814e-01   8.8039186e-01
   3.2877900e-01   0.0000000e+00   1.1837472e-01   8.8162528e-01
   3.2877904e-01   0.0000000e+00   1.1975140e-01   8.8024860e-01
   3.2877904e-01   0.0000000e+00   1.1935067e-01   8.8064933e-01
   3.2877915e-01   0.0000000e+00   1.1894263e-01   8.8105737e-01
   3.2877918e-01   0.0000000e+00   1.1847024e-01   8.8152976e-01
   3.2877918e-01   0.0000000e+00   1.1898450e-01   8.8101550e-01
   3.2878024e-01   0.0000000e+00   1.1856722e-01   8.8143278e-01
   3.2878040e-01   0.0000000e+00   1.1893504e-01   8.8106496e-01
   3.2878068e-01   0.0000000e+00   1.1961205e-01   8.8038795e-01
   3.2878090e-01   0.0000000e+00   1.1884534e-01   8.8115466e-01
   3.2878119e-01   0.0000000e+00   1.1844932e-01   8.8155068e-01
   3.2878123e-01   0.0000000e+00   1.1901519e-01   8.8098481e-01
   3.2878134e-01   0.0000000e+00   1.1906824e-01   8.8093176e-01
   3.2878139e-01   0.0000000e+00   1.1966257e-01   8.8033743e-01
   3.2878158e-01   0.0000000e+00   1.1896215e-01   8.8103785e-01
   3.2878167e-01   0.0000000e+00   1.1869480e-01   8.8130520e-01
   3.2878232e-01   0.0000000e+00   1.1874180e-01   8.8125820e-01
   3.2878236e-01   0.0000000e+00   1.1811382e-01   8.8188618e-01
   3.2878251e-01   0.0000000e+00   1.1854026e-01   8.8145974e-01
   3.2878259e-01   0.0000000e+00   1.1939537e-01   8.8060463e-01
   3.2878271e-01   0.0000000e+00   1.1804923e-01   8.8195077e-01
   3.2878278e-01   0.0000000e+00   1.1898044e-01   8.8101956e-01
   3.2878282e-01   0.0000000e+00   1.1935418e-01   8.8064582e-01
   3.2878287e-01   0.0000000e+00   1.1865600e-01   8.8134400e-01
   3.2878295e-01   0.0000000e+00   1.1795969e-01   8.8204031e-01
   3.2878304e-01   0.0000000e+00   1.1867737e-01   8.8132263e-01
   3.2878312e-01   0.0000000e+00   1.1908328e-01   8.8091672e-01
   3.2878323e-01   0.0000000e+00   1.1932510e-01   8.8067490e-01
   3.2878336e-01   0.0000000e+00   1.1932744e-01   8.8067256e-01
   3.2878354e-01   0.0000000e+00   1.1918450e-01   8.8081550e-01
   3.2878379e-01   0.0000000e+00   1.1872606e-01   8.8127394e-01
   3.2878393e-01   0.0000000e+00   1.1880997e-01   8.8119003e-01
   3.2878404e-01   0.0000000e+00   1.2000280e-01   8.7999720e-01
   3.2878434e-01   0.0000000e+00   1.1971853e-01   8.8028147e-01
   3.2878446e-01   0.0000000e+00   1.1942436e-01   8.8057564e-01
   3.2878455e-01   0.0000000e+00   1.2042541e-01   8.7957459e-01
   3.2878463e-01   0.0000000e+00   1.1801331e-01   8.8198669e-01
   3.2878469e-01   0.0000000e+00   1.1841479e-01   8.8158521e-01
   3.2878477e-01   0.0000000e+00   1.1888193e-01   8.8111807e-01
   3.2878490e-01   0.0000000e+00   1.1880387e-01   8.8119613e-01
   3.2878508e-01   0.0000000e+00   1.1857425e-01   8.8142575e-01
   3.2878557e-01   0.0000000e+00   1.1903951e-01   8.8096049e-01
   3.2878564e-01   0.0000000e+00   1.2002333e-01   8.7997667e-01
   3.2878576e-01   0.0000000e+00   1.2057580e-01   8.7942420e-01
   3.2878594e-01   0.0000000e+00   1.2014329e-01   8.7985671e-01
   3.2878625e-01   0.0000000e+00   1.1897800e-01   8.8102200e-01
   3.2878649e-01   0.0000000e+00   1.1953389e-01   8.8046611e-01
   3.2878689e-01   0.0000000e+00   1.1919102e-01   8.8080898e-01
   3.2878721e-01   0.0000000e+00   1.1850790e-01   8.8149210e-01
   3.2878766e-01   0.0000000e+00   1.1912874e-01   8.8087126e-01
   3.2878823e-01   0.0000000e+00   1.2040772e-01   8.7959228e-01
   3.2878873e-01   0.0000000e+00   1.1889671e-01   8.8110329e-01
   3.2878888e-01   0.0000000e+00   1.1813392e-01   8.8186608e-01
   3.2878909e-01   0.0000000e+00   1.2007251e-01   8.7992749e-01
   3.2878924e-01   0.0000000e+00   1.1871276e-01   8.8128724e-01
   3.2878925e-01   0.0000000e+00   1.1982300e-01   8.8017700e-01
   3.2878944e-01   0.0000000e+00   1.1892338e-01   8.8107662e-01
   3.2879001e-01   0.0000000e+00   1.1916907e-01   8.8083093e-01
   3.2879058e-01   0.0000000e+00   1.1965771e-01   8.8034229e-01
   3.2879060e-01   0.0000000e+00   1.1966632e-01   8.8033368e-01
   3.2879067e-01   0.0000000e+00   1.1982765e-01   8.8017235e-01
   3.2879072e-01   0.0000000e+00   1.1838115e-01   8.8161885e-01
   3.2879076e-01   0.0000000e+00   1.1907646e-01   8.8092354e-01
   3.2879092e-01   0.0000000e+00   1.1943016e-01   8.8056984e-01
   3.2879215e-01   0.0000000e+00   1.1852985e-01   8.8147015e-01
   3.2879216e-01   0.0000000e+00   1.1794353e-01   8.8205647e-01
   3.2879224e-01   0.0000000e+00   1.1910938e-01   8.8089062e-01
   3.2879236e-01   0.0000000e+00   1.1905714e-01   8.8094286e-01
   3.2879237e-01   0.0000000e+00   1.1813229e-01   8.8186771e-01
   3.2879258e-01   0.0000000e+00   1.1835648e-01   8.8164352e-01
   3.2879272e-01   0.0000000e+00   1.2031152e-01   8.7968848e-01
   3.2879343e-01   0.0000000e+00   1.1953456e-01   8.8046544e-01
   3.2879381e-01   0.0000000e+00   1.1914625e-01   8.8085375e-01
   3.2879389e-01   0.0000000e+00   1.1967290e-01   8.8032710e-01
   3.2879392e-01   0.0000000e+00   1.2004386e-01   8.7995614e-01
   3.2879411e-01   0.0000000e+00   1.1863698e-01   8.8136302e-01
   3.2879467e-01   0.0000000e+00   1.1976217e-01   8.8023783e-01
   3.2879532e-01   0.0000000e+00   1.1898463e-01   8.8101537e-01
   3.2879588e-01   0.0000000e+00   1.1888009e-01   8.8111991e-01
   3.2879595e-01   0.0000000e+00   1.1824595e-01   8.8175405e-01
   3.2879619e-01   0.0000000e+00   1.1821277e-01   8.8178723e-01
   3.2879664e-01   0.0000000e+00   1.2004855e-01   8.7995145e-01
   3.2879673e-01   0.0000000e+00   1.1783957e-01   8.8216043e-01
   3.2879805e-01   0.0000000e+00   1.1885177e-01   8.8114823e-01
   3.2879987e-01   0.0000000e+00   1.1724672e-01   8.8275328e-01
   3.2879997e-01   0.0000000e+00   1.1799294e-01   8.8200706e-01
   3.2880029e-01   0.0000000e+00   1.2010818e-01   8.7989182e-01
   3.2880035e-01   0.0000000e+00   1.1842705e-01   8.8157295e-01
   3.2880087e-01   0.0000000e+00   1.1915041e-01   8.8084959e-01
   3.2880118e-01   0.0000000e+00   1.1861032e-01   8.8138968e-01
   3.2880125e-01   0.0000000e+00   1.1988382e-01   8.8011618e-01
   3.2880218e-01   0.0000000e+00   1.1779281e-01   8.8220719e-01
   3.2880268e-01   0.0000000e+00   1.2028073e-01   8.7971927e-01
   3.2880344e-01   0.0000000e+00   1.1798650e-01   8.8201350e-01
   3.2880387e-01   0.0000000e+00   1.2027396e-01   8.7972604e-01
   3.2880402e-01   0.0000000e+00   1.1860471e-01   8.8139529e-01
   3.2880407e-01   0.0000000e+00   1.1955386e-01   8.8044614e-01
   3.2880435e-01   0.0000000e+00   1.1920435e-01   8.8079565e-01
   3.2880520e-01   0.0000000e+00   1.1699897e-01   8.8300103e-01
   3.2880560e-01   0.0000000e+00   1.1830362e-01   8.8169638e-01
   3.2880652e-01   0.0000000e+00   1.1908318e-01   8.8091682e-01
   3.2880709e-01   0.0000000e+00   1.1894148e-01   8.8105852e-01
   3.2880763e-01   0.0000000e+00   1.1809915e-01   8.8190085e-01
   3.2880871e-01   0.0000000e+00   1.1841286e-01   8.8158714e-01
   3.2880884e-01   0.0000000e+00   1.2048389e-01   8.7951611e-01
   3.2880941e-01   0.0000000e+00   1.1793814e-01   8.8206186e-01
   3.2880961e-01   0.0000000e+00   1.1874848e-01   8.8125152e-01
   3.2881018e-01   0.0000000e+00   1.2027778e-01   8.7972222e-01
   3.2881103e-01   0.0000000e+00   1.1888949e-01   8.8111051e-01
   3.2881209e-01   0.0000000e+00   1.1691187e-01   8.8308813e-01
   3.2881232e-01   0.0000000e+00   1.1944274e-01   8.8055726e-01
   3.2881276e-01   0.0000000e+00   1.1938670e-01   8.8061330e-01
   3.2881334e-01   0.0000000e+00   1.1908269e-01   8.8091731e-01
   3.2881609e-01   0.0000000e+00   1.2057659e-01   8.7942341e-01
   3.2881671e-01   0.0000000e+00   1.1998177e-01   8.8001823e-01
   3.2881757e-01   0.0000000e+00   1.2072284e-01   8.7927716e-01
   3.2881766e-01   0.0000000e+00   1.1870512e-01   8.8129488e-01
   3.2881810e-01   0.0000000e+00   1.2031680e-01   8.7968320e-01
   3.2881845e-01   0.0000000e+00   1.1984437e-01   8.8015563e-01
   3.2881921e-01   0.0000000e+00   1.2048918e-01   8.7951082e-01
   3.2881982e-01   0.0000000e+00   1.2007113e-01   8.7992887e-01
   3.2882029e-01   0.0000000e+00   1.1918416e-01   8.8081584e-01
   3.2882156e-01   0.0000000e+00   1.1729290e-01   8.8270710e-01
   3.2882225e-01   0.0000000e+00   1.1880078e-01   8.8119922e-01
   3.2882312e-01   0.0000000e+00   1.2178601e-01   8.7821399e-01
   3.2882333e-01   0.0000000e+00   1.1993172e-01   8.8006828e-01
   3.2882334e-01   0.0000000e+00   1.1820663e-01   8.8179337e-01
   3.2882364e-01   0.0000000e+00   1.1778022e-01   8.8221978e-01
   3.2882413e-01   0.0000000e+00   1.1807688e-01   8.8192312e-01
   3.2882433e-01   0.0000000e+00   1.1911653e-01   8.8088347e-01
   3.2882537e-01   0.0000000e+00   1.1897254e-01   8.8102746e-01
   3.2882932e-01   0.0000000e+00   1.1862993e-01   8.8137007e-01
   3.2882974e-01   0.0000000e+00   1.2088939e-01   8.7911061e-01
   3.2882991e-01   0.0000000e+00   1.2234709e-01   8.7765291e-01
   3.2883019e-01   0.0000000e+00   1.1859292e-01   8.8140708e-01
   3.2883199e-01   0.0000000e+00   1.1666967e-01   8.8333033e-01
   3.2883272e-01   0.0000000e+00   1.1842826e-01   8.8157174e-01
   3.2883277e-01   0.0000000e+00   1.1723020e-01   8.8276980e-01
   3.2883296e-01   0.0000000e+00   1.2012261e-01   8.7987739e-01
   3.2883348e-01   0.0000000e+00   1.1940070e-01   8.8059930e-01
   3.2883397e-01   0.0000000e+00   1.1804613e-01   8.8195387e-01
   3.2883754e-01   0.0000000e+00   1.1740446e-01   8.8259554e-01
   3.2883779e-01   0.0000000e+00   1.1877091e-01   8.8122909e-01
   3.2883864e-01   0.0000000e+00   1.1846539e-01   8.8153461e-01
   3.2883967e-01   0.0000000e+00   1.1950144e-01   8.8049856e-01
   3.2884065e-01   0.0000000e+00   1.1923929e-01   8.8076071e-01
   3.2884215e-01   0.0000000e+00   1.1814213e-01   8.8185787e-01
   3.2884223e-01   0.0000000e+00   1.1753172e-01   8.8246828e-01
   3.2884228e-01   0.0000000e+00   1.1851885e-01   8.8148115e-01
   3.2884310e-01   0.0000000e+00   1.2048982e-01   8.7951018e-01
   3.2884326e-01   0.0000000e+00   1.1927653e-01   8.8072347e-01
   3.2884361e-01   0.0000000e+00   1.1694715e-01   8.8305285e-01
   3.2884424e-01   0.0000000e+00   1.1845130e-01   8.8154870e-01
   3.2884483e-01   0.0000000e+00   1.1668359e-01   8.8331641e-01
   3.2884595e-01   0.0000000e+00   1.2121216e-01   8.7878784e-01
   3.2884721e-01   0.0000000e+00   1.1929710e-01   8.8070290e-01
   3.2885086e-01   0.0000000e+00   1.1924103e-01   8.8075897e-01
   3.2885163e-01   0.0000000e+00   1.1882932e-01   8.8117068e-01
   3.2885249e-01   0.0000000e+00   1.1783961e-01   8.8216039e-01
   3.2885309e-01   0.0000000e+00   1.1677958e-01   8.8322042e-01
   3.2885672e-01   0.0000000e+00   1.2168821e-01   8.7831179e-01
   3.2885732e-01   0.0000000e+00   1.1985408e-01   8.8014592e-01
   3.2885763e-01   0.0000000e+00   1.1968499e-01   8.8031501e-01
   3.2885815e-01   0.0000000e+00   1.1797937e-01   8.8202063e-01
   3.2885986e-01   0.0000000e+00   1.1736064e-01   8.8263936e-01
   3.2886200e-01   0.0000000e+00   1.1901260e-01   8.8098740e-01
   3.2886390e-01   0.0000000e+00   1.1860790e-01   8.8139210e-01
   3.2886428e-01   0.0000000e+00   1.1914665e-01   8.8085335e-01
   3.2886566e-01   0.0000000e+00   1.2087290e-01   8.7912710e-01
   3.2887024e-01   0.0000000e+00   1.1519346e-01   8.8480654e-01
   3.2887268e-01   0.0000000e+00   1.1922299e-01   8.8077701e-01
   3.2887318e-01   0.0000000e+00   1.2004762e-01   8.7995238e-01
   3.2887323e-01   0.0000000e+00   1.1486725e-01   8.8513275e-01
   3.2887388e-01   0.0000000e+00   1.1852777e-01   8.8147223e-01
   3.2887516e-01   0.0000000e+00   1.1980438e-01   8.8019562e-01
   3.2888435e-01   0.0000000e+00   1.2088156e-01   8.7911844e-01
   3.2888450e-01   0.0000000e+00   1.1792745e-01   8.8207255e-01
   3.2888918e-01   0.0000000e+00   1.1907290e-01   8.8092710e-01
   3.2889639e-01   0.0000000e+00   1.1599851e-01   8.8400149e-01
   3.2889719e-01   0.0000000e+00   1.1911262e-01   8.8088738e-01
   3.2889936e-01   0.0000000e+00   1.1678094e-01   8.8321906e-01
   3.2890137e-01   0.0000000e+00   1.2342293e-01   8.7657707e-01
   3.2890289e-01   0.0000000e+00   1.1883299e-01   8.8116701e-01
   3.2890493e-01   0.0000000e+00   1.2216847e-01   8.7783153e-01
   3.2890596e-01   0.0000000e+00   1.2052566e-01   8.7947434e-01
   3.2890598e-01   0.0000000e+00   1.1766585e-01   8.8233415e-01
   3.2890688e-01   0.0000000e+00   1.1595430e-01   8.8404570e-01
   3.2890773e-01   0.0000000e+00   1.1906657e-01   8.8093343e-01
   3.2890792e-01   0.0000000e+00   1.1804138e-01   8.8195862e-01
   3.2891426e-01   0.0000000e+00   1.1925605e-01   8.8074395e-01
   3.2891612e-01   0.0000000e+00   1.1699601e-01   8.8300399e-01
   3.2891664e-01   0.0000000e+00   1.1779495e-01   8.8220505e-01
   3.2891810e-01   0.0000000e+00   1.2191373e-01   8.7808627e-01
   3.2891892e-01   0.0000000e+00   1.1952939e-01   8.8047061e-01
   3.2891996e-01   0.0000000e+00   1.2107116e-01   8.7892884e-01
   3.2892023e-01   0.0000000e+00   1.1795454e-01   8.8204546e-01
   3.2892166e-01   0.0000000e+00   1.2243454e-01   8.7756546e-01
   3.2892435e-01   0.0000000e+00   1.1584328e-01   8.8415672e-01
   3.2892749e-01   0.0000000e+00   1.1925741e-01   8.8074259e-01
   3.2893041e-01   0.0000000e+00   1.1929196e-01   8.8070804e-01
   3.2893968e-01   0.0000000e+00   1.1938442e-01   8.8061558e-01
   3.2894236e-01   0.0000000e+00   1.1857339e-01   8.8142661e-01
   3.2894539e-01   0.0000000e+00   1.1523745e-01   8.8476255e-01
   3.2894547e-01   0.0000000e+00   1.1923656e-01   8.8076344e-01
   3.2896069e-01   0.0000000e+00   1.1961011e-01   8.8038989e-01
   3.2896211e-01   0.0000000e+00   1.1828221e-01   8.8171779e-01
   3.2896591e-01   0.0000000e+00   1.1716132e-01   8.8283868e-01
   3.2896605e-01   0.0000000e+00   1.1757746e-01   8.8242254e-01
   3.2896697e-01   0.0000000e+00   1.2058628e-01   8.7941372e-01
   3.2896738e-01   0.0000000e+00   1.2345576e-01   8.7654424e-01
   3.2896790e-01   0.0000000e+00   1.2113374e-01   8.7886626e-01
   3.2897414e-01   0.0000000e+00   1.2271701e-01   8.7728299e-01
   3.2897725e-01   0.0000000e+00   1.1943529e-01   8.8056471e-01
   3.2897726e-01   0.0000000e+00   1.1951320e-01   8.8048680e-01
   3.2898018e-01   0.0000000e+00   1.2108592e-01   8.7891408e-01
   3.2898243e-01   0.0000000e+00   1.2114046e-01   8.7885954e-01
   3.2898819e-01   0.0000000e+00   1.1396619e-01   8.8603381e-01
   3.2898910e-01   0.0000000e+00   1.2024778e-01   8.7975222e-01
   3.2899148e-01   0.0000000e+00   1.1862092e-01   8.8137908e-01
   3.2899294e-01   0.0000000e+00   1.2124867e-01   8.7875133e-01
   3.2899328e-01   0.0000000e+00   1.1845266e-01   8.8154734e-01
   3.2899417e-01   0.0000000e+00   1.2194157e-01   8.7805843e-01
   3.2899647e-01   0.0000000e+00   1.2054024e-01   8.7945976e-01
   3.2900156e-01   0.0000000e+00   1.1747435e-01   8.8252565e-01
   3.2900197e-01   0.0000000e+00   1.1711752e-01   8.8288248e-01
   3.2900484e-01   0.0000000e+00   1.2278271e-01   8.7721729e-01
   3.2900860e-01   0.0000000e+00   1.1728446e-01   8.8271554e-01
   3.2901179e-01   0.0000000e+00   1.1987809e-01   8.8012191e-01
   3.2901313e-01   0.0000000e+00   1.2111262e-01   8.7888738e-01
   3.2901352e-01   0.0000000e+00   1.1766468e-01   8.8233532e-01
   3.2901788e-01   0.0000000e+00   1.2071280e-01   8.7928720e-01
   3.2902226e-01   0.0000000e+00   1.2224957e-01   8.7775043e-01
   3.2902282e-01   0.0000000e+00   1.2132286e-01   8.7867714e-01
   3.2902291e-01   0.0000000e+00   1.1670142e-01   8.8329858e-01
   3.2902327e-01   0.0000000e+00   1.1803188e-01   8.8196812e-01
   3.2902418e-01   0.0000000e+00   1.1967475e-01   8.8032525e-01
   3.2902574e-01   0.0000000e+00   1.1861352e-01   8.8138648e-01
   3.2902601e-01   0.0000000e+00   1.1958036e-01   8.8041964e-01
   3.2902605e-01   0.0000000e+00   1.2123900e-01   8.7876100e-01
   3.2902842e-01   0.0000000e+00   1.1946043e-01   8.8053957e-01
   3.2903186e-01   0.0000000e+00   1.1845131e-01   8.8154869e-01
   3.2903272e-01   0.0000000e+00   1.1957195e-01   8.8042805e-01
   3.2903439e-01   0.0000000e+00   1.1948141e-01   8.8051859e-01
   3.2903471e-01   0.0000000e+00   1.1859588e-01   8.8140412e-01
   3.2903477e-01   0.0000000e+00   1.1894569e-01   8.8105431e-01
   3.2903713e-01   0.0000000e+00   1.1883042e-01   8.8116958e-01
   3.2903721e-01   0.0000000e+00   1.1847464e-01   8.8152536e-01
   3.2904293e-01   0.0000000e+00   1.1899730e-01   8.8100270e-01
   3.2904556e-01   0.0000000e+00   1.2285648e-01   8.7714352e-01
   3.2904646e-01   0.0000000e+00   1.2082806e-01   8.7917194e-01
   3.2904670e-01   0.0000000e+00   1.1852378e-01   8.8147622e-01
   3.2905152e-01   0.0000000e+00   1.1622853e-01   8.8377147e-01
   3.2905200e-01   0.0000000e+00   1.1909165e-01   8.8090835e-01
   3.2905250e-01   0.0000000e+00   1.2370255e-01   8.7629745e-01
   3.2905531e-01   0.0000000e+00   1.2400646e-01   8.7599354e-01
   3.2905539e-01   0.0000000e+00   1.1596784e-01   8.8403216e-01
   3.2905775e-01   0.0000000e+00   1.1646478e-01   8.8353522e-01
   3.2905822e-01   0.0000000e+00   1.1990681e-01   8.8009319e-01
   3.2906194e-01   0.0000000e+00   1.1463239e-01   8.8536761e-01
   3.2906311e-01   0.0000000e+00   1.1696928e-01   8.8303072e-01
   3.2906396e-01   0.0000000e+00   1.1482656e-01   8.8517344e-01
   3.2906412e-01   0.0000000e+00   1.1721638e-01   8.8278362e-01
   3.2906541e-01   0.0000000e+00   1.1825874e-01   8.8174126e-01
   3.2907186e-01   0.0000000e+00   1.1772280e-01   8.8227720e-01
   3.2907189e-01   0.0000000e+00   1.1524028e-01   8.8475972e-01
   3.2907321e-01   0.0000000e+00   1.2222723e-01   8.7777277e-01
   3.2907679e-01   0.0000000e+00   1.2430531e-01   8.7569469e-01
   3.2908031e-01   0.0000000e+00   1.1849361e-01   8.8150639e-01
   3.2908079e-01   0.0000000e+00   1.2040923e-01   8.7959077e-01
   3.2908195e-01   0.0000000e+00   1.1752812e-01   8.8247188e-01
   3.2908405e-01   0.0000000e+00   1.2161089e-01   8.7838911e-01
   3.2908437e-01   0.0000000e+00   1.1481066e-01   8.8518934e-01
   3.2908653e-01   0.0000000e+00   1.1869254e-01   8.8130746e-01
   3.2908667e-01   0.0000000e+00   1.2015059e-01   8.7984941e-01
   3.2908723e-01   0.0000000e+00   1.1513136e-01   8.8486864e-01
   3.2908740e-01   0.0000000e+00   1.1476683e-01   8.8523317e-01
   3.2908998e-01   0.0000000e+00   1.1692016e-01   8.8307984e-01
   3.2909024e-01   0.0000000e+00   1.1675850e-01   8.8324150e-01
   3.2909152e-01   0.0000000e+00   1.2518178e-01   8.7481822e-01
   3.2909324e-01   0.0000000e+00   1.1703043e-01   8.8296957e-01
   3.2909379e-01   0.0000000e+00   1.1666532e-01   8.8333468e-01
   3.2909549e-01   0.0000000e+00   1.2260042e-01   8.7739958e-01
   3.2909680e-01   0.0000000e+00   1.2013193e-01   8.7986807e-01
   3.2909728e-01   0.0000000e+00   1.2485603e-01   8.7514397e-01
   3.2909824e-01   0.0000000e+00   1.1490106e-01   8.8509894e-01
   3.2910212e-01   0.0000000e+00   1.2192438e-01   8.7807562e-01
   3.2910313e-01   0.0000000e+00   1.2011282e-01   8.7988718e-01
   3.2910404e-01   0.0000000e+00   1.1479970e-01   8.8520030e-01
   3.2910568e-01   0.0000000e+00   1.2143125e-01   8.7856875e-01
   3.2910729e-01   0.0000000e+00   1.2397233e-01   8.7602767e-01
   3.2910812e-01   0.0000000e+00   1.1924643e-01   8.8075357e-01
   3.2910887e-01   0.0000000e+00   1.2303831e-01   8.7696169e-01
   3.2911199e-01   0.0000000e+00   1.1800050e-01   8.8199950e-01
   3.2911225e-01   0.0000000e+00   1.1651729e-01   8.8348271e-01
   3.2911453e-01   0.0000000e+00   1.2183353e-01   8.7816647e-01
   3.2911501e-01   0.0000000e+00   1.1901734e-01   8.8098266e-01
   3.2911626e-01   0.0000000e+00   1.2067924e-01   8.7932076e-01
   3.2911652e-01   0.0000000e+00   1.1714680e-01   8.8285320e-01
   3.2911687e-01   0.0000000e+00   1.1410640e-01   8.8589360e-01
   3.2911822e-01   0.0000000e+00   1.1817219e-01   8.8182781e-01
   3.2911843e-01   0.0000000e+00   1.1324644e-01   8.8675356e-01
   3.2912078e-01   0.0000000e+00   1.2063805e-01   8.7936195e-01
   3.2912288e-01   0.0000000e+00   1.1806579e-01   8.8193421e-01
   3.2912352e-01   0.0000000e+00   1.1777825e-01   8.8222175e-01
   3.2912378e-01   0.0000000e+00   1.1753552e-01   8.8246448e-01
   3.2912379e-01   0.0000000e+00   1.2160376e-01   8.7839624e-01
   3.2912385e-01   0.0000000e+00   1.1384655e-01   8.8615345e-01
   3.2912486e-01   0.0000000e+00   1.1749239e-01   8.8250761e-01
   3.2912806e-01   0.0000000e+00   1.2141736e-01   8.7858264e-01
   3.2912818e-01   0.0000000e+00   1.1669543e-01   8.8330457e-01
   3.2912873e-01   0.0000000e+00   1.1775359e-01   8.8224641e-01
   3.2913290e-01   0.0000000e+00   1.1488197e-01   8.8511803e-01
   3.2913407e-01   0.0000000e+00   1.2517696e-01   8.7482304e-01
   3.2913879e-01   0.0000000e+00   1.1705664e-01   8.8294336e-01
   3.2913908e-01   0.0000000e+00   1.2122426e-01   8.7877574e-01
   3.2914296e-01   0.0000000e+00   1.2092862e-01   8.7907138e-01
   3.2914385e-01   0.0000000e+00   1.1909767e-01   8.8090233e-01
   3.2914416e-01   0.0000000e+00   1.2145096e-01   8.7854904e-01
   3.2914433e-01   0.0000000e+00   1.1967461e-01   8.8032539e-01
   3.2914551e-01   0.0000000e+00   1.1440935e-01   8.8559065e-01
   3.2914553e-01   0.0000000e+00   1.1599527e-01   8.8400473e-01
   3.2914593e-01   0.0000000e+00   1.1413522e-01   8.8586478e-01
   3.2914634e-01   0.0000000e+00   1.1610130e-01   8.8389870e-01
   3.2915304e-01   0.0000000e+00   1.2190812e-01   8.7809188e-01
   3.2915473e-01   0.0000000e+00   1.2162890e-01   8.7837110e-01
   3.2915561e-01   0.0000000e+00   1.1942859e-01   8.8057141e-01
   3.2916056e-01   0.0000000e+00   1.1697404e-01   8.8302596e-01
   3.2916363e-01   0.0000000e+00   1.1957508e-01   8.8042492e-01
   3.2916509e-01   0.0000000e+00   1.1542131e-01   8.8457869e-01
   3.2916845e-01   0.0000000e+00   1.2446411e-01   8.7553589e-01
   3.2917375e-01   0.0000000e+00   1.2015379e-01   8.7984621e-01
   3.2917556e-01   0.0000000e+00   1.1882332e-01   8.8117668e-01
   3.2917962e-01   0.0000000e+00   1.2039472e-01   8.7960528e-01
   3.2918178e-01   0.0000000e+00   1.1780868e-01   8.8219132e-01
   3.2918327e-01   0.0000000e+00   1.1285900e-01   8.8714100e-01
   3.2918581e-01   0.0000000e+00   1.2346373e-01   8.7653627e-01
   3.2918594e-01   0.0000000e+00   1.2121555e-01   8.7878445e-01
   3.2918983e-01   0.0000000e+00   1.1489555e-01   8.8510445e-01
   3.2919540e-01   0.0000000e+00   1.2158049e-01   8.7841951e-01
   3.2919684e-01   0.0000000e+00   1.2015856e-01   8.7984144e-01
   3.2919794e-01   0.0000000e+00   1.1505640e-01   8.8494360e-01
   3.2919982e-01   0.0000000e+00   1.1951207e-01   8.8048793e-01
   3.2920090e-01   0.0000000e+00   1.1552088e-01   8.8447912e-01
   3.2920217e-01   0.0000000e+00   1.2132655e-01   8.7867345e-01
   3.2920521e-01   0.0000000e+00   1.1862148e-01   8.8137852e-01
   3.2920677e-01   0.0000000e+00   1.1392337e-01   8.8607663e-01
   3.2920677e-01   0.0000000e+00   1.1392337e-01   8.8607663e-01
   3.2920821e-01   0.0000000e+00   1.1232858e-01   8.8767142e-01
   3.2921600e-01   0.0000000e+00   1.1827143e-01   8.8172857e-01
   3.2921601e-01   0.0000000e+00   1.2215489e-01   8.7784511e-01
   3.2921671e-01   0.0000000e+00   1.1452668e-01   8.8547332e-01
   3.2922232e-01   0.0000000e+00   1.2435261e-01   8.7564739e-01
   3.2922337e-01   0.0000000e+00   1.1087741e-01   8.8912259e-01
   3.2922524e-01   0.0000000e+00   1.2524804e-01   8.7475196e-01
   3.2922814e-01   0.0000000e+00   1.1779377e-01   8.8220623e-01
   3.2923515e-01   0.0000000e+00   1.1868015e-01   8.8131985e-01
   3.2923598e-01   0.0000000e+00   1.1966945e-01   8.8033055e-01
   3.2923778e-01   0.0000000e+00   1.2195465e-01   8.7804535e-01
   3.2923822e-01   0.0000000e+00   1.2023341e-01   8.7976659e-01
   3.2923860e-01   0.0000000e+00   1.1858178e-01   8.8141822e-01
   3.2923877e-01   0.0000000e+00   1.1348146e-01   8.8651854e-01
   3.2924042e-01   0.0000000e+00   1.2367184e-01   8.7632816e-01
   3.2924252e-01   0.0000000e+00   1.1959994e-01   8.8040006e-01
   3.2924808e-01   0.0000000e+00   1.1728794e-01   8.8271206e-01
   3.2925253e-01   0.0000000e+00   1.2110143e-01   8.7889857e-01
   3.2925347e-01   0.0000000e+00   1.1509306e-01   8.8490694e-01
   3.2925353e-01   0.0000000e+00   1.1993829e-01   8.8006171e-01
   3.2925503e-01   0.0000000e+00   1.1388073e-01   8.8611927e-01
   3.2925768e-01   0.0000000e+00   1.1954607e-01   8.8045393e-01
   3.2926306e-01   0.0000000e+00   1.2251819e-01   8.7748181e-01
   3.2926306e-01   0.0000000e+00   1.1884382e-01   8.8115618e-01
   3.2926707e-01   0.0000000e+00   1.1260958e-01   8.8739042e-01
   3.2927167e-01   0.0000000e+00   1.1981176e-01   8.8018824e-01
   3.2927312e-01   0.0000000e+00   1.2199371e-01   8.7800629e-01
   3.2927334e-01   0.0000000e+00   1.1541147e-01   8.8458853e-01
   3.2928473e-01   0.0000000e+00   1.2113888e-01   8.7886112e-01
   3.2928806e-01   0.0000000e+00   1.1595168e-01   8.8404832e-01
   3.2928842e-01   0.0000000e+00   1.1574613e-01   8.8425387e-01
   3.2928874e-01   0.0000000e+00   1.2507341e-01   8.7492659e-01
   3.2929110e-01   0.0000000e+00   1.2150911e-01   8.7849089e-01
   3.2929866e-01   0.0000000e+00   1.2000742e-01   8.7999258e-01
   3.2929931e-01   0.0000000e+00   1.2026820e-01   8.7973180e-01
   3.2930398e-01   0.0000000e+00   1.2598923e-01   8.7401077e-01
   3.2930573e-01   0.0000000e+00   1.1990564e-01   8.8009436e-01
   3.2931489e-01   0.0000000e+00   1.2190450e-01   8.7809550e-01
   3.2931683e-01   0.0000000e+00   1.1387459e-01   8.8612541e-01
   3.2932631e-01   0.0000000e+00   1.1747637e-01   8.8252363e-01
   3.2932900e-01   0.0000000e+00   1.1786997e-01   8.8213003e-01
   3.2932943e-01   0.0000000e+00   1.2656020e-01   8.7343980e-01
   3.2933188e-01   0.0000000e+00   1.2406709e-01   8.7593291e-01
   3.2933227e-01   0.0000000e+00   1.1144490e-01   8.8855510e-01
   3.2933428e-01   0.0000000e+00   1.2513671e-01   8.7486329e-01
   3.2933469e-01   0.0000000e+00   1.1564151e-01   8.8435849e-01
   3.2933930e-01   0.0000000e+00   1.1929698e-01   8.8070302e-01
   3.2934152e-01   0.0000000e+00   1.2337951e-01   8.7662049e-01
   3.2934373e-01   0.0000000e+00   1.1761833e-01   8.8238167e-01
   3.2934470e-01   0.0000000e+00   1.2581402e-01   8.7418598e-01
   3.2934503e-01   0.0000000e+00   1.2708111e-01   8.7291889e-01
   3.2934862e-01   0.0000000e+00   1.2052220e-01   8.7947780e-01
   3.2935495e-01   0.0000000e+00   1.1000509e-01   8.8999491e-01
   3.2935673e-01   0.0000000e+00   1.1821329e-01   8.8178671e-01
   3.2936244e-01   0.0000000e+00   1.2666910e-01   8.7333090e-01
   3.2936521e-01   0.0000000e+00   1.2276930e-01   8.7723070e-01
   3.2937615e-01   0.0000000e+00   1.2334440e-01   8.7665560e-01
   3.2938052e-01   0.0000000e+00   1.1008911e-01   8.8991089e-01
   3.2938185e-01   0.0000000e+00   1.1946967e-01   8.8053033e-01
   3.2938580e-01   0.0000000e+00   1.1952770e-01   8.8047230e-01
   3.2939254e-01   0.0000000e+00   1.1839940e-01   8.8160060e-01
   3.2939261e-01   0.0000000e+00   1.1895417e-01   8.8104583e-01
   3.2940331e-01   0.0000000e+00   1.2323010e-01   8.7676990e-01
   3.2940359e-01   0.0000000e+00   1.2532170e-01   8.7467830e-01
   3.2940555e-01   0.0000000e+00   1.2615342e-01   8.7384658e-01
   3.2940604e-01   0.0000000e+00   1.2013192e-01   8.7986808e-01
   3.2940806e-01   0.0000000e+00   1.2228554e-01   8.7771446e-01
   3.2941420e-01   0.0000000e+00   1.2670063e-01   8.7329937e-01
   3.2941597e-01   0.0000000e+00   1.1584221e-01   8.8415779e-01
   3.2941746e-01   0.0000000e+00   1.2011468e-01   8.7988532e-01
   3.2942114e-01   0.0000000e+00   1.1944842e-01   8.8055158e-01
   3.2942218e-01   0.0000000e+00   1.2451357e-01   8.7548643e-01
   3.2942788e-01   0.0000000e+00   1.1389559e-01   8.8610441e-01
   3.2943957e-01   0.0000000e+00   1.1551808e-01   8.8448192e-01
   3.2944592e-01   0.0000000e+00   1.2187612e-01   8.7812388e-01
   3.2944927e-01   0.0000000e+00   1.2234540e-01   8.7765460e-01
   3.2946150e-01   0.0000000e+00   1.2605029e-01   8.7394971e-01
   3.2946974e-01   0.0000000e+00   1.2535966e-01   8.7464034e-01
   3.2947602e-01   0.0000000e+00   1.2173233e-01   8.7826767e-01
   3.2947665e-01   0.0000000e+00   1.2440576e-01   8.7559424e-01
   3.2948028e-01   0.0000000e+00   1.2379236e-01   8.7620764e-01
   3.2948283e-01   0.0000000e+00   1.2827463e-01   8.7172537e-01
   3.2948767e-01   0.0000000e+00   1.2648985e-01   8.7351015e-01
   3.2949284e-01   0.0000000e+00   1.2443046e-01   8.7556954e-01
   3.2949297e-01   0.0000000e+00   1.2222281e-01   8.7777719e-01
   3.2949429e-01   0.0000000e+00   1.2579020e-01   8.7420980e-01
   3.2950141e-01   0.0000000e+00   1.2413681e-01   8.7586319e-01
   3.2950206e-01   0.0000000e+00   1.2078470e-01   8.7921530e-01
   3.2950229e-01   0.0000000e+00   1.2749498e-01   8.7250502e-01
   3.2950516e-01   0.0000000e+00   1.2548319e-01   8.7451681e-01
   3.2950567e-01   0.0000000e+00   1.2808276e-01   8.7191724e-01
   3.2950920e-01   0.0000000e+00   1.2536726e-01   8.7463274e-01
   3.2951046e-01   0.0000000e+00   1.2427296e-01   8.7572704e-01
   3.2951119e-01   0.0000000e+00   1.2434837e-01   8.7565163e-01
   3.2951835e-01   0.0000000e+00   1.2080581e-01   8.7919419e-01
   3.2952690e-01   0.0000000e+00   1.2589509e-01   8.7410491e-01
   3.2953022e-01   0.0000000e+00   1.1857225e-01   8.8142775e-01
   3.2954672e-01   0.0000000e+00   1.2673212e-01   8.7326788e-01
   3.2955059e-01   0.0000000e+00   1.2477949e-01   8.7522051e-01
   3.2955142e-01   0.0000000e+00   1.2565443e-01   8.7434557e-01
   3.2955699e-01   0.0000000e+00   1.2072973e-01   8.7927027e-01
   3.2956171e-01   0.0000000e+00   1.3020037e-01   8.6979963e-01
   3.2956669e-01   0.0000000e+00   1.2629228e-01   8.7370772e-01
   3.2957011e-01   0.0000000e+00   1.2710494e-01   8.7289506e-01
   3.2957523e-01   0.0000000e+00   1.2486932e-01   8.7513068e-01
   3.2958210e-01   0.0000000e+00   1.2577017e-01   8.7422983e-01
   3.2959018e-01   0.0000000e+00   1.2633248e-01   8.7366752e-01
   3.2959960e-01   0.0000000e+00   1.1716437e-01   8.8283563e-01
   3.2960134e-01   0.0000000e+00   1.2414614e-01   8.7585386e-01
   3.2960196e-01   0.0000000e+00   1.1541575e-01   8.8458425e-01
   3.2961788e-01   0.0000000e+00   1.2754697e-01   8.7245303e-01
   3.2961970e-01   0.0000000e+00   1.2683246e-01   8.7316754e-01
   3.2962578e-01   0.0000000e+00   1.2726780e-01   8.7273220e-01
   3.2963369e-01   0.0000000e+00   1.2663960e-01   8.7336040e-01
   3.2963845e-01   0.0000000e+00   1.3168911e-01   8.6831089e-01
   3.2964841e-01   0.0000000e+00   1.2914994e-01   8.7085006e-01
   3.2965354e-01   0.0000000e+00   1.2721733e-01   8.7278267e-01
   3.2965583e-01   0.0000000e+00   1.2701979e-01   8.7298021e-01
   3.2967028e-01   0.0000000e+00   1.2955812e-01   8.7044188e-01
   3.2967260e-01   0.0000000e+00   1.2810538e-01   8.7189462e-01
   3.2967513e-01   0.0000000e+00   1.2933731e-01   8.7066269e-01
   3.2967570e-01   0.0000000e+00   1.0597346e-01   8.9402654e-01
   3.2967875e-01   0.0000000e+00   1.1862208e-01   8.8137792e-01
   3.2967946e-01   0.0000000e+00   1.2842681e-01   8.7157319e-01
   3.2968138e-01   0.0000000e+00   1.2138819e-01   8.7861181e-01
   3.2968268e-01   0.0000000e+00   1.2330494e-01   8.7669506e-01
   3.2968514e-01   0.0000000e+00   1.2248265e-01   8.7751735e-01
   3.2970596e-01   0.0000000e+00   1.2907132e-01   8.7092868e-01
   3.2970809e-01   0.0000000e+00   1.2884668e-01   8.7115332e-01
   3.2971334e-01   0.0000000e+00   1.2825262e-01   8.7174738e-01
   3.2971374e-01   0.0000000e+00   1.2762841e-01   8.7237159e-01
   3.2972106e-01   0.0000000e+00   1.2808154e-01   8.7191846e-01
   3.2972253e-01   0.0000000e+00   1.3091810e-01   8.6908190e-01
   3.2972671e-01   0.0000000e+00   1.3149244e-01   8.6850756e-01
   3.2974647e-01   0.0000000e+00   1.2584466e-01   8.7415534e-01
   3.2975541e-01   0.0000000e+00   1.2947652e-01   8.7052348e-01
   3.2975979e-01   0.0000000e+00   1.2583142e-01   8.7416858e-01
   3.2976543e-01   0.0000000e+00   1.2944928e-01   8.7055072e-01
   3.2976572e-01   0.0000000e+00   1.2705480e-01   8.7294520e-01
   3.2976585e-01   0.0000000e+00   1.2875447e-01   8.7124553e-01
   3.2977109e-01   0.0000000e+00   1.2931810e-01   8.7068190e-01
   3.2977361e-01   0.0000000e+00   1.2501425e-01   8.7498575e-01
   3.2977452e-01   0.0000000e+00   1.2874331e-01   8.7125669e-01
   3.2977655e-01   0.0000000e+00   1.2753429e-01   8.7246571e-01
   3.2978081e-01   0.0000000e+00   1.1688131e-01   8.8311869e-01
   3.2978687e-01   0.0000000e+00   1.2351005e-01   8.7648995e-01
   3.2980137e-01   0.0000000e+00   1.2995920e-01   8.7004080e-01
   3.2981523e-01   0.0000000e+00   1.2674970e-01   8.7325030e-01
   3.2982060e-01   0.0000000e+00   1.3234093e-01   8.6765907e-01
   3.2982654e-01   0.0000000e+00   1.3060941e-01   8.6939059e-01
   3.2983273e-01   0.0000000e+00   1.2963299e-01   8.7036701e-01
   3.2983817e-01   0.0000000e+00   1.2762773e-01   8.7237227e-01
   3.2985258e-01   0.0000000e+00   1.3398672e-01   8.6601328e-01
   3.2985283e-01   0.0000000e+00   1.2988415e-01   8.7011585e-01
   3.2986839e-01   0.0000000e+00   1.2820159e-01   8.7179841e-01
   3.2986910e-01   0.0000000e+00   1.2714223e-01   8.7285777e-01
   3.2987285e-01   0.0000000e+00   1.2971730e-01   8.7028270e-01
   3.2988636e-01   0.0000000e+00   1.2763890e-01   8.7236110e-01
   3.2989104e-01   0.0000000e+00   1.2875339e-01   8.7124661e-01
   3.2990621e-01   0.0000000e+00   1.2971065e-01   8.7028935e-01
   3.2993608e-01   0.0000000e+00   1.3149481e-01   8.6850519e-01
   3.2993673e-01   0.0000000e+00   1.2772785e-01   8.7227215e-01
   3.2994088e-01   0.0000000e+00   1.3009585e-01   8.6990415e-01
   3.2994322e-01   0.0000000e+00   1.3110152e-01   8.6889848e-01
   3.2995085e-01   0.0000000e+00   1.3074306e-01   8.6925694e-01
   3.2995239e-01   0.0000000e+00   1.2418153e-01   8.7581847e-01
   3.2995751e-01   0.0000000e+00   1.2571424e-01   8.7428576e-01
   3.2996315e-01   0.0000000e+00   1.2989549e-01   8.7010451e-01
   3.2998710e-01   0.0000000e+00   1.2023469e-01   8.7976531e-01
   3.3000386e-01   0.0000000e+00   1.3306705e-01   8.6693295e-01
   3.3000583e-01   0.0000000e+00   1.2784972e-01   8.7215028e-01
   3.3001129e-01   0.0000000e+00   1.2685634e-01   8.7314366e-01
   3.3001640e-01   0.0000000e+00   1.2749093e-01   8.7250907e-01
   3.3002178e-01   0.0000000e+00   1.2847765e-01   8.7152235e-01
   3.3004344e-01   0.0000000e+00   1.2536229e-01   8.7463771e-01
   3.3004573e-01   0.0000000e+00   1.2402692e-01   8.7597308e-01
   3.3006592e-01   0.0000000e+00   1.3109353e-01   8.6890647e-01
   3.3006688e-01   0.0000000e+00   1.3293307e-01   8.6706693e-01
   3.3007236e-01   0.0000000e+00   1.2732260e-01   8.7267740e-01
   3.3007983e-01   0.0000000e+00   1.2867212e-01   8.7132788e-01
   3.3008381e-01   0.0000000e+00   1.3333039e-01   8.6666961e-01
   3.3011294e-01   0.0000000e+00   1.3322967e-01   8.6677033e-01
   3.3011487e-01   0.0000000e+00   1.3001247e-01   8.6998753e-01
   3.3011599e-01   0.0000000e+00   1.3038868e-01   8.6961132e-01
