   4.6283631e-01   0.0000000e+00   1.0478771e-02   9.8952123e-01
   4.6294776e-01   0.0000000e+00   1.0471071e-02   9.8952893e-01
   4.6290340e-01   0.0000000e+00   1.0479236e-02   9.8952076e-01
   4.6273729e-01   0.0000000e+00   1.0471414e-02   9.8952859e-01
   4.6390710e-01   0.0000000e+00   1.0539110e-02   9.8946089e-01
   4.6283351e-01   0.0000000e+00   1.0579883e-02   9.8942012e-01
   4.6373670e-01   0.0000000e+00   1.0565658e-02   9.8943434e-01
   4.6381574e-01   0.0000000e+00   1.0462233e-02   9.8953777e-01
   4.6325554e-01   0.0000000e+00   1.0490007e-02   9.8950999e-01
   4.6348114e-01   0.0000000e+00   1.0552117e-02   9.8944788e-01
   4.6321944e-01   0.0000000e+00   1.0547347e-02   9.8945265e-01
   4.6385145e-01   0.0000000e+00   1.0471073e-02   9.8952893e-01
   4.6314511e-01   0.0000000e+00   1.0544897e-02   9.8945510e-01
   4.6300065e-01   0.0000000e+00   1.0580255e-02   9.8941974e-01
   4.6356418e-01   0.0000000e+00   1.0638382e-02   9.8936162e-01
   4.6328668e-01   0.0000000e+00   1.0567995e-02   9.8943201e-01
   4.6414491e-01   0.0000000e+00   1.0463125e-02   9.8953688e-01
   4.6343773e-01   0.0000000e+00   1.0771032e-02   9.8922897e-01
   4.6369492e-01   0.0000000e+00   1.0623081e-02   9.8937692e-01
   4.6388080e-01   0.0000000e+00   1.0595788e-02   9.8940421e-01
   4.6353872e-01   0.0000000e+00   1.0493850e-02   9.8950615e-01
   4.6409428e-01   0.0000000e+00   1.0520802e-02   9.8947920e-01
   4.6313702e-01   0.0000000e+00   1.0549559e-02   9.8945044e-01
   4.6351531e-01   0.0000000e+00   1.0588761e-02   9.8941124e-01
   4.6347323e-01   0.0000000e+00   1.0530961e-02   9.8946904e-01
   4.6397024e-01   0.0000000e+00   1.0660702e-02   9.8933930e-01
   4.6355768e-01   0.0000000e+00   1.0663149e-02   9.8933685e-01
   4.6357963e-01   0.0000000e+00   1.0628139e-02   9.8937186e-01
   4.6335383e-01   0.0000000e+00   1.0564301e-02   9.8943570e-01
   4.6383225e-01   0.0000000e+00   1.0580872e-02   9.8941913e-01
   4.6303952e-01   0.0000000e+00   1.0524963e-02   9.8947504e-01
   4.6349666e-01   0.0000000e+00   1.0577723e-02   9.8942228e-01
   4.6368504e-01   0.0000000e+00   1.0513821e-02   9.8948618e-01
   4.6364120e-01   0.0000000e+00   1.0524593e-02   9.8947541e-01
   4.6371264e-01   0.0000000e+00   1.0583543e-02   9.8941646e-01
   4.6376977e-01   0.0000000e+00   1.0606945e-02   9.8939305e-01
   4.6423114e-01   0.0000000e+00   1.0802848e-02   9.8919715e-01
   4.6386893e-01   0.0000000e+00   1.0625714e-02   9.8937429e-01
   4.6365641e-01   0.0000000e+00   1.0694674e-02   9.8930533e-01
   4.6240342e-01   0.0000000e+00   1.0635856e-02   9.8936414e-01
   4.6342535e-01   0.0000000e+00   1.0614801e-02   9.8938520e-01
   4.6361087e-01   0.0000000e+00   1.0471602e-02   9.8952840e-01
   4.6373078e-01   0.0000000e+00   1.0484882e-02   9.8951512e-01
   4.6375007e-01   0.0000000e+00   1.0681617e-02   9.8931838e-01
   4.6390735e-01   0.0000000e+00   1.0676827e-02   9.8932317e-01
   4.6347239e-01   0.0000000e+00   1.0523709e-02   9.8947629e-01
   4.6380632e-01   0.0000000e+00   1.0636051e-02   9.8936395e-01
   4.6357474e-01   0.0000000e+00   1.0623634e-02   9.8937637e-01
   4.6408032e-01   0.0000000e+00   1.0611600e-02   9.8938840e-01
   4.6391575e-01   0.0000000e+00   1.0555455e-02   9.8944454e-01
   4.6383380e-01   0.0000000e+00   1.0749994e-02   9.8925001e-01
   4.6388383e-01   0.0000000e+00   1.0700625e-02   9.8929938e-01
   4.6466533e-01   0.0000000e+00   1.0564556e-02   9.8943544e-01
   4.6378495e-01   0.0000000e+00   1.0742275e-02   9.8925772e-01
   4.6389253e-01   0.0000000e+00   1.0682014e-02   9.8931799e-01
   4.6402535e-01   0.0000000e+00   1.0747631e-02   9.8925237e-01
   4.6385836e-01   0.0000000e+00   1.0679209e-02   9.8932079e-01
   4.6380314e-01   0.0000000e+00   1.0765335e-02   9.8923466e-01
   4.6395746e-01   0.0000000e+00   1.0714226e-02   9.8928577e-01
   4.6391767e-01   0.0000000e+00   1.0487312e-02   9.8951269e-01
   4.6384318e-01   0.0000000e+00   1.0789962e-02   9.8921004e-01
   4.6410057e-01   0.0000000e+00   1.0701191e-02   9.8929881e-01
   4.6367822e-01   0.0000000e+00   1.0764885e-02   9.8923512e-01
   4.6377590e-01   0.0000000e+00   1.0708603e-02   9.8929140e-01
   4.6407844e-01   0.0000000e+00   1.0722225e-02   9.8927778e-01
   4.6393633e-01   0.0000000e+00   1.0761501e-02   9.8923850e-01
   4.6351255e-01   0.0000000e+00   1.0624084e-02   9.8937592e-01
   4.6417106e-01   0.0000000e+00   1.0733076e-02   9.8926692e-01
   4.6399182e-01   0.0000000e+00   1.0854929e-02   9.8914507e-01
   4.6419818e-01   0.0000000e+00   1.0463751e-02   9.8953625e-01
   4.6459641e-01   0.0000000e+00   1.0772514e-02   9.8922749e-01
   4.6392664e-01   0.0000000e+00   1.0760445e-02   9.8923955e-01
   4.6401004e-01   0.0000000e+00   1.0815170e-02   9.8918483e-01
   4.6475621e-01   0.0000000e+00   1.0739410e-02   9.8926059e-01
   4.6380627e-01   0.0000000e+00   1.0730768e-02   9.8926923e-01
   4.6384323e-01   0.0000000e+00   1.0886064e-02   9.8911394e-01
   4.6350710e-01   0.0000000e+00   1.0703525e-02   9.8929647e-01
   4.6380184e-01   0.0000000e+00   1.0908883e-02   9.8909112e-01
   4.6383841e-01   0.0000000e+00   1.0760473e-02   9.8923953e-01
   4.6431632e-01   0.0000000e+00   1.0805188e-02   9.8919481e-01
   4.6396942e-01   0.0000000e+00   1.0817016e-02   9.8918298e-01
   4.6428409e-01   0.0000000e+00   1.0886740e-02   9.8911326e-01
   4.6394325e-01   0.0000000e+00   1.0922592e-02   9.8907741e-01
   4.6385864e-01   0.0000000e+00   1.0886006e-02   9.8911399e-01
   4.6436922e-01   0.0000000e+00   1.0809814e-02   9.8919019e-01
   4.6434533e-01   0.0000000e+00   1.0659756e-02   9.8934024e-01
   4.6385043e-01   0.0000000e+00   1.0857857e-02   9.8914214e-01
   4.6442104e-01   0.0000000e+00   1.0829624e-02   9.8917038e-01
   4.6381626e-01   0.0000000e+00   1.0866697e-02   9.8913330e-01
   4.6378738e-01   0.0000000e+00   1.0928360e-02   9.8907164e-01
   4.6301039e-01   0.0000000e+00   1.0596687e-02   9.8940331e-01
   4.6420872e-01   0.0000000e+00   1.1079003e-02   9.8892100e-01
   4.6366007e-01   0.0000000e+00   1.0823330e-02   9.8917667e-01
   4.6403879e-01   0.0000000e+00   1.1028397e-02   9.8897160e-01
   4.6414819e-01   0.0000000e+00   1.0907365e-02   9.8909264e-01
   4.6538531e-01   0.0000000e+00   1.0908054e-02   9.8909195e-01
   4.6413492e-01   0.0000000e+00   1.1007941e-02   9.8899206e-01
   4.6402858e-01   0.0000000e+00   1.1012296e-02   9.8898770e-01
   4.6398082e-01   0.0000000e+00   1.0999679e-02   9.8900032e-01
   4.6389657e-01   0.0000000e+00   1.1074240e-02   9.8892576e-01
   4.6423126e-01   0.0000000e+00   1.1161055e-02   9.8883895e-01
   4.6431303e-01   0.0000000e+00   1.0932529e-02   9.8906747e-01
   4.6368382e-01   0.0000000e+00   1.1169324e-02   9.8883068e-01
   4.6452369e-01   0.0000000e+00   1.0627948e-02   9.8937205e-01
   4.6392446e-01   0.0000000e+00   1.1049737e-02   9.8895026e-01
   4.6383759e-01   0.0000000e+00   1.0908659e-02   9.8909134e-01
   4.6404037e-01   0.0000000e+00   1.1214708e-02   9.8878529e-01
   4.6381924e-01   0.0000000e+00   1.1088393e-02   9.8891161e-01
   4.6400815e-01   0.0000000e+00   1.0703902e-02   9.8929610e-01
   4.6453435e-01   0.0000000e+00   1.0983296e-02   9.8901670e-01
   4.6437988e-01   0.0000000e+00   1.1242771e-02   9.8875723e-01
   4.6405873e-01   0.0000000e+00   1.0952447e-02   9.8904755e-01
   4.6288592e-01   0.0000000e+00   1.0628981e-02   9.8937102e-01
   4.6463488e-01   0.0000000e+00   1.1323222e-02   9.8867678e-01
   4.6358351e-01   0.0000000e+00   1.1219539e-02   9.8878046e-01
   4.6448137e-01   0.0000000e+00   1.0983809e-02   9.8901619e-01
   4.6380883e-01   0.0000000e+00   1.1480803e-02   9.8851920e-01
   4.6365405e-01   0.0000000e+00   1.1358118e-02   9.8864188e-01
   4.6398750e-01   0.0000000e+00   1.1115818e-02   9.8888418e-01
   4.6448015e-01   0.0000000e+00   1.1638367e-02   9.8836163e-01
   4.6417389e-01   0.0000000e+00   1.1269000e-02   9.8873100e-01
   4.6363848e-01   0.0000000e+00   1.1082279e-02   9.8891772e-01
   4.6425999e-01   0.0000000e+00   1.1556875e-02   9.8844312e-01
   4.6411068e-01   0.0000000e+00   1.0551148e-02   9.8944885e-01
   4.6391329e-01   0.0000000e+00   1.1300953e-02   9.8869905e-01
   4.6424919e-01   0.0000000e+00   1.1264902e-02   9.8873510e-01
   4.6436580e-01   0.0000000e+00   1.1345803e-02   9.8865420e-01
   4.6388113e-01   0.0000000e+00   1.1223209e-02   9.8877679e-01
   4.6445761e-01   0.0000000e+00   1.1336067e-02   9.8866393e-01
   4.6410979e-01   0.0000000e+00   1.1173650e-02   9.8882635e-01
   4.6438657e-01   0.0000000e+00   1.1210315e-02   9.8878969e-01
   4.6385178e-01   0.0000000e+00   1.1232099e-02   9.8876790e-01
   4.6377235e-01   0.0000000e+00   1.1324428e-02   9.8867557e-01
   4.6477692e-01   0.0000000e+00   1.0963971e-02   9.8903603e-01
   4.6522929e-01   0.0000000e+00   1.1588994e-02   9.8841101e-01
   4.6423353e-01   0.0000000e+00   1.2001900e-02   9.8799810e-01
   4.6356452e-01   0.0000000e+00   1.1631815e-02   9.8836819e-01
   4.6432583e-01   0.0000000e+00   1.1491080e-02   9.8850892e-01
   4.6351476e-01   0.0000000e+00   1.1375983e-02   9.8862402e-01
   4.6426524e-01   0.0000000e+00   1.1139060e-02   9.8886094e-01
   4.6466504e-01   0.0000000e+00   1.1645181e-02   9.8835482e-01
   4.6358612e-01   0.0000000e+00   1.1811657e-02   9.8818834e-01
   4.6337648e-01   0.0000000e+00   1.1187651e-02   9.8881235e-01
   4.6339001e-01   0.0000000e+00   1.1627647e-02   9.8837235e-01
   4.6465938e-01   0.0000000e+00   1.1621987e-02   9.8837801e-01
   4.6403180e-01   0.0000000e+00   1.1392574e-02   9.8860743e-01
   4.6423059e-01   0.0000000e+00   1.1611752e-02   9.8838825e-01
   4.6569301e-01   0.0000000e+00   1.0762893e-02   9.8923711e-01
   4.6420099e-01   0.0000000e+00   1.1748547e-02   9.8825145e-01
   4.6429070e-01   0.0000000e+00   1.1461589e-02   9.8853841e-01
   4.6392370e-01   0.0000000e+00   1.1531425e-02   9.8846858e-01
   4.6418842e-01   0.0000000e+00   1.1803582e-02   9.8819642e-01
   4.6433024e-01   0.0000000e+00   1.1621686e-02   9.8837831e-01
   4.6438375e-01   0.0000000e+00   1.1963422e-02   9.8803658e-01
   4.6526808e-01   0.0000000e+00   1.1862984e-02   9.8813702e-01
   4.6508235e-01   0.0000000e+00   1.2050771e-02   9.8794923e-01
   4.6408352e-01   0.0000000e+00   1.1669018e-02   9.8833098e-01
   4.6319840e-01   0.0000000e+00   1.2368438e-02   9.8763156e-01
   4.6424322e-01   0.0000000e+00   1.1812706e-02   9.8818729e-01
   4.6440714e-01   0.0000000e+00   1.1836229e-02   9.8816377e-01
   4.6279349e-01   0.0000000e+00   1.1598196e-02   9.8840180e-01
   4.6479774e-01   0.0000000e+00   1.1960321e-02   9.8803968e-01
   4.6222611e-01   0.0000000e+00   1.1962332e-02   9.8803767e-01
   4.6474491e-01   0.0000000e+00   1.1026922e-02   9.8897308e-01
   4.6457823e-01   0.0000000e+00   1.2313156e-02   9.8768684e-01
   4.6401190e-01   0.0000000e+00   1.2046336e-02   9.8795366e-01
   4.6467097e-01   0.0000000e+00   1.0783513e-02   9.8921649e-01
   4.6400967e-01   0.0000000e+00   1.0771479e-02   9.8922852e-01
   4.6383389e-01   0.0000000e+00   1.2133595e-02   9.8786640e-01
   4.6460426e-01   0.0000000e+00   1.2031438e-02   9.8796856e-01
   4.6439701e-01   0.0000000e+00   1.0808652e-02   9.8919135e-01
   4.6408094e-01   0.0000000e+00   1.1054408e-02   9.8894559e-01
   4.6525745e-01   0.0000000e+00   1.2810435e-02   9.8718956e-01
   4.6434010e-01   0.0000000e+00   1.1641330e-02   9.8835867e-01
   4.6391007e-01   0.0000000e+00   1.1065719e-02   9.8893428e-01
   4.6147265e-01   0.0000000e+00   1.2320823e-02   9.8767918e-01
   4.6510184e-01   0.0000000e+00   1.3046154e-02   9.8695385e-01
   4.6445388e-01   0.0000000e+00   1.1966352e-02   9.8803365e-01
   4.6435449e-01   0.0000000e+00   1.1787521e-02   9.8821248e-01
   4.6448769e-01   0.0000000e+00   1.0531526e-02   9.8946847e-01
   4.6487457e-01   0.0000000e+00   1.2162092e-02   9.8783791e-01
   4.6459222e-01   0.0000000e+00   1.1782860e-02   9.8821714e-01
   4.6546957e-01   0.0000000e+00   1.1871330e-02   9.8812867e-01
   4.6424313e-01   0.0000000e+00   1.1856870e-02   9.8814313e-01
   4.6436203e-01   0.0000000e+00   1.1961256e-02   9.8803874e-01
   4.6452277e-01   0.0000000e+00   1.1742611e-02   9.8825739e-01
   4.6423439e-01   0.0000000e+00   1.2067951e-02   9.8793205e-01
   4.6435857e-01   0.0000000e+00   1.1911798e-02   9.8808820e-01
   4.6457399e-01   0.0000000e+00   1.1893665e-02   9.8810634e-01
   4.6466188e-01   0.0000000e+00   1.2191929e-02   9.8780807e-01
   4.6433519e-01   0.0000000e+00   1.1611462e-02   9.8838854e-01
   4.6443902e-01   0.0000000e+00   1.1879694e-02   9.8812031e-01
   4.6443106e-01   0.0000000e+00   1.1845922e-02   9.8815408e-01
   4.6406707e-01   0.0000000e+00   1.2177920e-02   9.8782208e-01
   4.6490881e-01   0.0000000e+00   1.1819218e-02   9.8818078e-01
   4.6386299e-01   0.0000000e+00   1.2787706e-02   9.8721229e-01
   4.6438473e-01   0.0000000e+00   1.2348895e-02   9.8765111e-01
   4.6441201e-01   0.0000000e+00   1.2050382e-02   9.8794962e-01
   4.6547581e-01   0.0000000e+00   1.2078252e-02   9.8792175e-01
   4.6473468e-01   0.0000000e+00   1.2320802e-02   9.8767920e-01
   4.6448608e-01   0.0000000e+00   1.2196192e-02   9.8780381e-01
   4.6494689e-01   0.0000000e+00   1.2319860e-02   9.8768014e-01
   4.6526148e-01   0.0000000e+00   1.2170918e-02   9.8782908e-01
   4.6462566e-01   0.0000000e+00   1.2179213e-02   9.8782079e-01
   4.6453948e-01   0.0000000e+00   1.2029144e-02   9.8797086e-01
   4.6769567e-01   0.0000000e+00   1.1784561e-02   9.8821544e-01
   4.6405287e-01   0.0000000e+00   1.1600676e-02   9.8839932e-01
   4.6473830e-01   0.0000000e+00   1.2316178e-02   9.8768382e-01
   4.6436723e-01   0.0000000e+00   1.2151157e-02   9.8784884e-01
   4.6443551e-01   0.0000000e+00   1.2422424e-02   9.8757758e-01
   4.6467713e-01   0.0000000e+00   1.2443414e-02   9.8755659e-01
   4.6424726e-01   0.0000000e+00   1.2312396e-02   9.8768760e-01
   4.6439368e-01   0.0000000e+00   1.2488153e-02   9.8751185e-01
   4.6523391e-01   0.0000000e+00   1.2032336e-02   9.8796766e-01
   4.6407121e-01   0.0000000e+00   1.2188446e-02   9.8781155e-01
   4.6427527e-01   0.0000000e+00   1.2696527e-02   9.8730347e-01
   4.6403211e-01   0.0000000e+00   1.3115400e-02   9.8688460e-01
   4.6455339e-01   0.0000000e+00   1.2344712e-02   9.8765529e-01
   4.6414553e-01   0.0000000e+00   1.2642231e-02   9.8735777e-01
   4.6396100e-01   0.0000000e+00   1.2636599e-02   9.8736340e-01
   4.6406384e-01   0.0000000e+00   1.2592585e-02   9.8740741e-01
   4.6602186e-01   0.0000000e+00   1.2759753e-02   9.8724025e-01
   4.6393199e-01   0.0000000e+00   1.2793973e-02   9.8720603e-01
   4.6420155e-01   0.0000000e+00   1.2591569e-02   9.8740843e-01
   4.6466967e-01   0.0000000e+00   1.2796804e-02   9.8720320e-01
   4.6424751e-01   0.0000000e+00   1.2618626e-02   9.8738137e-01
   4.6377177e-01   0.0000000e+00   1.2349211e-02   9.8765079e-01
   4.6329904e-01   0.0000000e+00   1.4337110e-02   9.8566289e-01
   4.6439958e-01   0.0000000e+00   1.2531285e-02   9.8746871e-01
   4.6412176e-01   0.0000000e+00   1.2986031e-02   9.8701397e-01
   4.6387556e-01   0.0000000e+00   1.2897378e-02   9.8710262e-01
   4.6379231e-01   0.0000000e+00   1.2776466e-02   9.8722353e-01
   4.6356228e-01   0.0000000e+00   1.2856086e-02   9.8714391e-01
   4.6372144e-01   0.0000000e+00   1.3150028e-02   9.8684997e-01
   4.6371064e-01   0.0000000e+00   1.2695250e-02   9.8730475e-01
   4.6369532e-01   0.0000000e+00   1.2788231e-02   9.8721177e-01
   4.6387723e-01   0.0000000e+00   1.2914997e-02   9.8708500e-01
   4.6786477e-01   0.0000000e+00   1.3604711e-02   9.8639529e-01
   4.6388180e-01   0.0000000e+00   1.2843688e-02   9.8715631e-01
   4.6439694e-01   0.0000000e+00   1.3009565e-02   9.8699043e-01
   4.6354488e-01   0.0000000e+00   1.3185526e-02   9.8681447e-01
   4.6347131e-01   0.0000000e+00   1.2951647e-02   9.8704835e-01
   4.6513960e-01   0.0000000e+00   1.3597934e-02   9.8640207e-01
   4.6341252e-01   0.0000000e+00   1.3508489e-02   9.8649151e-01
   4.6356219e-01   0.0000000e+00   1.3298204e-02   9.8670180e-01
   4.6339264e-01   0.0000000e+00   1.2974781e-02   9.8702522e-01
   4.6413363e-01   0.0000000e+00   1.2939924e-02   9.8706008e-01
   4.6338438e-01   0.0000000e+00   1.3363328e-02   9.8663667e-01
   4.6451837e-01   0.0000000e+00   1.3097517e-02   9.8690248e-01
   4.6339224e-01   0.0000000e+00   1.2897664e-02   9.8710234e-01
   4.6319347e-01   0.0000000e+00   1.3355932e-02   9.8664407e-01
   4.6563222e-01   0.0000000e+00   1.2531699e-02   9.8746830e-01
   4.6307740e-01   0.0000000e+00   1.3210446e-02   9.8678955e-01
   4.6325526e-01   0.0000000e+00   1.3474055e-02   9.8652595e-01
   4.6181724e-01   0.0000000e+00   1.2595514e-02   9.8740449e-01
   4.6338825e-01   0.0000000e+00   1.3293075e-02   9.8670692e-01
   4.6296559e-01   0.0000000e+00   1.4057309e-02   9.8594269e-01
   4.6306621e-01   0.0000000e+00   1.3496290e-02   9.8650371e-01
   4.6286325e-01   0.0000000e+00   1.3980901e-02   9.8601910e-01
   4.6290263e-01   0.0000000e+00   1.3804933e-02   9.8619507e-01
   4.6270045e-01   0.0000000e+00   1.3483593e-02   9.8651641e-01
   4.6275056e-01   0.0000000e+00   1.4260722e-02   9.8573928e-01
   4.6316116e-01   0.0000000e+00   1.2803483e-02   9.8719652e-01
   4.6262287e-01   0.0000000e+00   1.3449367e-02   9.8655063e-01
   4.6462663e-01   0.0000000e+00   1.2887194e-02   9.8711281e-01
   4.6699024e-01   0.0000000e+00   1.4165029e-02   9.8583497e-01
   4.6264392e-01   0.0000000e+00   1.3940536e-02   9.8605946e-01
   4.6254005e-01   0.0000000e+00   1.3792312e-02   9.8620769e-01
   4.6097275e-01   0.0000000e+00   1.0988434e-02   9.8901157e-01
   4.6255836e-01   0.0000000e+00   1.4386523e-02   9.8561348e-01
   4.6233866e-01   0.0000000e+00   1.7371219e-02   9.8262878e-01
   4.6376935e-01   0.0000000e+00   1.4105764e-02   9.8589424e-01
   4.6254650e-01   0.0000000e+00   1.4594294e-02   9.8540571e-01
   4.6719658e-01   0.0000000e+00   1.1506745e-02   9.8849325e-01
   4.6223399e-01   0.0000000e+00   1.3962084e-02   9.8603792e-01
   4.6002017e-01   0.0000000e+00   1.1895517e-02   9.8810448e-01
   4.6499723e-01   0.0000000e+00   1.4130258e-02   9.8586974e-01
   4.6276431e-01   0.0000000e+00   1.3712673e-02   9.8628733e-01
   4.6235982e-01   0.0000000e+00   1.4885627e-02   9.8511437e-01
   4.6270390e-01   0.0000000e+00   1.4681663e-02   9.8531834e-01
   4.6248217e-01   0.0000000e+00   1.4756976e-02   9.8524302e-01
   4.6193333e-01   0.0000000e+00   1.2985018e-02   9.8701498e-01
   4.6384685e-01   0.0000000e+00   1.4504627e-02   9.8549537e-01
   4.6216975e-01   0.0000000e+00   1.5149077e-02   9.8485092e-01
   4.6252305e-01   0.0000000e+00   1.4242715e-02   9.8575729e-01
   4.6356123e-01   0.0000000e+00   1.4079041e-02   9.8592096e-01
   4.6124020e-01   0.0000000e+00   1.3871784e-02   9.8612822e-01
   4.6183949e-01   0.0000000e+00   1.4812085e-02   9.8518791e-01
   4.6026608e-01   0.0000000e+00   1.1232985e-02   9.8876702e-01
   4.6179812e-01   0.0000000e+00   1.5118689e-02   9.8488131e-01
   4.6159063e-01   0.0000000e+00   1.3958698e-02   9.8604130e-01
   4.6160872e-01   0.0000000e+00   1.5442981e-02   9.8455702e-01
   4.6037594e-01   0.0000000e+00   1.2251598e-02   9.8774840e-01
   4.6324340e-01   0.0000000e+00   1.4755839e-02   9.8524416e-01
   4.6192663e-01   0.0000000e+00   1.6470849e-02   9.8352915e-01
   4.6807435e-01   0.0000000e+00   1.4990753e-02   9.8500925e-01
   4.6743565e-01   0.0000000e+00   1.6662197e-02   9.8333780e-01
   4.6099584e-01   0.0000000e+00   1.5212435e-02   9.8478757e-01
   4.5889424e-01   0.0000000e+00   1.1762261e-02   9.8823774e-01
   4.6062944e-01   0.0000000e+00   1.6197174e-02   9.8380283e-01
   4.6265508e-01   0.0000000e+00   1.4186499e-02   9.8581350e-01
   4.6215930e-01   0.0000000e+00   1.6363876e-02   9.8363612e-01
   4.6174170e-01   0.0000000e+00   1.5276661e-02   9.8472334e-01
   4.6106282e-01   0.0000000e+00   1.5883633e-02   9.8411637e-01
   4.6177302e-01   0.0000000e+00   1.6102877e-02   9.8389712e-01
   4.6367412e-01   0.0000000e+00   1.5722324e-02   9.8427768e-01
   4.6036177e-01   0.0000000e+00   1.5949195e-02   9.8405081e-01
   4.6127149e-01   0.0000000e+00   1.2607284e-02   9.8739272e-01
   4.6020590e-01   0.0000000e+00   1.6639437e-02   9.8336056e-01
   4.6073285e-01   0.0000000e+00   1.4054435e-02   9.8594556e-01
   4.6247803e-01   0.0000000e+00   1.6318591e-02   9.8368141e-01
   4.6039253e-01   0.0000000e+00   1.6429375e-02   9.8357062e-01
   4.6063213e-01   0.0000000e+00   1.7360940e-02   9.8263906e-01
   4.5990803e-01   0.0000000e+00   1.7408658e-02   9.8259134e-01
   4.5910186e-01   0.0000000e+00   1.3970523e-02   9.8602948e-01
   4.6365450e-01   0.0000000e+00   1.6083198e-02   9.8391680e-01
   4.5601050e-01   0.0000000e+00   1.5917659e-02   9.8408234e-01
   4.5846846e-01   0.0000000e+00   1.5856264e-02   9.8414374e-01
   4.5924903e-01   0.0000000e+00   1.8408748e-02   9.8159125e-01
   4.6030175e-01   0.0000000e+00   1.5339479e-02   9.8466052e-01
   4.6250534e-01   0.0000000e+00   1.6023047e-02   9.8397695e-01
   4.5994661e-01   0.0000000e+00   1.7811765e-02   9.8218823e-01
   4.5920164e-01   0.0000000e+00   1.7957818e-02   9.8204218e-01
   4.5905143e-01   0.0000000e+00   1.7504772e-02   9.8249523e-01
   4.5942221e-01   0.0000000e+00   1.9118180e-02   9.8088182e-01
   4.5802098e-01   0.0000000e+00   1.7180929e-02   9.8281907e-01
   4.6438619e-01   0.0000000e+00   1.7242465e-02   9.8275754e-01
   4.6247073e-01   0.0000000e+00   1.4468470e-02   9.8553153e-01
   4.5772656e-01   0.0000000e+00   1.8115338e-02   9.8188466e-01
   4.5978706e-01   0.0000000e+00   1.9029159e-02   9.8097084e-01
   4.6035219e-01   0.0000000e+00   1.7573856e-02   9.8242614e-01
   4.5763253e-01   0.0000000e+00   1.7320105e-02   9.8267989e-01
   4.6010889e-01   0.0000000e+00   1.8650038e-02   9.8134996e-01
   4.5851119e-01   0.0000000e+00   1.7651483e-02   9.8234852e-01
   4.6300918e-01   0.0000000e+00   1.0483718e-02   9.8951628e-01
   4.6307705e-01   0.0000000e+00   1.0577401e-02   9.8942260e-01
   4.6389526e-01   0.0000000e+00   1.0463506e-02   9.8953649e-01
   4.6434701e-01   0.0000000e+00   1.0514201e-02   9.8948580e-01
   4.6380551e-01   0.0000000e+00   1.0753564e-02   9.8924644e-01
   4.5767454e-01   0.0000000e+00   1.7755530e-02   9.8224447e-01
   4.6401939e-01   0.0000000e+00   1.0583573e-02   9.8941643e-01
   4.6416909e-01   0.0000000e+00   1.1638107e-02   9.8836189e-01
   4.6005658e-01   0.0000000e+00   1.8955468e-02   9.8104453e-01
   4.6165533e-01   0.0000000e+00   1.6858404e-02   9.8314160e-01
   4.6378574e-01   0.0000000e+00   1.0852606e-02   9.8914739e-01
   4.5735386e-01   0.0000000e+00   2.0626964e-02   9.7937304e-01
   4.5668132e-01   0.0000000e+00   2.0015414e-02   9.7998459e-01
   4.6121766e-01   0.0000000e+00   1.9208802e-02   9.8079120e-01
   4.6023740e-01   0.0000000e+00   1.9427549e-02   9.8057245e-01
   4.5708049e-01   0.0000000e+00   1.9607038e-02   9.8039296e-01
   4.5894830e-01   0.0000000e+00   2.0958313e-02   9.7904169e-01
   4.5939797e-01   0.0000000e+00   1.9424926e-02   9.8057507e-01
   4.5960714e-01   0.0000000e+00   1.7526195e-02   9.8247381e-01
   4.5746783e-01   0.0000000e+00   2.0397979e-02   9.7960202e-01
   4.5771939e-01   0.0000000e+00   2.1163857e-02   9.7883614e-01
   4.6045346e-01   0.0000000e+00   1.9348139e-02   9.8065186e-01
   4.6309274e-01   0.0000000e+00   1.6848319e-02   9.8315168e-01
   4.5708704e-01   0.0000000e+00   2.1242358e-02   9.7875764e-01
   4.5806082e-01   0.0000000e+00   2.1012765e-02   9.7898724e-01
   4.6130250e-01   0.0000000e+00   1.9857530e-02   9.8014247e-01
   4.5762285e-01   0.0000000e+00   2.0171264e-02   9.7982874e-01
   4.5676131e-01   0.0000000e+00   2.0235163e-02   9.7976484e-01
   4.6024013e-01   0.0000000e+00   1.9742335e-02   9.8025766e-01
   4.5928766e-01   0.0000000e+00   1.9881418e-02   9.8011858e-01
   4.5437635e-01   0.0000000e+00   2.3224170e-02   9.7677583e-01
   4.5950048e-01   0.0000000e+00   2.1080070e-02   9.7891993e-01
   4.5965352e-01   0.0000000e+00   2.0367933e-02   9.7963207e-01
   4.5956295e-01   0.0000000e+00   2.1026356e-02   9.7897364e-01
   4.5894975e-01   0.0000000e+00   2.0329049e-02   9.7967095e-01
   4.5627113e-01   0.0000000e+00   2.2625855e-02   9.7737415e-01
   4.5703858e-01   0.0000000e+00   2.1896942e-02   9.7810306e-01
   4.6132698e-01   0.0000000e+00   1.9376414e-02   9.8062359e-01
   4.6096836e-01   0.0000000e+00   2.0132323e-02   9.7986768e-01
   4.5971015e-01   0.0000000e+00   1.9622694e-02   9.8037731e-01
   4.5959411e-01   0.0000000e+00   2.1851608e-02   9.7814839e-01
   4.5693410e-01   0.0000000e+00   2.1171093e-02   9.7882891e-01
   4.5974673e-01   0.0000000e+00   2.0267891e-02   9.7973211e-01
   4.5685464e-01   0.0000000e+00   2.2053422e-02   9.7794658e-01
   4.6259492e-01   0.0000000e+00   1.9531692e-02   9.8046831e-01
   4.6082999e-01   0.0000000e+00   2.0217563e-02   9.7978244e-01
   4.6201003e-01   0.0000000e+00   1.8793759e-02   9.8120624e-01
   4.5945835e-01   0.0000000e+00   2.2460334e-02   9.7753967e-01
   4.6097098e-01   0.0000000e+00   2.1079250e-02   9.7892075e-01
   4.5839939e-01   0.0000000e+00   2.0881680e-02   9.7911832e-01
   4.5959835e-01   0.0000000e+00   2.2006543e-02   9.7799346e-01
   4.5941723e-01   0.0000000e+00   2.0642924e-02   9.7935708e-01
   4.5769957e-01   0.0000000e+00   2.2646667e-02   9.7735333e-01
   4.5520904e-01   0.0000000e+00   2.4334756e-02   9.7566524e-01
   4.6253184e-01   0.0000000e+00   1.9629546e-02   9.8037045e-01
   4.5474668e-01   0.0000000e+00   2.2622935e-02   9.7737707e-01
   4.5924118e-01   0.0000000e+00   2.1660667e-02   9.7833933e-01
   4.6221897e-01   0.0000000e+00   1.8739760e-02   9.8126024e-01
   4.6127232e-01   0.0000000e+00   1.9416786e-02   9.8058321e-01
   4.6141400e-01   0.0000000e+00   1.9801752e-02   9.8019825e-01
   4.6461359e-01   0.0000000e+00   1.7723943e-02   9.8227606e-01
   4.5519746e-01   0.0000000e+00   2.3296606e-02   9.7670339e-01
   4.5943633e-01   0.0000000e+00   2.1058804e-02   9.7894120e-01
   4.5832649e-01   0.0000000e+00   2.0576924e-02   9.7942308e-01
   4.6089041e-01   0.0000000e+00   1.8257247e-02   9.8174275e-01
   4.6195075e-01   0.0000000e+00   2.0241407e-02   9.7975859e-01
   4.6067709e-01   0.0000000e+00   1.9752358e-02   9.8024764e-01
   4.5962246e-01   0.0000000e+00   2.1539575e-02   9.7846043e-01
   4.6112098e-01   0.0000000e+00   1.9966152e-02   9.8003385e-01
   4.6433708e-01   0.0000000e+00   1.9402478e-02   9.8059752e-01
   4.6631502e-01   0.0000000e+00   1.5967422e-02   9.8403258e-01
   4.5710255e-01   0.0000000e+00   2.4260908e-02   9.7573909e-01
   4.5783292e-01   0.0000000e+00   2.1707817e-02   9.7829218e-01
   4.6161239e-01   0.0000000e+00   1.9689939e-02   9.8031006e-01
   4.6290488e-01   0.0000000e+00   2.0453418e-02   9.7954658e-01
   4.5806427e-01   0.0000000e+00   2.2134747e-02   9.7786525e-01
   4.6540706e-01   0.0000000e+00   1.8676183e-02   9.8132382e-01
   4.5763631e-01   0.0000000e+00   2.2152007e-02   9.7784799e-01
   4.6414723e-01   0.0000000e+00   1.8623887e-02   9.8137611e-01
   4.6047574e-01   0.0000000e+00   2.0975004e-02   9.7902500e-01
   4.6252686e-01   0.0000000e+00   1.8899042e-02   9.8110096e-01
   4.5996139e-01   0.0000000e+00   2.2503985e-02   9.7749601e-01
   4.5152220e-01   0.0000000e+00   2.6203518e-02   9.7379648e-01
   4.6412213e-01   0.0000000e+00   1.8017673e-02   9.8198233e-01
   4.6338795e-01   0.0000000e+00   2.0115041e-02   9.7988496e-01
   4.6595405e-01   0.0000000e+00   1.7324646e-02   9.8267535e-01
   4.7100160e-01   0.0000000e+00   1.2217734e-02   9.8778227e-01
   4.5429722e-01   0.0000000e+00   2.4400019e-02   9.7559998e-01
   4.6819972e-01   0.0000000e+00   1.7965593e-02   9.8203441e-01
   4.6668179e-01   0.0000000e+00   1.8203834e-02   9.8179617e-01
   4.5410241e-01   0.0000000e+00   2.3714364e-02   9.7628564e-01
   4.6364802e-01   0.0000000e+00   1.8651355e-02   9.8134865e-01
   4.6102226e-01   0.0000000e+00   2.3499745e-02   9.7650025e-01
   4.6435367e-01   0.0000000e+00   1.9758318e-02   9.8024168e-01
   4.5411325e-01   0.0000000e+00   2.2926926e-02   9.7707307e-01
   4.5896900e-01   0.0000000e+00   2.3269060e-02   9.7673094e-01
   4.5745704e-01   0.0000000e+00   2.1992199e-02   9.7800780e-01
   4.6568201e-01   0.0000000e+00   1.6454686e-02   9.8354531e-01
   4.6295743e-01   0.0000000e+00   1.9494416e-02   9.8050558e-01
   4.6406728e-01   0.0000000e+00   1.9232493e-02   9.8076751e-01
   4.6394762e-01   0.0000000e+00   1.8779032e-02   9.8122097e-01
   4.6469953e-01   0.0000000e+00   2.0352825e-02   9.7964717e-01
   4.6845481e-01   0.0000000e+00   1.6768388e-02   9.8323161e-01
   4.6758250e-01   0.0000000e+00   1.9382140e-02   9.8061786e-01
   4.7034465e-01   0.0000000e+00   1.5329652e-02   9.8467035e-01
   4.5747174e-01   0.0000000e+00   2.3286731e-02   9.7671327e-01
   4.6622690e-01   0.0000000e+00   1.5790845e-02   9.8420915e-01
   4.6277349e-01   0.0000000e+00   2.1706913e-02   9.7829309e-01
   4.6622827e-01   0.0000000e+00   1.8123789e-02   9.8187621e-01
   4.5777485e-01   0.0000000e+00   2.4475558e-02   9.7552444e-01
   4.6725484e-01   0.0000000e+00   1.6628512e-02   9.8337149e-01
   4.6043237e-01   0.0000000e+00   2.3202833e-02   9.7679717e-01
   4.5840182e-01   0.0000000e+00   2.5250814e-02   9.7474919e-01
   4.6822653e-01   0.0000000e+00   1.6412556e-02   9.8358744e-01
   4.6389789e-01   0.0000000e+00   1.9894492e-02   9.8010551e-01
   4.6610112e-01   0.0000000e+00   1.8657329e-02   9.8134267e-01
   4.6856845e-01   0.0000000e+00   1.2429357e-02   9.8757064e-01
   4.6054101e-01   0.0000000e+00   2.1500455e-02   9.7849955e-01
   4.6434530e-01   0.0000000e+00   2.1221669e-02   9.7877833e-01
   4.5894342e-01   0.0000000e+00   2.8369471e-02   9.7163053e-01
   4.7096974e-01   0.0000000e+00   1.6232780e-02   9.8376722e-01
   4.6439268e-01   0.0000000e+00   1.8658557e-02   9.8134144e-01
   4.6992490e-01   0.0000000e+00   1.4574487e-02   9.8542551e-01
   4.6531207e-01   0.0000000e+00   1.7752213e-02   9.8224779e-01
   4.6946709e-01   0.0000000e+00   1.6443532e-02   9.8355647e-01
   4.7172146e-01   0.0000000e+00   1.5660270e-02   9.8433973e-01
   4.6954551e-01   0.0000000e+00   1.5545823e-02   9.8445418e-01
   4.6708952e-01   0.0000000e+00   1.7750607e-02   9.8224939e-01
   4.6864514e-01   0.0000000e+00   1.6481994e-02   9.8351801e-01
   4.6687239e-01   0.0000000e+00   1.6736646e-02   9.8326335e-01
   4.6959333e-01   0.0000000e+00   1.6375490e-02   9.8362451e-01
   4.7027620e-01   0.0000000e+00   1.5511639e-02   9.8448836e-01
   4.6224111e-01   0.0000000e+00   1.9775578e-02   9.8022442e-01
   4.6820633e-01   0.0000000e+00   1.8481372e-02   9.8151863e-01
   4.6764953e-01   0.0000000e+00   1.7424297e-02   9.8257570e-01
   4.7103383e-01   0.0000000e+00   1.4273652e-02   9.8572635e-01
   4.6994413e-01   0.0000000e+00   1.5177469e-02   9.8482253e-01
   4.6982111e-01   0.0000000e+00   1.4869319e-02   9.8513068e-01
   4.7119365e-01   0.0000000e+00   1.4522152e-02   9.8547785e-01
   4.6960966e-01   0.0000000e+00   1.6855619e-02   9.8314438e-01
   4.6966206e-01   0.0000000e+00   1.6334031e-02   9.8366597e-01
   4.7226315e-01   0.0000000e+00   1.6208573e-02   9.8379143e-01
   4.7191641e-01   0.0000000e+00   1.5075776e-02   9.8492422e-01
   4.6927430e-01   0.0000000e+00   1.5468878e-02   9.8453112e-01
   4.7059289e-01   0.0000000e+00   1.5034006e-02   9.8496599e-01
   4.6908318e-01   0.0000000e+00   1.6756803e-02   9.8324320e-01
   4.7184858e-01   0.0000000e+00   1.5244430e-02   9.8475557e-01
   4.7053500e-01   0.0000000e+00   1.4280957e-02   9.8571904e-01
   4.6899405e-01   0.0000000e+00   1.3878455e-02   9.8612154e-01
   4.7075965e-01   0.0000000e+00   1.4600302e-02   9.8539970e-01
   4.7054410e-01   0.0000000e+00   1.5217583e-02   9.8478242e-01
   4.7118114e-01   0.0000000e+00   1.4619915e-02   9.8538008e-01
   4.6790923e-01   0.0000000e+00   1.6156549e-02   9.8384345e-01
   4.7034458e-01   0.0000000e+00   1.5653610e-02   9.8434639e-01
   4.7073396e-01   0.0000000e+00   1.5100391e-02   9.8489961e-01
   4.7109630e-01   0.0000000e+00   1.4004771e-02   9.8599523e-01
   4.7528125e-01   0.0000000e+00   1.4213255e-02   9.8578675e-01
   4.7418771e-01   0.0000000e+00   1.4215475e-02   9.8578453e-01
   4.7472527e-01   0.0000000e+00   1.4033108e-02   9.8596689e-01
   4.7073361e-01   0.0000000e+00   1.3558423e-02   9.8644158e-01
   4.7080312e-01   0.0000000e+00   1.6666006e-02   9.8333399e-01
   4.7134164e-01   0.0000000e+00   1.5010241e-02   9.8498976e-01
   4.6748070e-01   0.0000000e+00   1.8610863e-02   9.8138914e-01
   4.7060277e-01   0.0000000e+00   1.5191509e-02   9.8480849e-01
   4.7701121e-01   0.0000000e+00   1.0986273e-02   9.8901373e-01
   4.7161414e-01   0.0000000e+00   1.3827123e-02   9.8617288e-01
   4.7430651e-01   0.0000000e+00   1.5047024e-02   9.8495298e-01
   4.6957587e-01   0.0000000e+00   1.6001538e-02   9.8399846e-01
   4.6580442e-01   0.0000000e+00   1.7338330e-02   9.8266167e-01
   4.7105132e-01   0.0000000e+00   1.5049813e-02   9.8495019e-01
   4.7653257e-01   0.0000000e+00   1.0795793e-02   9.8920421e-01
   4.7305413e-01   0.0000000e+00   1.7094471e-02   9.8290553e-01
   4.7192107e-01   0.0000000e+00   1.4648667e-02   9.8535133e-01
   4.7037238e-01   0.0000000e+00   1.5768037e-02   9.8423196e-01
   4.8000255e-01   0.0000000e+00   1.9695531e-02   9.8030447e-01
   4.6980427e-01   0.0000000e+00   1.4477924e-02   9.8552208e-01
   4.7376034e-01   0.0000000e+00   1.5585626e-02   9.8441437e-01
   4.7141128e-01   0.0000000e+00   1.5104605e-02   9.8489540e-01
   4.7166512e-01   0.0000000e+00   1.4903185e-02   9.8509682e-01
   4.7098391e-01   0.0000000e+00   1.4891505e-02   9.8510850e-01
   4.7595680e-01   0.0000000e+00   1.1530983e-02   9.8846902e-01
   4.7088827e-01   0.0000000e+00   1.5316385e-02   9.8468362e-01
   4.7359699e-01   0.0000000e+00   1.3298507e-02   9.8670149e-01
   4.6073835e-01   0.0000000e+00   2.2312441e-02   9.7768756e-01
   4.6995544e-01   0.0000000e+00   1.2297061e-02   9.8770294e-01
   4.7048143e-01   0.0000000e+00   1.5288353e-02   9.8471165e-01
   4.7053466e-01   0.0000000e+00   1.5328212e-02   9.8467179e-01
   4.7034483e-01   0.0000000e+00   1.5342999e-02   9.8465700e-01
   4.6926139e-01   0.0000000e+00   1.4243115e-02   9.8575688e-01
   4.6861344e-01   0.0000000e+00   1.6455224e-02   9.8354478e-01
   4.7085584e-01   0.0000000e+00   1.4629842e-02   9.8537016e-01
   4.7782014e-01   0.0000000e+00   1.1934812e-02   9.8806519e-01
   4.8146263e-01   0.0000000e+00   1.7129246e-02   9.8287075e-01
   4.7487465e-01   0.0000000e+00   1.4270496e-02   9.8572950e-01
   4.6757882e-01   0.0000000e+00   1.7166139e-02   9.8283386e-01
   4.7018654e-01   0.0000000e+00   1.5642449e-02   9.8435755e-01
   4.6962941e-01   0.0000000e+00   1.6192628e-02   9.8380737e-01
   4.6851594e-01   0.0000000e+00   1.5340549e-02   9.8465945e-01
   4.6884213e-01   0.0000000e+00   1.5406470e-02   9.8459353e-01
   4.7628614e-01   0.0000000e+00   1.1089922e-02   9.8891008e-01
   4.7558378e-01   0.0000000e+00   1.4398021e-02   9.8560198e-01
   4.7016093e-01   0.0000000e+00   1.8473596e-02   9.8152640e-01
   4.7737318e-01   0.0000000e+00   1.2513434e-02   9.8748657e-01
   4.6877863e-01   0.0000000e+00   1.5499320e-02   9.8450068e-01
   4.6833636e-01   0.0000000e+00   1.6694243e-02   9.8330576e-01
   4.7527461e-01   0.0000000e+00   1.5487134e-02   9.8451287e-01
   4.6829668e-01   0.0000000e+00   1.6331500e-02   9.8366850e-01
   4.7303612e-01   0.0000000e+00   1.5268130e-02   9.8473187e-01
   4.6954114e-01   0.0000000e+00   1.5765099e-02   9.8423490e-01
   4.6995147e-01   0.0000000e+00   1.4519415e-02   9.8548058e-01
   4.7577784e-01   0.0000000e+00   1.5988518e-02   9.8401148e-01
   4.6804946e-01   0.0000000e+00   1.6344091e-02   9.8365591e-01
   4.6865878e-01   0.0000000e+00   1.6164527e-02   9.8383547e-01
   4.6799302e-01   0.0000000e+00   1.7294621e-02   9.8270538e-01
   4.6976706e-01   0.0000000e+00   1.6860294e-02   9.8313971e-01
   4.6682689e-01   0.0000000e+00   1.8116056e-02   9.8188394e-01
   4.6820520e-01   0.0000000e+00   1.7818975e-02   9.8218102e-01
   4.6865751e-01   0.0000000e+00   1.5446796e-02   9.8455320e-01
   4.7433203e-01   0.0000000e+00   1.3809821e-02   9.8619018e-01
   4.6564078e-01   0.0000000e+00   1.6715699e-02   9.8328430e-01
   4.6723456e-01   0.0000000e+00   1.7520325e-02   9.8247967e-01
   4.6775297e-01   0.0000000e+00   1.5561405e-02   9.8443860e-01
   4.6300065e-01   0.0000000e+00   1.8721590e-02   9.8127841e-01
   4.6860020e-01   0.0000000e+00   1.3901281e-02   9.8609872e-01
   4.6524117e-01   0.0000000e+00   1.6984155e-02   9.8301585e-01
   4.8095732e-01   0.0000000e+00   1.9621272e-02   9.8037873e-01
   4.6613895e-01   0.0000000e+00   1.5509883e-02   9.8449012e-01
   4.8339365e-01   0.0000000e+00   1.7763381e-02   9.8223662e-01
   4.7419571e-01   0.0000000e+00   1.3505326e-02   9.8649467e-01
   4.6715942e-01   0.0000000e+00   1.5114365e-02   9.8488564e-01
   4.6422297e-01   0.0000000e+00   1.8430797e-02   9.8156920e-01
   4.6808940e-01   0.0000000e+00   1.4741947e-02   9.8525805e-01
   4.6555500e-01   0.0000000e+00   1.6326956e-02   9.8367304e-01
   4.6781354e-01   0.0000000e+00   1.9635897e-02   9.8036410e-01
   4.6613065e-01   0.0000000e+00   1.8845299e-02   9.8115470e-01
   4.6403755e-01   0.0000000e+00   1.8431861e-02   9.8156814e-01
   4.8049432e-01   0.0000000e+00   1.6999103e-02   9.8300090e-01
   4.7139876e-01   0.0000000e+00   1.6184961e-02   9.8381504e-01
   4.6173321e-01   0.0000000e+00   1.7889089e-02   9.8211091e-01
   4.6518897e-01   0.0000000e+00   1.4982536e-02   9.8501746e-01
   4.6308218e-01   0.0000000e+00   1.7311341e-02   9.8268866e-01
   4.6266387e-01   0.0000000e+00   2.0387503e-02   9.7961250e-01
   4.6268651e-01   0.0000000e+00   1.8059696e-02   9.8194030e-01
   4.8060404e-01   0.0000000e+00   1.7851051e-02   9.8214895e-01
   4.6400537e-01   0.0000000e+00   1.8015333e-02   9.8198467e-01
   4.8044803e-01   0.0000000e+00   1.8152958e-02   9.8184704e-01
   4.6476150e-01   0.0000000e+00   1.7846952e-02   9.8215305e-01
   4.8586563e-01   0.0000000e+00   1.4276280e-02   9.8572372e-01
   4.7737085e-01   0.0000000e+00   2.1394706e-02   9.7860529e-01
   4.7969036e-01   0.0000000e+00   1.8719516e-02   9.8128048e-01
   4.8485185e-01   0.0000000e+00   1.6867709e-02   9.8313229e-01
   4.6509126e-01   0.0000000e+00   1.5450666e-02   9.8454933e-01
   4.8585200e-01   0.0000000e+00   1.5382738e-02   9.8461726e-01
   4.6263968e-01   0.0000000e+00   2.0113226e-02   9.7988677e-01
   4.6321015e-01   0.0000000e+00   1.6867438e-02   9.8313256e-01
   4.6116482e-01   0.0000000e+00   1.8637227e-02   9.8136277e-01
   4.6469851e-01   0.0000000e+00   1.7589636e-02   9.8241036e-01
   4.6492241e-01   0.0000000e+00   1.6150110e-02   9.8384989e-01
   4.8808384e-01   0.0000000e+00   1.4587768e-02   9.8541223e-01
   4.6503490e-01   0.0000000e+00   1.8248799e-02   9.8175120e-01
   4.6287643e-01   0.0000000e+00   1.5391640e-02   9.8460836e-01
   4.6724042e-01   0.0000000e+00   1.3177431e-02   9.8682257e-01
   4.6582006e-01   0.0000000e+00   1.6219140e-02   9.8378086e-01
   4.8504501e-01   0.0000000e+00   1.7321048e-02   9.8267895e-01
   4.9081315e-01   0.0000000e+00   1.3510494e-02   9.8648951e-01
   4.7836879e-01   0.0000000e+00   2.0395053e-02   9.7960495e-01
   4.6042283e-01   0.0000000e+00   1.8813743e-02   9.8118626e-01
   4.9036652e-01   0.0000000e+00   1.4084680e-02   9.8591532e-01
   4.6131497e-01   0.0000000e+00   1.6616973e-02   9.8338303e-01
   4.7797181e-01   0.0000000e+00   1.4714225e-02   9.8528578e-01
   4.7685661e-01   0.0000000e+00   2.2881960e-02   9.7711804e-01
   4.8878297e-01   0.0000000e+00   1.6371890e-02   9.8362811e-01
   4.8678973e-01   0.0000000e+00   1.6918929e-02   9.8308107e-01
   4.5934941e-01   0.0000000e+00   2.1149936e-02   9.7885006e-01
   4.6254393e-01   0.0000000e+00   2.1587444e-02   9.7841256e-01
   4.5861504e-01   0.0000000e+00   2.4256589e-02   9.7574341e-01
   4.5372743e-01   0.0000000e+00   2.0610494e-02   9.7938951e-01
   4.5695996e-01   0.0000000e+00   2.4064136e-02   9.7593586e-01
   4.5641614e-01   0.0000000e+00   2.0893720e-02   9.7910628e-01
   4.9181111e-01   0.0000000e+00   1.3128848e-02   9.8687115e-01
   4.5732680e-01   0.0000000e+00   2.2633243e-02   9.7736676e-01
