   3.2323622e+00   0.0000000e+00   1.2735481e-02   9.8726452e-01
   3.2293035e+00   0.0000000e+00   1.2724177e-02   9.8727582e-01
   3.2309292e+00   0.0000000e+00   1.2734824e-02   9.8726518e-01
   3.2382006e+00   0.0000000e+00   1.2729936e-02   9.8727006e-01
   3.2027560e+00   0.0000000e+00   1.2794522e-02   9.8720548e-01
   3.2341077e+00   0.0000000e+00   1.2860059e-02   9.8713994e-01
   3.2078347e+00   0.0000000e+00   1.2829742e-02   9.8717026e-01
   3.2077158e+00   0.0000000e+00   1.2704552e-02   9.8729545e-01
   3.2269968e+00   0.0000000e+00   1.2748400e-02   9.8725160e-01
   3.2157737e+00   0.0000000e+00   1.2819260e-02   9.8718074e-01
   3.2258783e+00   0.0000000e+00   1.2817239e-02   9.8718276e-01
   3.2066444e+00   0.0000000e+00   1.2714242e-02   9.8728576e-01
   3.2314140e+00   0.0000000e+00   1.2819441e-02   9.8718056e-01
   3.2300323e+00   0.0000000e+00   1.2856089e-02   9.8714391e-01
   3.2138936e+00   0.0000000e+00   1.2921451e-02   9.8707855e-01
   3.2256455e+00   0.0000000e+00   1.2842762e-02   9.8715724e-01
   3.2008194e+00   0.0000000e+00   1.2702908e-02   9.8729709e-01
   3.2190297e+00   0.0000000e+00   1.3087371e-02   9.8691263e-01
   3.2098972e+00   0.0000000e+00   1.2900372e-02   9.8709963e-01
   3.2063102e+00   0.0000000e+00   1.2867089e-02   9.8713291e-01
   3.2165598e+00   0.0000000e+00   1.2747051e-02   9.8725295e-01
   3.2034264e+00   0.0000000e+00   1.2776074e-02   9.8722393e-01
   3.2300589e+00   0.0000000e+00   1.2820645e-02   9.8717935e-01
   3.2199511e+00   0.0000000e+00   1.2864766e-02   9.8713523e-01
   3.2196236e+00   0.0000000e+00   1.2793976e-02   9.8720602e-01
   3.2036218e+00   0.0000000e+00   1.2945162e-02   9.8705484e-01
   3.2179071e+00   0.0000000e+00   1.2954818e-02   9.8704518e-01
   3.2177188e+00   0.0000000e+00   1.2912300e-02   9.8708770e-01
   3.2265921e+00   0.0000000e+00   1.2839864e-02   9.8716014e-01
   3.2102485e+00   0.0000000e+00   1.2850567e-02   9.8714943e-01
   3.2347263e+00   0.0000000e+00   1.2792815e-02   9.8720718e-01
   3.2235016e+00   0.0000000e+00   1.2854230e-02   9.8714577e-01
   3.2151601e+00   0.0000000e+00   1.2769805e-02   9.8723019e-01
   3.2169846e+00   0.0000000e+00   1.2785957e-02   9.8721404e-01
   3.2146258e+00   0.0000000e+00   1.2855878e-02   9.8714412e-01
   3.2128046e+00   0.0000000e+00   1.2883268e-02   9.8711673e-01
   3.1948241e+00   0.0000000e+00   1.3114798e-02   9.8688520e-01
   3.2108748e+00   0.0000000e+00   1.2905452e-02   9.8709455e-01
   3.2162987e+00   0.0000000e+00   1.2991919e-02   9.8700808e-01
   3.2532118e+00   0.0000000e+00   1.2939259e-02   9.8706074e-01
   3.2241698e+00   0.0000000e+00   1.2897050e-02   9.8710295e-01
   3.2198543e+00   0.0000000e+00   1.2719551e-02   9.8728045e-01
   3.2140994e+00   0.0000000e+00   1.2734890e-02   9.8726511e-01
   3.2146154e+00   0.0000000e+00   1.2975228e-02   9.8702477e-01
   3.2100556e+00   0.0000000e+00   1.2968097e-02   9.8703190e-01
   3.2245812e+00   0.0000000e+00   1.2789338e-02   9.8721066e-01
   3.2135926e+00   0.0000000e+00   1.2919103e-02   9.8708090e-01
   3.2220746e+00   0.0000000e+00   1.2908877e-02   9.8709112e-01
   3.2088953e+00   0.0000000e+00   1.2889312e-02   9.8711069e-01
   3.2120193e+00   0.0000000e+00   1.2819044e-02   9.8718096e-01
   3.2125682e+00   0.0000000e+00   1.3058335e-02   9.8694167e-01
   3.2116776e+00   0.0000000e+00   1.2997667e-02   9.8700233e-01
   3.1885355e+00   0.0000000e+00   1.2818483e-02   9.8718152e-01
   3.2130992e+00   0.0000000e+00   1.3048432e-02   9.8695157e-01
   3.2113353e+00   0.0000000e+00   1.2974570e-02   9.8702543e-01
   3.2047590e+00   0.0000000e+00   1.3049066e-02   9.8695093e-01
   3.2131574e+00   0.0000000e+00   1.2971613e-02   9.8702839e-01
   3.2136682e+00   0.0000000e+00   1.3077341e-02   9.8692266e-01
   3.2095177e+00   0.0000000e+00   1.3013027e-02   9.8698697e-01
   3.2164880e+00   0.0000000e+00   1.2740950e-02   9.8725905e-01
   3.2118494e+00   0.0000000e+00   1.3105824e-02   9.8689418e-01
   3.2078942e+00   0.0000000e+00   1.2999528e-02   9.8700047e-01
   3.2174346e+00   0.0000000e+00   1.3077972e-02   9.8692203e-01
   3.2151141e+00   0.0000000e+00   1.3007980e-02   9.8699202e-01
   3.2061491e+00   0.0000000e+00   1.3020499e-02   9.8697950e-01
   3.2100933e+00   0.0000000e+00   1.3071103e-02   9.8692890e-01
   3.2225902e+00   0.0000000e+00   1.2905010e-02   9.8709499e-01
   3.2056047e+00   0.0000000e+00   1.3034769e-02   9.8696523e-01
   3.2084937e+00   0.0000000e+00   1.3184609e-02   9.8681539e-01
   3.2065323e+00   0.0000000e+00   1.2703208e-02   9.8729679e-01
   3.1898368e+00   0.0000000e+00   1.3074424e-02   9.8692558e-01
   3.2108178e+00   0.0000000e+00   1.3069626e-02   9.8693037e-01
   3.2083553e+00   0.0000000e+00   1.3136183e-02   9.8686382e-01
   3.1878502e+00   0.0000000e+00   1.3034939e-02   9.8696506e-01
   3.2168886e+00   0.0000000e+00   1.3036980e-02   9.8696302e-01
   3.2136103e+00   0.0000000e+00   1.3224781e-02   9.8677522e-01
   3.2279281e+00   0.0000000e+00   1.3009938e-02   9.8699006e-01
   3.2126083e+00   0.0000000e+00   1.3251020e-02   9.8674898e-01
   3.2156283e+00   0.0000000e+00   1.3072177e-02   9.8692782e-01
   3.2049185e+00   0.0000000e+00   1.3128274e-02   9.8687173e-01
   3.2101341e+00   0.0000000e+00   1.3138112e-02   9.8686189e-01
   3.1951452e+00   0.0000000e+00   1.3211810e-02   9.8678819e-01
   3.2094934e+00   0.0000000e+00   1.3265996e-02   9.8673400e-01
   3.2126451e+00   0.0000000e+00   1.3223378e-02   9.8677662e-01
   3.1982328e+00   0.0000000e+00   1.3123510e-02   9.8687649e-01
   3.2032414e+00   0.0000000e+00   1.2946236e-02   9.8705376e-01
   3.2131703e+00   0.0000000e+00   1.3188281e-02   9.8681172e-01
   3.2017664e+00   0.0000000e+00   1.3152110e-02   9.8684789e-01
   3.2143880e+00   0.0000000e+00   1.3199166e-02   9.8680083e-01
   3.2158460e+00   0.0000000e+00   1.3276697e-02   9.8672330e-01
   3.2375160e+00   0.0000000e+00   1.2872888e-02   9.8712711e-01
   3.2034503e+00   0.0000000e+00   1.3456142e-02   9.8654386e-01
   3.2239003e+00   0.0000000e+00   1.3152140e-02   9.8684786e-01
   3.2070219e+00   0.0000000e+00   1.3394664e-02   9.8660534e-01
   3.2057423e+00   0.0000000e+00   1.3245752e-02   9.8675425e-01
   3.1657263e+00   0.0000000e+00   1.3228082e-02   9.8677192e-01
   3.2063427e+00   0.0000000e+00   1.3370042e-02   9.8662996e-01
   3.2074221e+00   0.0000000e+00   1.3374332e-02   9.8662567e-01
   3.2105501e+00   0.0000000e+00   1.3360790e-02   9.8663921e-01
   3.2141540e+00   0.0000000e+00   1.3455541e-02   9.8654446e-01
   3.1930730e+00   0.0000000e+00   1.3541055e-02   9.8645895e-01
   3.2020100e+00   0.0000000e+00   1.3274781e-02   9.8672522e-01
   3.2157843e+00   0.0000000e+00   1.3568868e-02   9.8643113e-01
   3.2034103e+00   0.0000000e+00   1.2910601e-02   9.8708940e-01
   3.2106127e+00   0.0000000e+00   1.3419268e-02   9.8658073e-01
   3.2199090e+00   0.0000000e+00   1.3256120e-02   9.8674388e-01
   3.2070873e+00   0.0000000e+00   1.3619997e-02   9.8638000e-01
   3.2166223e+00   0.0000000e+00   1.3473019e-02   9.8652698e-01
   3.2171465e+00   0.0000000e+00   1.3001381e-02   9.8699862e-01
   3.2048814e+00   0.0000000e+00   1.3342614e-02   9.8665739e-01
   3.1961002e+00   0.0000000e+00   1.3651773e-02   9.8634823e-01
   3.2095740e+00   0.0000000e+00   1.3301287e-02   9.8669871e-01
   3.2541253e+00   0.0000000e+00   1.2930577e-02   9.8706942e-01
   3.1934823e+00   0.0000000e+00   1.3750726e-02   9.8624927e-01
   3.2259831e+00   0.0000000e+00   1.3640188e-02   9.8635981e-01
   3.1984704e+00   0.0000000e+00   1.3334617e-02   9.8666538e-01
   3.2145560e+00   0.0000000e+00   1.3952760e-02   9.8604724e-01
   3.2172585e+00   0.0000000e+00   1.3798252e-02   9.8620175e-01
   3.2117099e+00   0.0000000e+00   1.3501614e-02   9.8649839e-01
   3.1720304e+00   0.0000000e+00   1.4102308e-02   9.8589769e-01
   3.2020549e+00   0.0000000e+00   1.3682622e-02   9.8631738e-01
   3.2276391e+00   0.0000000e+00   1.3472312e-02   9.8652769e-01
   3.1999063e+00   0.0000000e+00   1.4033102e-02   9.8596690e-01
   3.2213895e+00   0.0000000e+00   1.2816095e-02   9.8718391e-01
   3.2156359e+00   0.0000000e+00   1.3732520e-02   9.8626748e-01
   3.2038909e+00   0.0000000e+00   1.3679764e-02   9.8632024e-01
   3.2023675e+00   0.0000000e+00   1.3780903e-02   9.8621910e-01
   3.2116881e+00   0.0000000e+00   1.3627311e-02   9.8637269e-01
   3.1989487e+00   0.0000000e+00   1.3766531e-02   9.8623347e-01
   3.2137550e+00   0.0000000e+00   1.3575445e-02   9.8642456e-01
   3.2022556e+00   0.0000000e+00   1.3612828e-02   9.8638717e-01
   3.2141031e+00   0.0000000e+00   1.3641011e-02   9.8635899e-01
   3.2213638e+00   0.0000000e+00   1.3760665e-02   9.8623933e-01
   3.1937022e+00   0.0000000e+00   1.3308009e-02   9.8669199e-01
   3.1696107e+00   0.0000000e+00   1.4062935e-02   9.8593706e-01
   3.1978911e+00   0.0000000e+00   1.4574731e-02   9.8542527e-01
   3.2295811e+00   0.0000000e+00   1.4148621e-02   9.8585138e-01
   3.2040049e+00   0.0000000e+00   1.3956817e-02   9.8604318e-01
   3.2288370e+00   0.0000000e+00   1.3826890e-02   9.8617311e-01
   3.2111226e+00   0.0000000e+00   1.3533730e-02   9.8646627e-01
   3.1911968e+00   0.0000000e+00   1.4139670e-02   9.8586033e-01
   3.2177792e+00   0.0000000e+00   1.4347742e-02   9.8565226e-01
   3.2425651e+00   0.0000000e+00   1.3607262e-02   9.8639274e-01
   3.2329912e+00   0.0000000e+00   1.4134125e-02   9.8586588e-01
   3.1855818e+00   0.0000000e+00   1.4101583e-02   9.8589842e-01
   3.2216749e+00   0.0000000e+00   1.3847029e-02   9.8615297e-01
   3.2116799e+00   0.0000000e+00   1.4109391e-02   9.8589061e-01
   3.1730272e+00   0.0000000e+00   1.3053462e-02   9.8694654e-01
   3.2100509e+00   0.0000000e+00   1.4275857e-02   9.8572414e-01
   3.2060619e+00   0.0000000e+00   1.3919476e-02   9.8608052e-01
   3.2088405e+00   0.0000000e+00   1.3995191e-02   9.8600481e-01
   3.2033713e+00   0.0000000e+00   1.4331990e-02   9.8566801e-01
   3.2070177e+00   0.0000000e+00   1.4115457e-02   9.8588454e-01
   3.2037282e+00   0.0000000e+00   1.4536138e-02   9.8546386e-01
   3.1739783e+00   0.0000000e+00   1.4400213e-02   9.8559979e-01
   3.1769563e+00   0.0000000e+00   1.4629958e-02   9.8537004e-01
   3.2045983e+00   0.0000000e+00   1.4163365e-02   9.8583663e-01
   3.2196505e+00   0.0000000e+00   1.5018623e-02   9.8498138e-01
   3.2086915e+00   0.0000000e+00   1.4350126e-02   9.8564987e-01
   3.2032127e+00   0.0000000e+00   1.4375415e-02   9.8562459e-01
   3.2517165e+00   0.0000000e+00   1.4105194e-02   9.8589481e-01
   3.1738110e+00   0.0000000e+00   1.4500755e-02   9.8549924e-01
   3.2711721e+00   0.0000000e+00   1.4555657e-02   9.8544434e-01
   3.2047981e+00   0.0000000e+00   1.3398703e-02   9.8660130e-01
   3.2012109e+00   0.0000000e+00   1.4961028e-02   9.8503897e-01
   3.2019236e+00   0.0000000e+00   1.4608430e-02   9.8539157e-01
   3.2014614e+00   0.0000000e+00   1.3091327e-02   9.8690867e-01
   3.2434279e+00   0.0000000e+00   1.3113836e-02   9.8688616e-01
   3.2090236e+00   0.0000000e+00   1.4713830e-02   9.8528617e-01
   3.1862182e+00   0.0000000e+00   1.4609045e-02   9.8539095e-01
   3.2147958e+00   0.0000000e+00   1.3134067e-02   9.8686593e-01
   3.2247915e+00   0.0000000e+00   1.3434522e-02   9.8656548e-01
   3.1429643e+00   0.0000000e+00   1.5505237e-02   9.8449476e-01
   3.2083981e+00   0.0000000e+00   1.4141609e-02   9.8585839e-01
   3.2379892e+00   0.0000000e+00   1.3460491e-02   9.8653951e-01
   3.2921055e+00   0.0000000e+00   1.5001762e-02   9.8499824e-01
   3.1861746e+00   0.0000000e+00   1.5847299e-02   9.8415270e-01
   3.1996886e+00   0.0000000e+00   1.4532423e-02   9.8546758e-01
   3.2070213e+00   0.0000000e+00   1.4316682e-02   9.8568332e-01
   3.2242558e+00   0.0000000e+00   1.2805555e-02   9.8719444e-01
   3.1842611e+00   0.0000000e+00   1.4763676e-02   9.8523632e-01
   3.1990954e+00   0.0000000e+00   1.4305879e-02   9.8569412e-01
   3.1758895e+00   0.0000000e+00   1.4412423e-02   9.8558758e-01
   3.2030983e+00   0.0000000e+00   1.4394150e-02   9.8560585e-01
   3.2021943e+00   0.0000000e+00   1.4523853e-02   9.8547615e-01
   3.2029117e+00   0.0000000e+00   1.4259876e-02   9.8574012e-01
   3.2041255e+00   0.0000000e+00   1.4653396e-02   9.8534660e-01
   3.2037853e+00   0.0000000e+00   1.4462200e-02   9.8553780e-01
   3.1999901e+00   0.0000000e+00   1.4439059e-02   9.8556094e-01
   3.1875006e+00   0.0000000e+00   1.4795087e-02   9.8520491e-01
   3.2098903e+00   0.0000000e+00   1.4100507e-02   9.8589949e-01
   3.2023931e+00   0.0000000e+00   1.4420410e-02   9.8557959e-01
   3.2033896e+00   0.0000000e+00   1.4380585e-02   9.8561942e-01
   3.2069119e+00   0.0000000e+00   1.4783061e-02   9.8521694e-01
   3.1880403e+00   0.0000000e+00   1.4337557e-02   9.8566244e-01
   3.2036370e+00   0.0000000e+00   1.5528318e-02   9.8447168e-01
   3.2080082e+00   0.0000000e+00   1.5004073e-02   9.8499593e-01
   3.2002140e+00   0.0000000e+00   1.4626181e-02   9.8537382e-01
   3.1745342e+00   0.0000000e+00   1.4666412e-02   9.8533359e-01
   3.1838446e+00   0.0000000e+00   1.4947800e-02   9.8505220e-01
   3.1926128e+00   0.0000000e+00   1.4797885e-02   9.8520211e-01
   3.1753062e+00   0.0000000e+00   1.4941424e-02   9.8505858e-01
   3.1669519e+00   0.0000000e+00   1.4753780e-02   9.8524622e-01
   3.1929657e+00   0.0000000e+00   1.4774930e-02   9.8522507e-01
   3.1959768e+00   0.0000000e+00   1.4593281e-02   9.8540672e-01
   3.0912968e+00   0.0000000e+00   1.4256635e-02   9.8574337e-01
   3.2169578e+00   0.0000000e+00   1.4083844e-02   9.8591616e-01
   3.1815334e+00   0.0000000e+00   1.4935030e-02   9.8506497e-01
   3.1988044e+00   0.0000000e+00   1.4740153e-02   9.8525985e-01
   3.1928693e+00   0.0000000e+00   1.5071034e-02   9.8492897e-01
   3.1824603e+00   0.0000000e+00   1.5088666e-02   9.8491133e-01
   3.2016170e+00   0.0000000e+00   1.4936967e-02   9.8506303e-01
   3.1918899e+00   0.0000000e+00   1.5149012e-02   9.8485099e-01
   3.1743150e+00   0.0000000e+00   1.4579405e-02   9.8542059e-01
   3.2077275e+00   0.0000000e+00   1.4787593e-02   9.8521241e-01
   3.1907796e+00   0.0000000e+00   1.5395435e-02   9.8460457e-01
   3.2191691e+00   0.0000000e+00   1.5947125e-02   9.8405287e-01
   3.1847982e+00   0.0000000e+00   1.4960270e-02   9.8503973e-01
   3.1987537e+00   0.0000000e+00   1.5335694e-02   9.8466431e-01
   3.2027020e+00   0.0000000e+00   1.5326565e-02   9.8467343e-01
   3.2002348e+00   0.0000000e+00   1.5271413e-02   9.8472859e-01
   3.1304309e+00   0.0000000e+00   1.5442142e-02   9.8455786e-01
   3.2015716e+00   0.0000000e+00   1.5514265e-02   9.8448573e-01
   3.1954895e+00   0.0000000e+00   1.5264524e-02   9.8473548e-01
   3.1798911e+00   0.0000000e+00   1.5501573e-02   9.8449843e-01
   3.1936423e+00   0.0000000e+00   1.5299978e-02   9.8470002e-01
   3.2150249e+00   0.0000000e+00   1.4979912e-02   9.8502009e-01
   3.1960766e+00   0.0000000e+00   1.7399315e-02   9.8260068e-01
   3.1917394e+00   0.0000000e+00   1.5184427e-02   9.8481557e-01
   3.1930122e+00   0.0000000e+00   1.5743520e-02   9.8425648e-01
   3.2007489e+00   0.0000000e+00   1.5634435e-02   9.8436557e-01
   3.2082196e+00   0.0000000e+00   1.5491698e-02   9.8450830e-01
   3.2103324e+00   0.0000000e+00   1.5582724e-02   9.8441728e-01
   3.2009730e+00   0.0000000e+00   1.5934199e-02   9.8406580e-01
   3.2062314e+00   0.0000000e+00   1.5385786e-02   9.8461421e-01
   3.2085271e+00   0.0000000e+00   1.5494950e-02   9.8450505e-01
   3.2023955e+00   0.0000000e+00   1.5650933e-02   9.8434907e-01
   3.0553574e+00   0.0000000e+00   1.6410268e-02   9.8358973e-01
   3.1931427e+00   0.0000000e+00   1.5547091e-02   9.8445291e-01
   3.1754861e+00   0.0000000e+00   1.5740872e-02   9.8425913e-01
   3.2076155e+00   0.0000000e+00   1.5976684e-02   9.8402332e-01
   3.2132211e+00   0.0000000e+00   1.5698378e-02   9.8430162e-01
   3.1564884e+00   0.0000000e+00   1.6444577e-02   9.8355542e-01
   3.2050157e+00   0.0000000e+00   1.6366537e-02   9.8363346e-01
   3.1998676e+00   0.0000000e+00   1.6102099e-02   9.8389790e-01
   3.2140292e+00   0.0000000e+00   1.5718868e-02   9.8428113e-01
   3.1922049e+00   0.0000000e+00   1.5660186e-02   9.8433981e-01
   3.2090360e+00   0.0000000e+00   1.6190524e-02   9.8380948e-01
   3.1769491e+00   0.0000000e+00   1.5857122e-02   9.8414288e-01
   3.2131322e+00   0.0000000e+00   1.5610827e-02   9.8438917e-01
   3.2182514e+00   0.0000000e+00   1.6181029e-02   9.8381897e-01
   3.1527821e+00   0.0000000e+00   1.5151010e-02   9.8484899e-01
   3.2176088e+00   0.0000000e+00   1.5998880e-02   9.8400112e-01
   3.2126369e+00   0.0000000e+00   1.6319877e-02   9.8368012e-01
   3.2921885e+00   0.0000000e+00   1.5316187e-02   9.8468381e-01
   3.2126774e+00   0.0000000e+00   1.6094139e-02   9.8390586e-01
   3.2083759e+00   0.0000000e+00   1.7010677e-02   9.8298932e-01
   3.2113777e+00   0.0000000e+00   1.6338064e-02   9.8366194e-01
   3.2124356e+00   0.0000000e+00   1.6919331e-02   9.8308067e-01
   3.2199157e+00   0.0000000e+00   1.6714606e-02   9.8328539e-01
   3.2316998e+00   0.0000000e+00   1.6335624e-02   9.8366438e-01
   3.2103696e+00   0.0000000e+00   1.7261282e-02   9.8273872e-01
   3.2193931e+00   0.0000000e+00   1.5473430e-02   9.8452657e-01
   3.2261134e+00   0.0000000e+00   1.6277844e-02   9.8372216e-01
   3.1679313e+00   0.0000000e+00   1.5553346e-02   9.8444665e-01
   3.0913275e+00   0.0000000e+00   1.7076692e-02   9.8292331e-01
   3.2256623e+00   0.0000000e+00   1.6882528e-02   9.8311747e-01
   3.2279867e+00   0.0000000e+00   1.6693518e-02   9.8330648e-01
   3.3463191e+00   0.0000000e+00   1.3379083e-02   9.8662092e-01
   3.2147579e+00   0.0000000e+00   1.7404644e-02   9.8259536e-01
   3.1800344e+00   0.0000000e+00   2.1053967e-02   9.7894603e-01
   3.1734840e+00   0.0000000e+00   1.7029866e-02   9.8297013e-01
   3.2177833e+00   0.0000000e+00   1.7662921e-02   9.8233708e-01
   3.1177055e+00   0.0000000e+00   1.3876974e-02   9.8612303e-01
   3.2315290e+00   0.0000000e+00   1.6888686e-02   9.8311131e-01
   3.3600282e+00   0.0000000e+00   1.4513535e-02   9.8548646e-01
   3.1473642e+00   0.0000000e+00   1.7077281e-02   9.8292272e-01
   3.2187931e+00   0.0000000e+00   1.6567930e-02   9.8343207e-01
   3.2152571e+00   0.0000000e+00   1.7994075e-02   9.8200592e-01
   3.1952472e+00   0.0000000e+00   1.7710648e-02   9.8228935e-01
   3.2053053e+00   0.0000000e+00   1.7833081e-02   9.8216692e-01
   3.2503121e+00   0.0000000e+00   1.5709653e-02   9.8429035e-01
   3.1616574e+00   0.0000000e+00   1.7498076e-02   9.8250192e-01
   3.2132592e+00   0.0000000e+00   1.8297749e-02   9.8170225e-01
   3.2185763e+00   0.0000000e+00   1.7215970e-02   9.8278403e-01
   3.1751157e+00   0.0000000e+00   1.6975668e-02   9.8302433e-01
   3.2701220e+00   0.0000000e+00   1.6805315e-02   9.8319468e-01
   3.2309821e+00   0.0000000e+00   1.7897413e-02   9.8210259e-01
   3.3880998e+00   0.0000000e+00   1.3707062e-02   9.8629294e-01
   3.2218891e+00   0.0000000e+00   1.8265023e-02   9.8173498e-01
   3.2518057e+00   0.0000000e+00   1.6871746e-02   9.8312825e-01
   3.2398179e+00   0.0000000e+00   1.8687206e-02   9.8131279e-01
   3.3178393e+00   0.0000000e+00   1.4868435e-02   9.8513156e-01
   3.1881037e+00   0.0000000e+00   1.7810072e-02   9.8218993e-01
   3.2062870e+00   0.0000000e+00   1.9896386e-02   9.8010361e-01
   3.0243241e+00   0.0000000e+00   1.8014093e-02   9.8198591e-01
   3.0231809e+00   0.0000000e+00   2.0035455e-02   9.7996454e-01
   3.2482423e+00   0.0000000e+00   1.8367737e-02   9.8163226e-01
   3.4068476e+00   0.0000000e+00   1.4354053e-02   9.8564595e-01
   3.2488793e+00   0.0000000e+00   1.9567486e-02   9.8043251e-01
   3.2086134e+00   0.0000000e+00   1.7084022e-02   9.8291598e-01
   3.1704083e+00   0.0000000e+00   1.9658807e-02   9.8034119e-01
   3.2241967e+00   0.0000000e+00   1.8423536e-02   9.8157646e-01
   3.2298715e+00   0.0000000e+00   1.9164483e-02   9.8083552e-01
   3.2105486e+00   0.0000000e+00   1.9404282e-02   9.8059572e-01
   3.1385298e+00   0.0000000e+00   1.8903442e-02   9.8109656e-01
   3.2581079e+00   0.0000000e+00   1.9245524e-02   9.8075448e-01
   3.2702299e+00   0.0000000e+00   1.5218172e-02   9.8478183e-01
   3.2468035e+00   0.0000000e+00   2.0072587e-02   9.7992741e-01
   3.2735601e+00   0.0000000e+00   1.6961482e-02   9.8303852e-01
   3.1728644e+00   0.0000000e+00   1.9615299e-02   9.8038470e-01
   3.2350904e+00   0.0000000e+00   1.9794294e-02   9.8020571e-01
   3.2233193e+00   0.0000000e+00   2.0892387e-02   9.7910761e-01
   3.2725639e+00   0.0000000e+00   2.1061454e-02   9.7893855e-01
   3.3382171e+00   0.0000000e+00   1.6916804e-02   9.8308320e-01
   3.1522220e+00   0.0000000e+00   1.9343975e-02   9.8065603e-01
   3.4130194e+00   0.0000000e+00   1.9346167e-02   9.8065383e-01
   3.3183750e+00   0.0000000e+00   1.9128290e-02   9.8087171e-01
   3.2614114e+00   0.0000000e+00   2.2192645e-02   9.7780736e-01
   3.2454149e+00   0.0000000e+00   1.8446042e-02   9.8155396e-01
   3.1614161e+00   0.0000000e+00   1.9202446e-02   9.8079755e-01
   3.2312488e+00   0.0000000e+00   2.1428048e-02   9.7857195e-01
   3.2622178e+00   0.0000000e+00   2.1613261e-02   9.7838674e-01
   3.2695822e+00   0.0000000e+00   2.1058004e-02   9.7894200e-01
   3.2265019e+00   0.0000000e+00   2.2961521e-02   9.7703848e-01
   3.3137919e+00   0.0000000e+00   2.0720215e-02   9.7927979e-01
   3.0810005e+00   0.0000000e+00   2.0615359e-02   9.7938464e-01
   3.2040912e+00   0.0000000e+00   1.7332089e-02   9.8266791e-01
   3.3065572e+00   0.0000000e+00   2.1848774e-02   9.7815123e-01
   3.2242115e+00   0.0000000e+00   2.2838676e-02   9.7716132e-01
   3.2240066e+00   0.0000000e+00   2.1088945e-02   9.7891105e-01
   3.3405106e+00   0.0000000e+00   2.0921426e-02   9.7907857e-01
   3.1975982e+00   0.0000000e+00   2.2337091e-02   9.7766291e-01
   3.2844847e+00   0.0000000e+00   2.1224320e-02   9.7877568e-01
   3.2265806e+00   0.0000000e+00   1.2740658e-02   9.8725934e-01
   3.2228114e+00   0.0000000e+00   1.2851455e-02   9.8714854e-01
   3.2040427e+00   0.0000000e+00   1.2706971e-02   9.8729303e-01
   3.1901279e+00   0.0000000e+00   1.2760737e-02   9.8723926e-01
   3.2027455e+00   0.0000000e+00   1.3053154e-02   9.8694685e-01
   3.2992631e+00   0.0000000e+00   2.1347490e-02   9.7865251e-01
   3.2036215e+00   0.0000000e+00   1.2847816e-02   9.8715218e-01
   3.1867928e+00   0.0000000e+00   1.4117817e-02   9.8588218e-01
   3.1987826e+00   0.0000000e+00   2.2700033e-02   9.7729997e-01
   3.1547018e+00   0.0000000e+00   2.0108365e-02   9.7989163e-01
   3.2051555e+00   0.0000000e+00   1.3174321e-02   9.8682568e-01
   3.2852303e+00   0.0000000e+00   2.4768542e-02   9.7523146e-01
   3.3166496e+00   0.0000000e+00   2.4084359e-02   9.7591564e-01
   3.1548956e+00   0.0000000e+00   2.2917888e-02   9.7708211e-01
   3.1883449e+00   0.0000000e+00   2.3220050e-02   9.7677995e-01
   3.3063210e+00   0.0000000e+00   2.3528929e-02   9.7647107e-01
   3.1926733e+00   0.0000000e+00   2.5036817e-02   9.7496318e-01
   3.2311393e+00   0.0000000e+00   2.3255042e-02   9.7674496e-01
   3.2738334e+00   0.0000000e+00   2.1012828e-02   9.7898717e-01
   3.2792945e+00   0.0000000e+00   2.4466304e-02   9.7553370e-01
   3.2414622e+00   0.0000000e+00   2.5293849e-02   9.7470615e-01
   3.1774828e+00   0.0000000e+00   2.3075768e-02   9.7692423e-01
   3.1469298e+00   0.0000000e+00   2.0076131e-02   9.7992387e-01
   3.2527979e+00   0.0000000e+00   2.5370640e-02   9.7462936e-01
   3.2325550e+00   0.0000000e+00   2.5101100e-02   9.7489890e-01
   3.1228572e+00   0.0000000e+00   2.3595517e-02   9.7640448e-01
   3.2712966e+00   0.0000000e+00   2.4151449e-02   9.7584855e-01
   3.3062002e+00   0.0000000e+00   2.4237450e-02   9.7576255e-01
   3.1822492e+00   0.0000000e+00   2.3548778e-02   9.7645122e-01
   3.2159387e+00   0.0000000e+00   2.3731806e-02   9.7626819e-01
   3.3599515e+00   0.0000000e+00   2.7955663e-02   9.7204434e-01
   3.1787353e+00   0.0000000e+00   2.5085198e-02   9.7491480e-01
   3.1824361e+00   0.0000000e+00   2.4223407e-02   9.7577659e-01
   3.1592238e+00   0.0000000e+00   2.4983360e-02   9.7501664e-01
   3.2248444e+00   0.0000000e+00   2.4226043e-02   9.7577396e-01
   3.2877172e+00   0.0000000e+00   2.7076776e-02   9.7292322e-01
   3.2518032e+00   0.0000000e+00   2.6123218e-02   9.7387678e-01
   3.1458729e+00   0.0000000e+00   2.3023062e-02   9.7697694e-01
   3.1367826e+00   0.0000000e+00   2.3883350e-02   9.7611665e-01
   3.2088029e+00   0.0000000e+00   2.3374829e-02   9.7662517e-01
   3.1437554e+00   0.0000000e+00   2.5931691e-02   9.7406831e-01
   3.2858738e+00   0.0000000e+00   2.5277833e-02   9.7472217e-01
   3.1752792e+00   0.0000000e+00   2.4098430e-02   9.7590157e-01
   3.2420591e+00   0.0000000e+00   2.6257519e-02   9.7374248e-01
   3.0979613e+00   0.0000000e+00   2.3164751e-02   9.7683525e-01
   3.1431732e+00   0.0000000e+00   2.4012700e-02   9.7598730e-01
   3.1277499e+00   0.0000000e+00   2.2299315e-02   9.7770069e-01
   3.1542089e+00   0.0000000e+00   2.6665869e-02   9.7333413e-01
   3.1470204e+00   0.0000000e+00   2.5023095e-02   9.7497690e-01
   3.2297189e+00   0.0000000e+00   2.4874620e-02   9.7512538e-01
   3.1222375e+00   0.0000000e+00   2.6078018e-02   9.7392198e-01
   3.1885330e+00   0.0000000e+00   2.4529904e-02   9.7547010e-01
   3.1891182e+00   0.0000000e+00   2.6906942e-02   9.7309306e-01
   3.2745899e+00   0.0000000e+00   2.9071285e-02   9.7092872e-01
   3.0897855e+00   0.0000000e+00   2.3255926e-02   9.7674407e-01
   3.3366682e+00   0.0000000e+00   2.7051441e-02   9.7294856e-01
   3.1894366e+00   0.0000000e+00   2.5773959e-02   9.7422604e-01
   3.1302521e+00   0.0000000e+00   2.2246911e-02   9.7775309e-01
   3.1300954e+00   0.0000000e+00   2.3032057e-02   9.7696794e-01
   3.1161669e+00   0.0000000e+00   2.3456184e-02   9.7654382e-01
   3.0480306e+00   0.0000000e+00   2.0936261e-02   9.7906374e-01
   3.2939084e+00   0.0000000e+00   2.7800855e-02   9.7219915e-01
   3.1760283e+00   0.0000000e+00   2.4984447e-02   9.7501555e-01
   3.2464913e+00   0.0000000e+00   2.4514621e-02   9.7548538e-01
   3.2090924e+00   0.0000000e+00   2.1737100e-02   9.7826290e-01
   3.1014386e+00   0.0000000e+00   2.3939628e-02   9.7606037e-01
   3.1726793e+00   0.0000000e+00   2.3427918e-02   9.7657208e-01
   3.1487596e+00   0.0000000e+00   2.5514109e-02   9.7448589e-01
   3.1466711e+00   0.0000000e+00   2.3700253e-02   9.7629975e-01
   3.0252036e+00   0.0000000e+00   2.2925180e-02   9.7707482e-01
   3.0305795e+00   0.0000000e+00   1.8878495e-02   9.8112151e-01
   3.1626888e+00   0.0000000e+00   2.8757568e-02   9.7124243e-01
   3.2274126e+00   0.0000000e+00   2.5805030e-02   9.7419497e-01
   3.1076768e+00   0.0000000e+00   2.3268879e-02   9.7673112e-01
   3.0655122e+00   0.0000000e+00   2.4111858e-02   9.7588814e-01
   3.1915145e+00   0.0000000e+00   2.6239865e-02   9.7376014e-01
   3.0219188e+00   0.0000000e+00   2.2061097e-02   9.7793890e-01
   3.2426274e+00   0.0000000e+00   2.6339025e-02   9.7366098e-01
   3.0499825e+00   0.0000000e+00   2.1992536e-02   9.7800746e-01
   3.1308311e+00   0.0000000e+00   2.4785909e-02   9.7521409e-01
   3.1251987e+00   0.0000000e+00   2.2420346e-02   9.7757965e-01
   3.0997950e+00   0.0000000e+00   2.6546312e-02   9.7345369e-01
   3.3824883e+00   0.0000000e+00   3.1329287e-02   9.6867071e-01
   3.0851938e+00   0.0000000e+00   2.1312581e-02   9.7868742e-01
   3.0479685e+00   0.0000000e+00   2.3726765e-02   9.7627324e-01
   3.0461204e+00   0.0000000e+00   2.0468358e-02   9.7953164e-01
   2.9463058e+00   0.0000000e+00   1.4419163e-02   9.8558084e-01
   3.2759909e+00   0.0000000e+00   2.8958778e-02   9.7104122e-01
   2.9235328e+00   0.0000000e+00   2.1163168e-02   9.7883683e-01
   2.9572624e+00   0.0000000e+00   2.1433583e-02   9.7856642e-01
   3.3513622e+00   0.0000000e+00   2.8260247e-02   9.7173975e-01
   3.0381599e+00   0.0000000e+00   2.1937633e-02   9.7806237e-01
   3.0534819e+00   0.0000000e+00   2.7691602e-02   9.7230840e-01
   3.0045652e+00   0.0000000e+00   2.3230122e-02   9.7676988e-01
   3.3704261e+00   0.0000000e+00   2.7373872e-02   9.7262613e-01
   3.1394636e+00   0.0000000e+00   2.7488418e-02   9.7251158e-01
   3.2405445e+00   0.0000000e+00   2.6091254e-02   9.7390875e-01
   3.0616219e+00   0.0000000e+00   1.9412288e-02   9.8058771e-01
   3.0665499e+00   0.0000000e+00   2.2999543e-02   9.7700046e-01
   3.0385347e+00   0.0000000e+00   2.2661482e-02   9.7733852e-01
   3.0411418e+00   0.0000000e+00   2.2127884e-02   9.7787212e-01
   3.0032729e+00   0.0000000e+00   2.3966284e-02   9.7603372e-01
   2.9328847e+00   0.0000000e+00   1.9749663e-02   9.8025034e-01
   2.9107790e+00   0.0000000e+00   2.2756691e-02   9.7724331e-01
   2.9514304e+00   0.0000000e+00   1.8103525e-02   9.8189647e-01
   3.1886817e+00   0.0000000e+00   2.7499292e-02   9.7250071e-01
   3.0828187e+00   0.0000000e+00   1.8686453e-02   9.8131355e-01
   3.0367403e+00   0.0000000e+00   2.5553535e-02   9.7444647e-01
   3.0193984e+00   0.0000000e+00   2.1377833e-02   9.7862217e-01
   3.2005516e+00   0.0000000e+00   2.8984331e-02   9.7101567e-01
   2.9848824e+00   0.0000000e+00   1.9570146e-02   9.8042985e-01
   3.1294368e+00   0.0000000e+00   2.7442579e-02   9.7255742e-01
   3.0746494e+00   0.0000000e+00   2.9663571e-02   9.7033643e-01
   2.9815957e+00   0.0000000e+00   1.9317827e-02   9.8068217e-01
   3.0237908e+00   0.0000000e+00   2.3375103e-02   9.7662490e-01
   2.9863689e+00   0.0000000e+00   2.1941434e-02   9.7805857e-01
   3.0798434e+00   0.0000000e+00   1.4684023e-02   9.8531598e-01
   3.0989615e+00   0.0000000e+00   2.5326640e-02   9.7467336e-01
   3.0005664e+00   0.0000000e+00   2.4956999e-02   9.7504300e-01
   3.0319935e+00   0.0000000e+00   3.3358693e-02   9.6664131e-01
   2.8867252e+00   0.0000000e+00   1.9070813e-02   9.8092919e-01
   2.9977272e+00   0.0000000e+00   2.1902780e-02   9.7809722e-01
   2.9815927e+00   0.0000000e+00   1.7167936e-02   9.8283206e-01
   3.0043468e+00   0.0000000e+00   2.0875025e-02   9.7912497e-01
   2.9367627e+00   0.0000000e+00   1.9337682e-02   9.8066232e-01
   2.8784885e+00   0.0000000e+00   1.8405473e-02   9.8159453e-01
   2.9953921e+00   0.0000000e+00   1.8331812e-02   9.8166819e-01
   2.9640469e+00   0.0000000e+00   2.0841702e-02   9.7915830e-01
   2.8909101e+00   0.0000000e+00   1.9268236e-02   9.8073176e-01
   2.9809438e+00   0.0000000e+00   1.9657713e-02   9.8034229e-01
   2.8764101e+00   0.0000000e+00   1.9160772e-02   9.8083923e-01
   2.8982664e+00   0.0000000e+00   1.8169339e-02   9.8183066e-01
   3.0578221e+00   0.0000000e+00   2.3232182e-02   9.7676782e-01
   2.8973810e+00   0.0000000e+00   2.1637038e-02   9.7836296e-01
   2.9838303e+00   0.0000000e+00   2.0508729e-02   9.7949127e-01
   2.9664646e+00   0.0000000e+00   1.6815129e-02   9.8318487e-01
   2.9272873e+00   0.0000000e+00   1.7823720e-02   9.8217628e-01
   2.9561971e+00   0.0000000e+00   1.7470192e-02   9.8252981e-01
   2.9614293e+00   0.0000000e+00   1.7136098e-02   9.8286390e-01
   2.9182354e+00   0.0000000e+00   1.9804178e-02   9.8019582e-01
   2.8982430e+00   0.0000000e+00   1.9134688e-02   9.8086531e-01
   2.8192789e+00   0.0000000e+00   1.8953747e-02   9.8104625e-01
   2.8843102e+00   0.0000000e+00   1.7692504e-02   9.8230750e-01
   2.9495427e+00   0.0000000e+00   1.8132250e-02   9.8186775e-01
   2.9197846e+00   0.0000000e+00   1.7633183e-02   9.8236682e-01
   2.9901284e+00   0.0000000e+00   1.9755615e-02   9.8024438e-01
   2.8780834e+00   0.0000000e+00   1.7862979e-02   9.8213702e-01
   2.9209004e+00   0.0000000e+00   1.6741063e-02   9.8325894e-01
   2.9690428e+00   0.0000000e+00   1.6290278e-02   9.8370972e-01
   2.9348478e+00   0.0000000e+00   1.7114479e-02   9.8288552e-01
   2.9245064e+00   0.0000000e+00   1.7854088e-02   9.8214591e-01
   2.8926307e+00   0.0000000e+00   1.7131431e-02   9.8286857e-01
   2.9546847e+00   0.0000000e+00   1.8884631e-02   9.8111537e-01
   2.8949776e+00   0.0000000e+00   1.8338354e-02   9.8166165e-01
   2.8944833e+00   0.0000000e+00   1.7673938e-02   9.8232606e-01
   2.9734501e+00   0.0000000e+00   1.6489421e-02   9.8351058e-01
   2.7886307e+00   0.0000000e+00   1.6632263e-02   9.8336774e-01
   2.8594668e+00   0.0000000e+00   1.6706474e-02   9.8329353e-01
   2.8168817e+00   0.0000000e+00   1.6424344e-02   9.8357566e-01
   2.8967117e+00   0.0000000e+00   1.5859782e-02   9.8414022e-01
   2.9100199e+00   0.0000000e+00   1.9607642e-02   9.8039236e-01
   2.8696482e+00   0.0000000e+00   1.7558190e-02   9.8244181e-01
   3.0508326e+00   0.0000000e+00   2.2019112e-02   9.7798089e-01
   2.9008907e+00   0.0000000e+00   1.7784798e-02   9.8221520e-01
   2.8183978e+00   0.0000000e+00   1.2888130e-02   9.8711187e-01
   2.9011496e+00   0.0000000e+00   1.6141178e-02   9.8385882e-01
   2.8418601e+00   0.0000000e+00   1.7674108e-02   9.8232589e-01
   2.8913495e+00   0.0000000e+00   1.8709370e-02   9.8129063e-01
   2.9755833e+00   0.0000000e+00   2.0307496e-02   9.7969250e-01
   2.8996921e+00   0.0000000e+00   1.7622101e-02   9.8237790e-01
   2.7904577e+00   0.0000000e+00   1.2614343e-02   9.8738566e-01
   2.8408127e+00   0.0000000e+00   2.0064383e-02   9.7993562e-01
   2.8608383e+00   0.0000000e+00   1.7128264e-02   9.8287174e-01
   2.9005697e+00   0.0000000e+00   1.8452414e-02   9.8154759e-01
   3.2120228e+00   0.0000000e+00   2.3412265e-02   9.7658774e-01
   2.9374029e+00   0.0000000e+00   1.6968707e-02   9.8303129e-01
   2.8080888e+00   0.0000000e+00   1.8227719e-02   9.8177228e-01
   2.8625688e+00   0.0000000e+00   1.7651652e-02   9.8234835e-01
   2.8711138e+00   0.0000000e+00   1.7437453e-02   9.8256255e-01
   2.8608787e+00   0.0000000e+00   1.7380623e-02   9.8261938e-01
   2.8400840e+00   0.0000000e+00   1.3534615e-02   9.8646538e-01
   2.8461155e+00   0.0000000e+00   1.7852326e-02   9.8214767e-01
   2.8354374e+00   0.0000000e+00   1.5530752e-02   9.8446925e-01
   3.1097102e+00   0.0000000e+00   2.6291204e-02   9.7370880e-01
   2.9154961e+00   0.0000000e+00   1.4357686e-02   9.8564231e-01
   2.8827517e+00   0.0000000e+00   1.7861723e-02   9.8213828e-01
   2.8696883e+00   0.0000000e+00   1.7890535e-02   9.8210947e-01
   2.8828087e+00   0.0000000e+00   1.7924337e-02   9.8207566e-01
   3.0072823e+00   0.0000000e+00   1.6763599e-02   9.8323640e-01
   2.9517776e+00   0.0000000e+00   1.9275014e-02   9.8072499e-01
   2.8694060e+00   0.0000000e+00   1.7068838e-02   9.8293116e-01
   2.7418628e+00   0.0000000e+00   1.3943479e-02   9.8605652e-01
   3.1946257e+00   0.0000000e+00   2.0444759e-02   9.7955524e-01
   2.7976231e+00   0.0000000e+00   1.6739103e-02   9.8326090e-01
   2.8794748e+00   0.0000000e+00   1.9982504e-02   9.8001750e-01
   2.8905749e+00   0.0000000e+00   1.8277721e-02   9.8172228e-01
   2.8748391e+00   0.0000000e+00   1.8883452e-02   9.8111655e-01
   2.9978829e+00   0.0000000e+00   1.8031853e-02   9.8196815e-01
   2.8782821e+00   0.0000000e+00   1.7924718e-02   9.8207528e-01
   2.7346357e+00   0.0000000e+00   1.2883091e-02   9.8711691e-01
   2.7566703e+00   0.0000000e+00   1.6788612e-02   9.8321139e-01
   2.9347421e+00   0.0000000e+00   2.1632441e-02   9.7836756e-01
   2.7876151e+00   0.0000000e+00   1.4687169e-02   9.8531283e-01
   2.8871966e+00   0.0000000e+00   1.8049799e-02   9.8195020e-01
   2.8399129e+00   0.0000000e+00   1.9353982e-02   9.8064602e-01
   2.7457236e+00   0.0000000e+00   1.8045444e-02   9.8195456e-01
   2.8951239e+00   0.0000000e+00   1.9022667e-02   9.8097733e-01
   2.8099196e+00   0.0000000e+00   1.7811480e-02   9.8218852e-01
   2.8911036e+00   0.0000000e+00   1.8411722e-02   9.8158828e-01
   2.8532047e+00   0.0000000e+00   1.6874881e-02   9.8312512e-01
   2.7358684e+00   0.0000000e+00   1.8648868e-02   9.8135113e-01
   2.9040518e+00   0.0000000e+00   1.9026160e-02   9.8097384e-01
   2.8905974e+00   0.0000000e+00   1.8840291e-02   9.8115971e-01
   2.9239022e+00   0.0000000e+00   2.0209152e-02   9.7979085e-01
   2.8701078e+00   0.0000000e+00   1.9640045e-02   9.8035996e-01
   2.9178333e+00   0.0000000e+00   2.1119563e-02   9.7888044e-01
   2.8834060e+00   0.0000000e+00   2.0760310e-02   9.7923969e-01
   2.9322310e+00   0.0000000e+00   1.8038469e-02   9.8196153e-01
   2.7498910e+00   0.0000000e+00   1.6039819e-02   9.8396018e-01
   2.9290158e+00   0.0000000e+00   1.9423304e-02   9.8057670e-01
   2.9005434e+00   0.0000000e+00   2.0388530e-02   9.7961147e-01
   2.9196147e+00   0.0000000e+00   1.8124217e-02   9.8187578e-01
   2.9019863e+00   0.0000000e+00   2.1651026e-02   9.7834897e-01
   2.9223849e+00   0.0000000e+00   1.6200755e-02   9.8379924e-01
   2.9453689e+00   0.0000000e+00   1.9753202e-02   9.8024680e-01
   3.1652225e+00   0.0000000e+00   2.3302443e-02   9.7669756e-01
   2.9520350e+00   0.0000000e+00   1.8056820e-02   9.8194318e-01
   3.1286271e+00   0.0000000e+00   2.1086554e-02   9.7891345e-01
   2.9009219e+00   0.0000000e+00   1.5853464e-02   9.8414654e-01
   2.8694588e+00   0.0000000e+00   1.7485192e-02   9.8251481e-01
   2.9589755e+00   0.0000000e+00   2.1401499e-02   9.7859850e-01
   2.9179336e+00   0.0000000e+00   1.7193985e-02   9.8280602e-01
   2.9115662e+00   0.0000000e+00   1.8946508e-02   9.8105349e-01
   2.8893093e+00   0.0000000e+00   2.2834158e-02   9.7716584e-01
   2.9808216e+00   0.0000000e+00   2.2049996e-02   9.7795000e-01
   2.9558711e+00   0.0000000e+00   2.1419440e-02   9.7858056e-01
   3.2546804e+00   0.0000000e+00   2.0285237e-02   9.7971476e-01
   2.8119204e+00   0.0000000e+00   1.8776395e-02   9.8122361e-01
   2.9669383e+00   0.0000000e+00   2.0699684e-02   9.7930032e-01
   2.9831892e+00   0.0000000e+00   1.7432857e-02   9.8256714e-01
   2.9644081e+00   0.0000000e+00   2.0032568e-02   9.7996743e-01
   2.9717712e+00   0.0000000e+00   2.3704214e-02   9.7629579e-01
   2.9578695e+00   0.0000000e+00   2.0930038e-02   9.7906996e-01
   3.2719164e+00   0.0000000e+00   2.1270563e-02   9.7872944e-01
   2.9812858e+00   0.0000000e+00   2.1005457e-02   9.7899454e-01
   3.2733625e+00   0.0000000e+00   2.1651792e-02   9.7834821e-01
   2.9395039e+00   0.0000000e+00   2.0720826e-02   9.7927917e-01
   3.1807424e+00   0.0000000e+00   1.6979593e-02   9.8302041e-01
   3.3180534e+00   0.0000000e+00   2.5581767e-02   9.7441823e-01
   3.3002860e+00   0.0000000e+00   2.2351706e-02   9.7764829e-01
   3.0857864e+00   0.0000000e+00   1.9968847e-02   9.8003115e-01
   2.9372495e+00   0.0000000e+00   1.7948434e-02   9.8205157e-01
   3.0831892e+00   0.0000000e+00   1.8177976e-02   9.8182202e-01
   3.0528307e+00   0.0000000e+00   2.3499643e-02   9.7650036e-01
   3.0095979e+00   0.0000000e+00   1.9624206e-02   9.8037579e-01
   3.0301404e+00   0.0000000e+00   2.1667621e-02   9.7833238e-01
   2.9675807e+00   0.0000000e+00   2.0370126e-02   9.7962987e-01
   2.9595902e+00   0.0000000e+00   1.8778769e-02   9.8122123e-01
   3.0436118e+00   0.0000000e+00   1.7231677e-02   9.8276832e-01
   2.9531849e+00   0.0000000e+00   2.1223595e-02   9.7877641e-01
   3.0455157e+00   0.0000000e+00   1.7926790e-02   9.8207321e-01
   2.9448212e+00   0.0000000e+00   1.5383199e-02   9.8461680e-01
   2.9842097e+00   0.0000000e+00   1.8891462e-02   9.8110854e-01
   3.0848101e+00   0.0000000e+00   2.0499787e-02   9.7950021e-01
   2.9753387e+00   0.0000000e+00   1.5956437e-02   9.8404356e-01
   3.2913300e+00   0.0000000e+00   2.4251468e-02   9.7574853e-01
   3.0014149e+00   0.0000000e+00   2.1812062e-02   9.7818794e-01
   2.9667659e+00   0.0000000e+00   1.6614445e-02   9.8338556e-01
   2.9707857e+00   0.0000000e+00   1.9166334e-02   9.8083367e-01
   2.7226072e+00   0.0000000e+00   1.7088685e-02   9.8291131e-01
   3.3269816e+00   0.0000000e+00   2.7300199e-02   9.7269980e-01
   2.9985485e+00   0.0000000e+00   1.9307423e-02   9.8069258e-01
   3.0338906e+00   0.0000000e+00   1.9913216e-02   9.8008678e-01
   3.0734351e+00   0.0000000e+00   2.4583938e-02   9.7541606e-01
   3.0521386e+00   0.0000000e+00   2.5197311e-02   9.7480269e-01
   3.1495139e+00   0.0000000e+00   2.8386737e-02   9.7161326e-01
   3.1207435e+00   0.0000000e+00   2.3867085e-02   9.7613291e-01
   3.1024409e+00   0.0000000e+00   2.8018903e-02   9.7198110e-01
   3.0908453e+00   0.0000000e+00   2.4232317e-02   9.7576768e-01
   2.9775753e+00   0.0000000e+00   1.5469866e-02   9.8453013e-01
   3.0818698e+00   0.0000000e+00   2.6189045e-02   9.7381096e-01
