   8.4995810e-01   0.0000000e+00   9.5087431e-03   9.9049126e-01
   8.4997825e-01   0.0000000e+00   9.5004456e-03   9.9049955e-01
   8.4998926e-01   0.0000000e+00   9.5083981e-03   9.9049160e-01
   8.5008694e-01   0.0000000e+00   9.5042825e-03   9.9049572e-01
   8.5050474e-01   0.0000000e+00   9.5529056e-03   9.9044709e-01
   8.5013782e-01   0.0000000e+00   9.6017216e-03   9.9039828e-01
   8.5043719e-01   0.0000000e+00   9.5793647e-03   9.9042064e-01
   8.5048475e-01   0.0000000e+00   9.4855714e-03   9.9051443e-01
   8.5057415e-01   0.0000000e+00   9.5174069e-03   9.9048259e-01
   8.5041538e-01   0.0000000e+00   9.5708421e-03   9.9042916e-01
   8.5046108e-01   0.0000000e+00   9.5692020e-03   9.9043080e-01
   8.5047413e-01   0.0000000e+00   9.4930654e-03   9.9050693e-01
   8.5074231e-01   0.0000000e+00   9.5696686e-03   9.9043033e-01
   8.5013861e-01   0.0000000e+00   9.5995136e-03   9.9040049e-01
   8.5052825e-01   0.0000000e+00   9.6475651e-03   9.9035243e-01
   8.5061384e-01   0.0000000e+00   9.5880417e-03   9.9041196e-01
   8.5077060e-01   0.0000000e+00   9.4840671e-03   9.9051593e-01
   8.5084772e-01   0.0000000e+00   9.7704745e-03   9.9022953e-01
   8.5051882e-01   0.0000000e+00   9.6322181e-03   9.9036778e-01
   8.5071634e-01   0.0000000e+00   9.6066781e-03   9.9039332e-01
   8.5038671e-01   0.0000000e+00   9.5175031e-03   9.9048250e-01
   8.5096994e-01   0.0000000e+00   9.5379088e-03   9.9046209e-01
   8.5044000e-01   0.0000000e+00   9.5722378e-03   9.9042776e-01
   8.5073853e-01   0.0000000e+00   9.6045660e-03   9.9039543e-01
   8.5051682e-01   0.0000000e+00   9.5522155e-03   9.9044778e-01
   8.5083395e-01   0.0000000e+00   9.6648871e-03   9.9033511e-01
   8.5082952e-01   0.0000000e+00   9.6717692e-03   9.9032823e-01
   8.5081732e-01   0.0000000e+00   9.6399816e-03   9.9036002e-01
   8.5082717e-01   0.0000000e+00   9.5853824e-03   9.9041462e-01
   8.5080043e-01   0.0000000e+00   9.5942766e-03   9.9040572e-01
   8.5046289e-01   0.0000000e+00   9.5514002e-03   9.9044860e-01
   8.5093613e-01   0.0000000e+00   9.5961775e-03   9.9040382e-01
   8.5061455e-01   0.0000000e+00   9.5345424e-03   9.9046546e-01
   8.5072460e-01   0.0000000e+00   9.5458425e-03   9.9045416e-01
   8.5079493e-01   0.0000000e+00   9.5982054e-03   9.9040179e-01
   8.5083597e-01   0.0000000e+00   9.6187168e-03   9.9038128e-01
   8.5107848e-01   0.0000000e+00   9.7913577e-03   9.9020864e-01
   8.5095168e-01   0.0000000e+00   9.6351823e-03   9.9036482e-01
   8.5091831e-01   0.0000000e+00   9.6997088e-03   9.9030029e-01
   8.5047538e-01   0.0000000e+00   9.6599067e-03   9.9034009e-01
   8.5072753e-01   0.0000000e+00   9.6293122e-03   9.9037069e-01
   8.5060972e-01   0.0000000e+00   9.4973041e-03   9.9050270e-01
   8.5057753e-01   0.0000000e+00   9.5084722e-03   9.9049153e-01
   8.5099671e-01   0.0000000e+00   9.6871999e-03   9.9031280e-01
   8.5108119e-01   0.0000000e+00   9.6816263e-03   9.9031837e-01
   8.5081160e-01   0.0000000e+00   9.5480365e-03   9.9045196e-01
   8.5097078e-01   0.0000000e+00   9.6454070e-03   9.9035459e-01
   8.5099699e-01   0.0000000e+00   9.6373545e-03   9.9036265e-01
   8.5136726e-01   0.0000000e+00   9.6219859e-03   9.9037801e-01
   8.5095067e-01   0.0000000e+00   9.5710778e-03   9.9042892e-01
   8.5117936e-01   0.0000000e+00   9.7488910e-03   9.9025111e-01
   8.5113439e-01   0.0000000e+00   9.7037283e-03   9.9029627e-01
   8.5118594e-01   0.0000000e+00   9.5708121e-03   9.9042919e-01
   8.5102594e-01   0.0000000e+00   9.7419639e-03   9.9025804e-01
   8.5109085e-01   0.0000000e+00   9.6866274e-03   9.9031337e-01
   8.5099409e-01   0.0000000e+00   9.7431360e-03   9.9025686e-01
   8.5111099e-01   0.0000000e+00   9.6844994e-03   9.9031550e-01
   8.5117197e-01   0.0000000e+00   9.7632012e-03   9.9023680e-01
   8.5116986e-01   0.0000000e+00   9.7152675e-03   9.9028473e-01
   8.5120558e-01   0.0000000e+00   9.5115247e-03   9.9048848e-01
   8.5115870e-01   0.0000000e+00   9.7846907e-03   9.9021531e-01
   8.5149439e-01   0.0000000e+00   9.7039280e-03   9.9029607e-01
   8.5109322e-01   0.0000000e+00   9.7639157e-03   9.9023608e-01
   8.5106703e-01   0.0000000e+00   9.7117962e-03   9.9028820e-01
   8.5121903e-01   0.0000000e+00   9.7210503e-03   9.9027895e-01
   8.5123366e-01   0.0000000e+00   9.7585299e-03   9.9024147e-01
   8.5066994e-01   0.0000000e+00   9.6362642e-03   9.9036374e-01
   8.5147182e-01   0.0000000e+00   9.7310158e-03   9.9026898e-01
   8.5142702e-01   0.0000000e+00   9.8429173e-03   9.9015708e-01
   8.5100871e-01   0.0000000e+00   9.4851428e-03   9.9051486e-01
   8.5147345e-01   0.0000000e+00   9.7611153e-03   9.9023888e-01
   8.5121636e-01   0.0000000e+00   9.7576184e-03   9.9024238e-01
   8.5137394e-01   0.0000000e+00   9.8068804e-03   9.9019312e-01
   8.5172263e-01   0.0000000e+00   9.7308979e-03   9.9026910e-01
   8.5130336e-01   0.0000000e+00   9.7328341e-03   9.9026717e-01
   8.5140779e-01   0.0000000e+00   9.8730541e-03   9.9012695e-01
   8.5130731e-01   0.0000000e+00   9.7122534e-03   9.9028775e-01
   8.5121499e-01   0.0000000e+00   9.8932628e-03   9.9010674e-01
   8.5130619e-01   0.0000000e+00   9.7593908e-03   9.9024061e-01
   8.5204678e-01   0.0000000e+00   9.7985847e-03   9.9020142e-01
   8.5132980e-01   0.0000000e+00   9.8087313e-03   9.9019127e-01
   8.5106291e-01   0.0000000e+00   9.8654910e-03   9.9013451e-01
   8.5137889e-01   0.0000000e+00   9.9043035e-03   9.9009570e-01
   8.5134249e-01   0.0000000e+00   9.8723755e-03   9.9012762e-01
   8.5147170e-01   0.0000000e+00   9.7979233e-03   9.9020208e-01
   8.5159932e-01   0.0000000e+00   9.6645519e-03   9.9033545e-01
   8.5125630e-01   0.0000000e+00   9.8466079e-03   9.9015339e-01
   8.5197067e-01   0.0000000e+00   9.8177539e-03   9.9018225e-01
   8.5124372e-01   0.0000000e+00   9.8548499e-03   9.9014515e-01
   8.5142377e-01   0.0000000e+00   9.9120775e-03   9.9008792e-01
   8.5016470e-01   0.0000000e+00   9.6144365e-03   9.9038556e-01
   8.5191955e-01   0.0000000e+00   1.0045049e-02   9.8995495e-01
   8.5146177e-01   0.0000000e+00   9.8189329e-03   9.9018107e-01
   8.5159831e-01   0.0000000e+00   1.0000043e-02   9.8999996e-01
   8.5154230e-01   0.0000000e+00   9.8891192e-03   9.9011088e-01
   8.5197286e-01   0.0000000e+00   9.8756503e-03   9.9012435e-01
   8.5174279e-01   0.0000000e+00   9.9813397e-03   9.9001866e-01
   8.5152077e-01   0.0000000e+00   9.9852308e-03   9.9001477e-01
   8.5159789e-01   0.0000000e+00   9.9748666e-03   9.9002513e-01
   8.5181466e-01   0.0000000e+00   1.0044763e-02   9.8995524e-01
   8.5102385e-01   0.0000000e+00   1.0112751e-02   9.8988725e-01
   8.5170387e-01   0.0000000e+00   9.9107321e-03   9.9008927e-01
   8.5140139e-01   0.0000000e+00   1.0130939e-02   9.8986906e-01
   8.5200663e-01   0.0000000e+00   9.6368722e-03   9.9036313e-01
   8.5142943e-01   0.0000000e+00   1.0019545e-02   9.8998045e-01
   8.5174744e-01   0.0000000e+00   9.8961080e-03   9.9010389e-01
   8.5178907e-01   0.0000000e+00   1.0168624e-02   9.8983138e-01
   8.5174976e-01   0.0000000e+00   1.0058259e-02   9.8994174e-01
   8.5151830e-01   0.0000000e+00   9.7070984e-03   9.9029290e-01
   8.5269112e-01   0.0000000e+00   9.9586401e-03   9.9004136e-01
   8.5202536e-01   0.0000000e+00   1.0191502e-02   9.8980850e-01
   8.5153939e-01   0.0000000e+00   9.9311343e-03   9.9006887e-01
   8.5136884e-01   0.0000000e+00   9.6530859e-03   9.9034691e-01
   8.5266633e-01   0.0000000e+00   1.0263790e-02   9.8973621e-01
   8.5210247e-01   0.0000000e+00   1.0181722e-02   9.8981828e-01
   8.5185712e-01   0.0000000e+00   9.9556388e-03   9.9004436e-01
   8.5224648e-01   0.0000000e+00   1.0415263e-02   9.8958474e-01
   8.5161811e-01   0.0000000e+00   1.0302638e-02   9.8969736e-01
   8.5172466e-01   0.0000000e+00   1.0080515e-02   9.8991948e-01
   8.5064152e-01   0.0000000e+00   1.0535612e-02   9.8946439e-01
   8.5173012e-01   0.0000000e+00   1.0216158e-02   9.8978384e-01
   8.5198731e-01   0.0000000e+00   1.0057252e-02   9.8994275e-01
   8.5230507e-01   0.0000000e+00   1.0476803e-02   9.8952320e-01
   8.5168193e-01   0.0000000e+00   9.5688563e-03   9.9043114e-01
   8.5217892e-01   0.0000000e+00   1.0251484e-02   9.8974852e-01
   8.5205001e-01   0.0000000e+00   1.0213189e-02   9.8978681e-01
   8.5246579e-01   0.0000000e+00   1.0287313e-02   9.8971269e-01
   8.5142604e-01   0.0000000e+00   1.0176273e-02   9.8982373e-01
   8.5241375e-01   0.0000000e+00   1.0276904e-02   9.8972310e-01
   8.5226885e-01   0.0000000e+00   1.0134377e-02   9.8986562e-01
   8.5217419e-01   0.0000000e+00   1.0163083e-02   9.8983692e-01
   8.5154280e-01   0.0000000e+00   1.0186067e-02   9.8981393e-01
   8.5211797e-01   0.0000000e+00   1.0273383e-02   9.8972662e-01
   8.5211170e-01   0.0000000e+00   9.9358291e-03   9.9006417e-01
   8.5290617e-01   0.0000000e+00   1.0497264e-02   9.8950274e-01
   8.5278083e-01   0.0000000e+00   1.0880721e-02   9.8911928e-01
   8.5295750e-01   0.0000000e+00   1.0559346e-02   9.8944065e-01
   8.5254733e-01   0.0000000e+00   1.0419316e-02   9.8958068e-01
   8.5198626e-01   0.0000000e+00   1.0323262e-02   9.8967674e-01
   8.5236202e-01   0.0000000e+00   1.0103049e-02   9.8989695e-01
   8.5280277e-01   0.0000000e+00   1.0555330e-02   9.8944467e-01
   8.5190472e-01   0.0000000e+00   1.0714201e-02   9.8928580e-01
   8.5229822e-01   0.0000000e+00   1.0158269e-02   9.8984173e-01
   8.5230063e-01   0.0000000e+00   1.0552692e-02   9.8944731e-01
   8.5212703e-01   0.0000000e+00   1.0529966e-02   9.8947003e-01
   8.5282863e-01   0.0000000e+00   1.0336549e-02   9.8966345e-01
   8.5299599e-01   0.0000000e+00   1.0532325e-02   9.8946768e-01
   8.5254775e-01   0.0000000e+00   9.7457644e-03   9.9025424e-01
   8.5301350e-01   0.0000000e+00   1.0656585e-02   9.8934342e-01
   8.5236719e-01   0.0000000e+00   1.0392653e-02   9.8960735e-01
   8.5143286e-01   0.0000000e+00   1.0453323e-02   9.8954668e-01
   8.5240474e-01   0.0000000e+00   1.0701521e-02   9.8929848e-01
   8.5279369e-01   0.0000000e+00   1.0538272e-02   9.8946173e-01
   8.5341336e-01   0.0000000e+00   1.0850024e-02   9.8914998e-01
   8.5351299e-01   0.0000000e+00   1.0748368e-02   9.8925163e-01
   8.5354608e-01   0.0000000e+00   1.0919909e-02   9.8908009e-01
   8.5178252e-01   0.0000000e+00   1.0578068e-02   9.8942193e-01
   8.5157039e-01   0.0000000e+00   1.1218781e-02   9.8878122e-01
   8.5298931e-01   0.0000000e+00   1.0713079e-02   9.8928692e-01
   8.5302520e-01   0.0000000e+00   1.0732214e-02   9.8926779e-01
   8.5185887e-01   0.0000000e+00   1.0532529e-02   9.8946747e-01
   8.5187779e-01   0.0000000e+00   1.0830961e-02   9.8916904e-01
   8.5227227e-01   0.0000000e+00   1.0869160e-02   9.8913084e-01
   8.5339998e-01   0.0000000e+00   9.9993110e-03   9.9000069e-01
   8.5405187e-01   0.0000000e+00   1.1167072e-02   9.8883293e-01
   8.5133182e-01   0.0000000e+00   1.0915696e-02   9.8908430e-01
   8.5207785e-01   0.0000000e+00   9.7747323e-03   9.9022527e-01
   8.5384404e-01   0.0000000e+00   9.7838436e-03   9.9021616e-01
   8.5130900e-01   0.0000000e+00   1.0995630e-02   9.8900437e-01
   8.5300396e-01   0.0000000e+00   1.0906106e-02   9.8909389e-01
   8.5238668e-01   0.0000000e+00   9.8049653e-03   9.9019503e-01
   8.5257999e-01   0.0000000e+00   1.0029845e-02   9.8997015e-01
   8.5167532e-01   0.0000000e+00   1.1586917e-02   9.8841308e-01
   8.5296920e-01   0.0000000e+00   1.0557851e-02   9.8944215e-01
   8.5316695e-01   0.0000000e+00   1.0046914e-02   9.8995309e-01
   8.5202126e-01   0.0000000e+00   1.1204462e-02   9.8879554e-01
   8.5518129e-01   0.0000000e+00   1.1828154e-02   9.8817185e-01
   8.5309315e-01   0.0000000e+00   1.0850106e-02   9.8914989e-01
   8.5299837e-01   0.0000000e+00   1.0689438e-02   9.8931056e-01
   8.5278005e-01   0.0000000e+00   9.5582920e-03   9.9044171e-01
   8.5350541e-01   0.0000000e+00   1.1021786e-02   9.8897821e-01
   8.5301617e-01   0.0000000e+00   1.0681709e-02   9.8931829e-01
   8.5412185e-01   0.0000000e+00   1.0756942e-02   9.8924306e-01
   8.5237249e-01   0.0000000e+00   1.0749779e-02   9.8925022e-01
   8.5287094e-01   0.0000000e+00   1.0845122e-02   9.8915488e-01
   8.5303053e-01   0.0000000e+00   1.0647099e-02   9.8935290e-01
   8.5281174e-01   0.0000000e+00   1.0942345e-02   9.8905765e-01
   8.5279353e-01   0.0000000e+00   1.0799856e-02   9.8920014e-01
   8.5306003e-01   0.0000000e+00   1.0781929e-02   9.8921807e-01
   8.5290676e-01   0.0000000e+00   1.1048541e-02   9.8895146e-01
   8.5264000e-01   0.0000000e+00   1.0529682e-02   9.8947032e-01
   8.5275094e-01   0.0000000e+00   1.0769312e-02   9.8923069e-01
   8.5275596e-01   0.0000000e+00   1.0739368e-02   9.8926063e-01
   8.5250112e-01   0.0000000e+00   1.1041449e-02   9.8895855e-01
   8.5281268e-01   0.0000000e+00   1.0707937e-02   9.8929206e-01
   8.5290793e-01   0.0000000e+00   1.1596648e-02   9.8840335e-01
   8.5397389e-01   0.0000000e+00   1.1201016e-02   9.8879898e-01
   8.5271817e-01   0.0000000e+00   1.0923566e-02   9.8907643e-01
   8.5437034e-01   0.0000000e+00   1.0945655e-02   9.8905434e-01
   8.5290765e-01   0.0000000e+00   1.1163475e-02   9.8883652e-01
   8.5255270e-01   0.0000000e+00   1.1052849e-02   9.8894715e-01
   8.5284660e-01   0.0000000e+00   1.1159186e-02   9.8884081e-01
   8.5277456e-01   0.0000000e+00   1.1019856e-02   9.8898014e-01
   8.5281440e-01   0.0000000e+00   1.1035876e-02   9.8896412e-01
   8.5252232e-01   0.0000000e+00   1.0900840e-02   9.8909916e-01
   8.5407121e-01   0.0000000e+00   1.0643796e-02   9.8935620e-01
   8.5204140e-01   0.0000000e+00   1.0520338e-02   9.8947966e-01
   8.5252729e-01   0.0000000e+00   1.1156391e-02   9.8884361e-01
   8.5233185e-01   0.0000000e+00   1.1011813e-02   9.8898819e-01
   8.5264365e-01   0.0000000e+00   1.1257627e-02   9.8874237e-01
   8.5251411e-01   0.0000000e+00   1.1271854e-02   9.8872815e-01
   8.5241895e-01   0.0000000e+00   1.1159075e-02   9.8884092e-01
   8.5249448e-01   0.0000000e+00   1.1316739e-02   9.8868326e-01
   8.5262683e-01   0.0000000e+00   1.0892142e-02   9.8910786e-01
   8.5207670e-01   0.0000000e+00   1.1048574e-02   9.8895143e-01
   8.5226084e-01   0.0000000e+00   1.1503119e-02   9.8849688e-01
   8.5497207e-01   0.0000000e+00   1.1903486e-02   9.8809651e-01
   8.5184262e-01   0.0000000e+00   1.1179801e-02   9.8882020e-01
   8.5238723e-01   0.0000000e+00   1.1457731e-02   9.8854227e-01
   8.5205159e-01   0.0000000e+00   1.1452621e-02   9.8854738e-01
   8.5198075e-01   0.0000000e+00   1.1411839e-02   9.8858816e-01
   8.5287665e-01   0.0000000e+00   1.1537331e-02   9.8846267e-01
   8.5198694e-01   0.0000000e+00   1.1594122e-02   9.8840588e-01
   8.5191321e-01   0.0000000e+00   1.1407648e-02   9.8859235e-01
   8.5233924e-01   0.0000000e+00   1.1585239e-02   9.8841476e-01
   8.5201137e-01   0.0000000e+00   1.1433282e-02   9.8856672e-01
   8.5172635e-01   0.0000000e+00   1.1195122e-02   9.8880488e-01
   8.5293146e-01   0.0000000e+00   1.2999204e-02   9.8700080e-01
   8.5187673e-01   0.0000000e+00   1.1349319e-02   9.8865068e-01
   8.5213091e-01   0.0000000e+00   1.1765580e-02   9.8823442e-01
   8.5168357e-01   0.0000000e+00   1.1686309e-02   9.8831369e-01
   8.5179599e-01   0.0000000e+00   1.1579213e-02   9.8842079e-01
   8.5129480e-01   0.0000000e+00   1.1649914e-02   9.8835009e-01
   8.5146870e-01   0.0000000e+00   1.1912992e-02   9.8808701e-01
   8.5100560e-01   0.0000000e+00   1.1503421e-02   9.8849658e-01
   8.5114940e-01   0.0000000e+00   1.1585931e-02   9.8841407e-01
   8.5151814e-01   0.0000000e+00   1.1700876e-02   9.8829912e-01
   8.5346291e-01   0.0000000e+00   1.2265920e-02   9.8773408e-01
   8.5041298e-01   0.0000000e+00   1.1628495e-02   9.8837151e-01
   8.5090526e-01   0.0000000e+00   1.1772273e-02   9.8822773e-01
   8.5127835e-01   0.0000000e+00   1.1946499e-02   9.8805350e-01
   8.5108642e-01   0.0000000e+00   1.1738181e-02   9.8826182e-01
   8.5256564e-01   0.0000000e+00   1.2295640e-02   9.8770436e-01
   8.5117312e-01   0.0000000e+00   1.2239127e-02   9.8776087e-01
   8.5065192e-01   0.0000000e+00   1.2044003e-02   9.8795600e-01
   8.5069987e-01   0.0000000e+00   1.1756380e-02   9.8824362e-01
   8.5095219e-01   0.0000000e+00   1.1713244e-02   9.8828676e-01
   8.5100795e-01   0.0000000e+00   1.2108411e-02   9.8789159e-01
   8.5140266e-01   0.0000000e+00   1.1857035e-02   9.8814296e-01
   8.5009740e-01   0.0000000e+00   1.1680069e-02   9.8831993e-01
   8.5093275e-01   0.0000000e+00   1.2102833e-02   9.8789717e-01
   8.5162210e-01   0.0000000e+00   1.1329949e-02   9.8867005e-01
   8.5018851e-01   0.0000000e+00   1.1969354e-02   9.8803065e-01
   8.5080393e-01   0.0000000e+00   1.2207723e-02   9.8779228e-01
   8.5199746e-01   0.0000000e+00   1.1447750e-02   9.8855225e-01
   8.5063234e-01   0.0000000e+00   1.2040528e-02   9.8795947e-01
   8.5028101e-01   0.0000000e+00   1.2729924e-02   9.8727008e-01
   8.4989181e-01   0.0000000e+00   1.2225681e-02   9.8777432e-01
   8.5010032e-01   0.0000000e+00   1.2662247e-02   9.8733775e-01
   8.5048144e-01   0.0000000e+00   1.2507097e-02   9.8749290e-01
   8.5030172e-01   0.0000000e+00   1.2222587e-02   9.8777741e-01
   8.5011200e-01   0.0000000e+00   1.2917967e-02   9.8708203e-01
   8.4875408e-01   0.0000000e+00   1.1586769e-02   9.8841323e-01
   8.4924315e-01   0.0000000e+00   1.2184866e-02   9.8781513e-01
   8.4933195e-01   0.0000000e+00   1.1644973e-02   9.8835503e-01
   8.5360945e-01   0.0000000e+00   1.2772309e-02   9.8722769e-01
   8.5021701e-01   0.0000000e+00   1.2634141e-02   9.8736586e-01
   8.4967041e-01   0.0000000e+00   1.2495832e-02   9.8750417e-01
   8.5116756e-01   0.0000000e+00   1.0000389e-02   9.8999961e-01
   8.4963979e-01   0.0000000e+00   1.3029862e-02   9.8697014e-01
   8.5312267e-01   0.0000000e+00   1.5743594e-02   9.8425641e-01
   8.4926633e-01   0.0000000e+00   1.2752559e-02   9.8724744e-01
   8.5017821e-01   0.0000000e+00   1.3221378e-02   9.8677862e-01
   8.5082102e-01   0.0000000e+00   1.0383241e-02   9.8961676e-01
   8.4886434e-01   0.0000000e+00   1.2647548e-02   9.8735245e-01
   8.5160660e-01   0.0000000e+00   1.0844760e-02   9.8915524e-01
   8.5121539e-01   0.0000000e+00   1.2777613e-02   9.8722239e-01
   8.4849469e-01   0.0000000e+00   1.2410783e-02   9.8758922e-01
   8.4928595e-01   0.0000000e+00   1.3477223e-02   9.8652278e-01
   8.4798383e-01   0.0000000e+00   1.3273066e-02   9.8672693e-01
   8.4863402e-01   0.0000000e+00   1.3358214e-02   9.8664179e-01
   8.4745899e-01   0.0000000e+00   1.1767848e-02   9.8823215e-01
   8.4872535e-01   0.0000000e+00   1.3108084e-02   9.8689192e-01
   8.4875105e-01   0.0000000e+00   1.3709621e-02   9.8629038e-01
   8.4871534e-01   0.0000000e+00   1.2895585e-02   9.8710441e-01
   8.4773806e-01   0.0000000e+00   1.2721987e-02   9.8727801e-01
   8.4862302e-01   0.0000000e+00   1.2585355e-02   9.8741464e-01
   8.4831179e-01   0.0000000e+00   1.3411348e-02   9.8658865e-01
   8.5269218e-01   0.0000000e+00   1.0242096e-02   9.8975790e-01
   8.4802950e-01   0.0000000e+00   1.3687918e-02   9.8631208e-01
   8.4755728e-01   0.0000000e+00   1.2644226e-02   9.8735577e-01
   8.4952414e-01   0.0000000e+00   1.3997537e-02   9.8600246e-01
   8.4746435e-01   0.0000000e+00   1.1133908e-02   9.8886609e-01
   8.4870035e-01   0.0000000e+00   1.3344979e-02   9.8665502e-01
   8.4923594e-01   0.0000000e+00   1.4909840e-02   9.8509016e-01
   8.5258927e-01   0.0000000e+00   1.3484835e-02   9.8651517e-01
   8.5385691e-01   0.0000000e+00   1.4995083e-02   9.8500492e-01
   8.4686674e-01   0.0000000e+00   1.3774940e-02   9.8622506e-01
   8.5096839e-01   0.0000000e+00   1.0732825e-02   9.8926718e-01
   8.4767061e-01   0.0000000e+00   1.4672796e-02   9.8532720e-01
   8.4615521e-01   0.0000000e+00   1.2816998e-02   9.8718300e-01
   8.4539909e-01   0.0000000e+00   1.4760356e-02   9.8523964e-01
   8.4669639e-01   0.0000000e+00   1.3820057e-02   9.8617994e-01
   8.4638361e-01   0.0000000e+00   1.4376812e-02   9.8562319e-01
   8.4704957e-01   0.0000000e+00   1.4558096e-02   9.8544190e-01
   8.4659908e-01   0.0000000e+00   1.4183085e-02   9.8581691e-01
   8.4635975e-01   0.0000000e+00   1.4440914e-02   9.8555909e-01
   8.4442943e-01   0.0000000e+00   1.1416712e-02   9.8858329e-01
   8.4620486e-01   0.0000000e+00   1.5063477e-02   9.8493652e-01
   8.4530259e-01   0.0000000e+00   1.2726743e-02   9.8727326e-01
   8.4584067e-01   0.0000000e+00   1.4726621e-02   9.8527338e-01
   8.4478495e-01   0.0000000e+00   1.4862587e-02   9.8513741e-01
   8.4574326e-01   0.0000000e+00   1.5690125e-02   9.8430988e-01
   8.4874109e-01   0.0000000e+00   1.5793366e-02   9.8420663e-01
   8.4568249e-01   0.0000000e+00   1.2689540e-02   9.8731046e-01
   8.4705830e-01   0.0000000e+00   1.4516408e-02   9.8548359e-01
   8.4733163e-01   0.0000000e+00   1.4505602e-02   9.8549440e-01
   8.4419298e-01   0.0000000e+00   1.4368612e-02   9.8563139e-01
   8.4626454e-01   0.0000000e+00   1.6666882e-02   9.8333312e-01
   8.4215505e-01   0.0000000e+00   1.3863365e-02   9.8613663e-01
   8.4268346e-01   0.0000000e+00   1.4436962e-02   9.8556304e-01
   8.4394071e-01   0.0000000e+00   1.6104421e-02   9.8389558e-01
   8.4432419e-01   0.0000000e+00   1.6244848e-02   9.8375515e-01
   8.4325242e-01   0.0000000e+00   1.5832693e-02   9.8416731e-01
   8.4357852e-01   0.0000000e+00   1.7268815e-02   9.8273118e-01
   8.4360785e-01   0.0000000e+00   1.5572952e-02   9.8442705e-01
   8.4403654e-01   0.0000000e+00   1.5500819e-02   9.8449918e-01
   8.4203124e-01   0.0000000e+00   1.3034612e-02   9.8696539e-01
   8.4369334e-01   0.0000000e+00   1.6422718e-02   9.8357728e-01
   8.4349504e-01   0.0000000e+00   1.7180799e-02   9.8281920e-01
   8.4237900e-01   0.0000000e+00   1.5865081e-02   9.8413492e-01
   8.4464829e-01   0.0000000e+00   1.5720040e-02   9.8427996e-01
   8.4113181e-01   0.0000000e+00   1.6815484e-02   9.8318452e-01
   8.4194460e-01   0.0000000e+00   1.5967321e-02   9.8403268e-01
   8.5061515e-01   0.0000000e+00   9.5100007e-03   9.9049000e-01
   8.5058693e-01   0.0000000e+00   9.5933309e-03   9.9040667e-01
   8.5109657e-01   0.0000000e+00   9.4845610e-03   9.9051544e-01
   8.5123955e-01   0.0000000e+00   9.5250992e-03   9.9047490e-01
   8.5099922e-01   0.0000000e+00   9.7448975e-03   9.9025510e-01
   8.4016613e-01   0.0000000e+00   1.6070011e-02   9.8392999e-01
   8.5119125e-01   0.0000000e+00   9.5913527e-03   9.9040865e-01
   8.5199475e-01   0.0000000e+00   1.0540142e-02   9.8945986e-01
   8.4061495e-01   0.0000000e+00   1.7094201e-02   9.8290580e-01
   8.3807454e-01   0.0000000e+00   1.5151433e-02   9.8484857e-01
   8.5088276e-01   0.0000000e+00   9.8365869e-03   9.9016341e-01
   8.4234718e-01   0.0000000e+00   1.8651114e-02   9.8134889e-01
   8.4224693e-01   0.0000000e+00   1.8129943e-02   9.8187006e-01
   8.4016576e-01   0.0000000e+00   1.7271240e-02   9.8272876e-01
   8.4019798e-01   0.0000000e+00   1.7496309e-02   9.8250369e-01
   8.4049465e-01   0.0000000e+00   1.7726555e-02   9.8227344e-01
   8.3895592e-01   0.0000000e+00   1.8877077e-02   9.8112292e-01
   8.4061580e-01   0.0000000e+00   1.7520495e-02   9.8247951e-01
   8.4124924e-01   0.0000000e+00   1.5823363e-02   9.8417664e-01
   8.4055666e-01   0.0000000e+00   1.8434858e-02   9.8156514e-01
   8.3898666e-01   0.0000000e+00   1.9075492e-02   9.8092451e-01
   8.3860877e-01   0.0000000e+00   1.7400618e-02   9.8259938e-01
   8.4007265e-01   0.0000000e+00   1.5128319e-02   9.8487168e-01
   8.3759671e-01   0.0000000e+00   1.9143285e-02   9.8085671e-01
   8.3846813e-01   0.0000000e+00   1.8933775e-02   9.8106623e-01
   8.3765210e-01   0.0000000e+00   1.7805428e-02   9.8219457e-01
   8.3894576e-01   0.0000000e+00   1.8208258e-02   9.8179174e-01
   8.3916111e-01   0.0000000e+00   1.8275424e-02   9.8172458e-01
   8.3825916e-01   0.0000000e+00   1.7761468e-02   9.8223853e-01
   8.3807940e-01   0.0000000e+00   1.7901321e-02   9.8209868e-01
   8.4234997e-01   0.0000000e+00   2.1067708e-02   9.7893229e-01
   8.3667492e-01   0.0000000e+00   1.8940662e-02   9.8105934e-01
   8.3594648e-01   0.0000000e+00   1.8291540e-02   9.8170846e-01
   8.3502232e-01   0.0000000e+00   1.8872196e-02   9.8112780e-01
   8.3699785e-01   0.0000000e+00   1.8286834e-02   9.8171317e-01
   8.3855771e-01   0.0000000e+00   2.0433364e-02   9.7956664e-01
   8.3614839e-01   0.0000000e+00   1.9727302e-02   9.8027270e-01
   8.3628830e-01   0.0000000e+00   1.7381488e-02   9.8261851e-01
   8.3566984e-01   0.0000000e+00   1.8040687e-02   9.8195931e-01
   8.3638043e-01   0.0000000e+00   1.7645690e-02   9.8235431e-01
   8.3482407e-01   0.0000000e+00   1.9596935e-02   9.8040306e-01
   8.3714385e-01   0.0000000e+00   1.9082010e-02   9.8091799e-01
   8.3499244e-01   0.0000000e+00   1.8200297e-02   9.8179970e-01
   8.3455529e-01   0.0000000e+00   1.9839665e-02   9.8016034e-01
   8.3676514e-01   0.0000000e+00   1.7490718e-02   9.8250928e-01
   8.3564344e-01   0.0000000e+00   1.8135070e-02   9.8186493e-01
   8.3569851e-01   0.0000000e+00   1.6838483e-02   9.8316152e-01
   8.3587476e-01   0.0000000e+00   2.0151649e-02   9.7984835e-01
   8.3771280e-01   0.0000000e+00   1.8896198e-02   9.8110380e-01
   8.3585254e-01   0.0000000e+00   1.8785312e-02   9.8121469e-01
   8.3316983e-01   0.0000000e+00   1.9717210e-02   9.8028279e-01
   8.3494022e-01   0.0000000e+00   1.8532110e-02   9.8146789e-01
   8.3338336e-01   0.0000000e+00   2.0341186e-02   9.7965881e-01
   8.3634420e-01   0.0000000e+00   2.1962070e-02   9.7803793e-01
   8.3558639e-01   0.0000000e+00   1.7567352e-02   9.8243265e-01
   8.3698294e-01   0.0000000e+00   2.0427780e-02   9.7957222e-01
   8.3595883e-01   0.0000000e+00   1.9468495e-02   9.8053151e-01
   8.3572348e-01   0.0000000e+00   1.6798144e-02   9.8320186e-01
   8.3379733e-01   0.0000000e+00   1.7400747e-02   9.8259925e-01
   8.3371574e-01   0.0000000e+00   1.7727442e-02   9.8227256e-01
   8.3595130e-01   0.0000000e+00   1.5813796e-02   9.8418620e-01
   8.3504531e-01   0.0000000e+00   2.1010598e-02   9.7898940e-01
   8.3404827e-01   0.0000000e+00   1.8884152e-02   9.8111585e-01
   8.3556448e-01   0.0000000e+00   1.8514522e-02   9.8148548e-01
   8.3628074e-01   0.0000000e+00   1.6409476e-02   9.8359052e-01
   8.3463773e-01   0.0000000e+00   1.8097487e-02   9.8190251e-01
   8.3509383e-01   0.0000000e+00   1.7700922e-02   9.8229908e-01
   8.3295540e-01   0.0000000e+00   1.9294192e-02   9.8070581e-01
   8.3471607e-01   0.0000000e+00   1.7906008e-02   9.8209399e-01
   8.3562592e-01   0.0000000e+00   1.7323093e-02   9.8267691e-01
   8.3660762e-01   0.0000000e+00   1.4251857e-02   9.8574814e-01
   8.3096335e-01   0.0000000e+00   2.1765049e-02   9.7823495e-01
   8.3351056e-01   0.0000000e+00   1.9508428e-02   9.8049157e-01
   8.3276314e-01   0.0000000e+00   1.7594655e-02   9.8240534e-01
   8.3399020e-01   0.0000000e+00   1.8241411e-02   9.8175859e-01
   8.3177144e-01   0.0000000e+00   1.9850338e-02   9.8014966e-01
   8.3669193e-01   0.0000000e+00   1.6666267e-02   9.8333373e-01
   8.3397032e-01   0.0000000e+00   1.9913519e-02   9.8008648e-01
   8.3419803e-01   0.0000000e+00   1.6623736e-02   9.8337626e-01
   8.3202620e-01   0.0000000e+00   1.8751335e-02   9.8124867e-01
   8.3430623e-01   0.0000000e+00   1.6939007e-02   9.8306099e-01
   8.3031070e-01   0.0000000e+00   2.0101021e-02   9.7989898e-01
   8.3453657e-01   0.0000000e+00   2.3701003e-02   9.7629900e-01
   8.3495496e-01   0.0000000e+00   1.6103635e-02   9.8389637e-01
   8.3351540e-01   0.0000000e+00   1.7946207e-02   9.8205379e-01
   8.3707623e-01   0.0000000e+00   1.5459661e-02   9.8454034e-01
   8.3925106e-01   0.0000000e+00   1.0875603e-02   9.8912440e-01
   8.2981976e-01   0.0000000e+00   2.1927829e-02   9.7807217e-01
   8.3799848e-01   0.0000000e+00   1.5987211e-02   9.8401279e-01
   8.3522982e-01   0.0000000e+00   1.6203056e-02   9.8379694e-01
   8.3358168e-01   0.0000000e+00   2.1376532e-02   9.7862347e-01
   8.3134008e-01   0.0000000e+00   1.6599844e-02   9.8340016e-01
   8.3174574e-01   0.0000000e+00   2.0969271e-02   9.7903073e-01
   8.3306639e-01   0.0000000e+00   1.7578656e-02   9.8242134e-01
   8.3412911e-01   0.0000000e+00   2.0696985e-02   9.7930302e-01
   8.3086887e-01   0.0000000e+00   2.0811622e-02   9.7918838e-01
   8.3180578e-01   0.0000000e+00   1.9739341e-02   9.8026066e-01
   8.3566924e-01   0.0000000e+00   1.4665017e-02   9.8533498e-01
   8.3168404e-01   0.0000000e+00   1.7398385e-02   9.8260162e-01
   8.3288438e-01   0.0000000e+00   1.7142742e-02   9.8285726e-01
   8.3182890e-01   0.0000000e+00   1.6740372e-02   9.8325963e-01
   8.3452949e-01   0.0000000e+00   1.8129781e-02   9.8187022e-01
   8.3652356e-01   0.0000000e+00   1.4921208e-02   9.8507879e-01
   8.3699236e-01   0.0000000e+00   1.7210480e-02   9.8278952e-01
   8.4133413e-01   0.0000000e+00   1.3657990e-02   9.8634201e-01
   8.2919622e-01   0.0000000e+00   2.0829102e-02   9.7917090e-01
   8.3669649e-01   0.0000000e+00   1.4109636e-02   9.8589036e-01
   8.3195975e-01   0.0000000e+00   1.9347427e-02   9.8065257e-01
   8.3592985e-01   0.0000000e+00   1.6157900e-02   9.8384210e-01
   8.3219576e-01   0.0000000e+00   2.1945616e-02   9.7805438e-01
   8.3464830e-01   0.0000000e+00   1.4794626e-02   9.8520537e-01
   8.3279009e-01   0.0000000e+00   2.0768745e-02   9.7923126e-01
   8.2592809e-01   0.0000000e+00   2.2507512e-02   9.7749249e-01
   8.3723538e-01   0.0000000e+00   1.4596686e-02   9.8540331e-01
   8.3109765e-01   0.0000000e+00   1.7699629e-02   9.8230037e-01
   8.3377268e-01   0.0000000e+00   1.6599260e-02   9.8340074e-01
   8.3922657e-01   0.0000000e+00   1.1075129e-02   9.8892487e-01
   8.2786153e-01   0.0000000e+00   1.9183423e-02   9.8081658e-01
   8.3270708e-01   0.0000000e+00   1.8895970e-02   9.8110403e-01
   8.2980888e-01   0.0000000e+00   2.5313528e-02   9.7468647e-01
   8.4009263e-01   0.0000000e+00   1.4405705e-02   9.8559429e-01
   8.2837761e-01   0.0000000e+00   1.6589475e-02   9.8341052e-01
   8.3938769e-01   0.0000000e+00   1.2962274e-02   9.8703773e-01
   8.3014159e-01   0.0000000e+00   1.5800556e-02   9.8419944e-01
   8.3780015e-01   0.0000000e+00   1.4612912e-02   9.8538709e-01
   8.4094606e-01   0.0000000e+00   1.3899508e-02   9.8610049e-01
   8.4014295e-01   0.0000000e+00   1.3840399e-02   9.8615960e-01
   8.3350186e-01   0.0000000e+00   1.5769958e-02   9.8423004e-01
   8.3284941e-01   0.0000000e+00   1.4587215e-02   9.8541278e-01
   8.3223821e-01   0.0000000e+00   1.4872598e-02   9.8512740e-01
   8.3512714e-01   0.0000000e+00   1.4495018e-02   9.8550498e-01
   8.3717676e-01   0.0000000e+00   1.3737591e-02   9.8626241e-01
   8.2688136e-01   0.0000000e+00   1.7601541e-02   9.8239846e-01
   8.3470319e-01   0.0000000e+00   1.6376774e-02   9.8362323e-01
   8.3557138e-01   0.0000000e+00   1.5505897e-02   9.8449410e-01
   8.4112188e-01   0.0000000e+00   1.2691113e-02   9.8730889e-01
   8.3633597e-01   0.0000000e+00   1.3472454e-02   9.8652755e-01
   8.3734379e-01   0.0000000e+00   1.3201241e-02   9.8679876e-01
   8.4065717e-01   0.0000000e+00   1.2933088e-02   9.8706691e-01
   8.3616183e-01   0.0000000e+00   1.4975718e-02   9.8502428e-01
   8.3471202e-01   0.0000000e+00   1.4477794e-02   9.8552221e-01
   8.3946387e-01   0.0000000e+00   1.4334179e-02   9.8566582e-01
   8.3945053e-01   0.0000000e+00   1.3368260e-02   9.8663174e-01
   8.3532433e-01   0.0000000e+00   1.3713509e-02   9.8628649e-01
   8.3699489e-01   0.0000000e+00   1.3330382e-02   9.8666962e-01
   8.3811545e-01   0.0000000e+00   1.4925718e-02   9.8507428e-01
   8.3894604e-01   0.0000000e+00   1.3503732e-02   9.8649627e-01
   8.3539808e-01   0.0000000e+00   1.2659123e-02   9.8734088e-01
   8.3256934e-01   0.0000000e+00   1.2319562e-02   9.8768044e-01
   8.3782305e-01   0.0000000e+00   1.2937342e-02   9.8706266e-01
   8.3649818e-01   0.0000000e+00   1.3499606e-02   9.8650039e-01
   8.3583274e-01   0.0000000e+00   1.2955100e-02   9.8704490e-01
   8.3206043e-01   0.0000000e+00   1.4297221e-02   9.8570278e-01
   8.3460469e-01   0.0000000e+00   1.3874426e-02   9.8612557e-01
   8.3525439e-01   0.0000000e+00   1.3370288e-02   9.8662971e-01
   8.3892789e-01   0.0000000e+00   1.2453791e-02   9.8754621e-01
   8.4398390e-01   0.0000000e+00   1.2562249e-02   9.8743775e-01
   8.4301526e-01   0.0000000e+00   1.2611447e-02   9.8738855e-01
   8.4323337e-01   0.0000000e+00   1.2405900e-02   9.8759410e-01
   8.3280044e-01   0.0000000e+00   1.2000938e-02   9.8799906e-01
   8.3733499e-01   0.0000000e+00   1.4823311e-02   9.8517669e-01
   8.3512989e-01   0.0000000e+00   1.3285562e-02   9.8671444e-01
   8.3790183e-01   0.0000000e+00   1.6635647e-02   9.8336435e-01
   8.3462973e-01   0.0000000e+00   1.3456910e-02   9.8654309e-01
   8.4561736e-01   0.0000000e+00   9.7209585e-03   9.9027904e-01
   8.3738185e-01   0.0000000e+00   1.2209826e-02   9.8779017e-01
   8.4335123e-01   0.0000000e+00   1.3344560e-02   9.8665544e-01
   8.3144863e-01   0.0000000e+00   1.4168527e-02   9.8583147e-01
   8.2574532e-01   0.0000000e+00   1.5393175e-02   9.8460682e-01
   8.3533264e-01   0.0000000e+00   1.3331838e-02   9.8666816e-01
   8.4230063e-01   0.0000000e+00   9.5271365e-03   9.9047286e-01
   8.4130947e-01   0.0000000e+00   1.5167811e-02   9.8483219e-01
   8.3517952e-01   0.0000000e+00   1.2960697e-02   9.8703930e-01
   8.3378102e-01   0.0000000e+00   1.3967453e-02   9.8603255e-01
   8.3434727e-01   0.0000000e+00   1.7678816e-02   9.8232118e-01
   8.3213743e-01   0.0000000e+00   1.2839482e-02   9.8716052e-01
   8.4035339e-01   0.0000000e+00   1.3782405e-02   9.8621759e-01
   8.3412494e-01   0.0000000e+00   1.3361355e-02   9.8663864e-01
   8.3494201e-01   0.0000000e+00   1.3193898e-02   9.8680610e-01
   8.3240877e-01   0.0000000e+00   1.3161866e-02   9.8683813e-01
   8.4246470e-01   0.0000000e+00   1.0217266e-02   9.8978273e-01
   8.3216623e-01   0.0000000e+00   1.3522562e-02   9.8647744e-01
   8.3787772e-01   0.0000000e+00   1.1744663e-02   9.8825534e-01
   8.3352431e-01   0.0000000e+00   1.9904657e-02   9.8009534e-01
   8.2851089e-01   0.0000000e+00   1.0872154e-02   9.8912785e-01
   8.3211935e-01   0.0000000e+00   1.3526338e-02   9.8647366e-01
   8.3161571e-01   0.0000000e+00   1.3552216e-02   9.8644778e-01
   8.3151459e-01   0.0000000e+00   1.3575178e-02   9.8642482e-01
   8.3343961e-01   0.0000000e+00   1.2671698e-02   9.8732830e-01
   8.3121594e-01   0.0000000e+00   1.4595409e-02   9.8540459e-01
   8.3172552e-01   0.0000000e+00   1.2926684e-02   9.8707332e-01
   8.4530729e-01   0.0000000e+00   1.0527387e-02   9.8947261e-01
   8.4149729e-01   0.0000000e+00   1.5380365e-02   9.8461964e-01
   8.3963925e-01   0.0000000e+00   1.2648577e-02   9.8735142e-01
   8.2446350e-01   0.0000000e+00   1.5163831e-02   9.8483617e-01
   8.3136481e-01   0.0000000e+00   1.3842235e-02   9.8615776e-01
   8.2946316e-01   0.0000000e+00   1.4313068e-02   9.8568693e-01
   8.3138824e-01   0.0000000e+00   1.3641229e-02   9.8635877e-01
   8.2637789e-01   0.0000000e+00   1.3594819e-02   9.8640518e-01
   8.3851338e-01   0.0000000e+00   9.7480317e-03   9.9025197e-01
   8.4149837e-01   0.0000000e+00   1.2696621e-02   9.8730338e-01
   8.3831763e-01   0.0000000e+00   1.6370261e-02   9.8362974e-01
   8.4480926e-01   0.0000000e+00   1.1084830e-02   9.8891517e-01
   8.2631141e-01   0.0000000e+00   1.3689059e-02   9.8631094e-01
   8.2484338e-01   0.0000000e+00   1.4692218e-02   9.8530778e-01
   8.4143116e-01   0.0000000e+00   1.3654101e-02   9.8634590e-01
   8.2588533e-01   0.0000000e+00   1.4431320e-02   9.8556868e-01
   8.3560948e-01   0.0000000e+00   1.3484851e-02   9.8651515e-01
   8.2838871e-01   0.0000000e+00   1.3954148e-02   9.8604585e-01
   8.2708832e-01   0.0000000e+00   1.2796419e-02   9.8720358e-01
   8.4322738e-01   0.0000000e+00   1.4104436e-02   9.8589556e-01
   8.2590572e-01   0.0000000e+00   1.4433310e-02   9.8556669e-01
   8.2635874e-01   0.0000000e+00   1.4288584e-02   9.8571142e-01
   8.2708818e-01   0.0000000e+00   1.5323629e-02   9.8467637e-01
   8.2988780e-01   0.0000000e+00   1.4892448e-02   9.8510755e-01
   8.2426889e-01   0.0000000e+00   1.6028360e-02   9.8397164e-01
   8.2630945e-01   0.0000000e+00   1.5751612e-02   9.8424839e-01
   8.2743328e-01   0.0000000e+00   1.3667269e-02   9.8633273e-01
   8.3467026e-01   0.0000000e+00   1.2151858e-02   9.8784814e-01
   8.1949579e-01   0.0000000e+00   1.4751272e-02   9.8524873e-01
   8.2354657e-01   0.0000000e+00   1.5476583e-02   9.8452342e-01
   8.2401581e-01   0.0000000e+00   1.3745820e-02   9.8625418e-01
   8.1153272e-01   0.0000000e+00   1.6477955e-02   9.8352204e-01
   8.2480259e-01   0.0000000e+00   1.2278938e-02   9.8772106e-01
   8.1892066e-01   0.0000000e+00   1.5003130e-02   9.8499687e-01
   8.3893111e-01   0.0000000e+00   1.7568032e-02   9.8243197e-01
   8.2013384e-01   0.0000000e+00   1.3704263e-02   9.8629574e-01
   8.4027896e-01   0.0000000e+00   1.5886536e-02   9.8411346e-01
   8.3913282e-01   0.0000000e+00   1.1983715e-02   9.8801629e-01
   8.1895858e-01   0.0000000e+00   1.3283240e-02   9.8671676e-01
   8.1832255e-01   0.0000000e+00   1.6264167e-02   9.8373583e-01
   8.2181691e-01   0.0000000e+00   1.3042998e-02   9.8695700e-01
   8.1632929e-01   0.0000000e+00   1.4398033e-02   9.8560197e-01
   8.2677559e-01   0.0000000e+00   1.7339138e-02   9.8266086e-01
   8.2457549e-01   0.0000000e+00   1.6729118e-02   9.8327088e-01
   8.1668793e-01   0.0000000e+00   1.6282891e-02   9.8371711e-01
   8.3929111e-01   0.0000000e+00   1.5278086e-02   9.8472191e-01
   8.3025438e-01   0.0000000e+00   1.4243675e-02   9.8575633e-01
   8.0994757e-01   0.0000000e+00   1.5748403e-02   9.8425160e-01
   8.1750832e-01   0.0000000e+00   1.3227114e-02   9.8677289e-01
   8.1382064e-01   0.0000000e+00   1.5227262e-02   9.8477274e-01
   8.1507680e-01   0.0000000e+00   1.8027897e-02   9.8197210e-01
   8.1126816e-01   0.0000000e+00   1.5919929e-02   9.8408007e-01
   8.4087341e-01   0.0000000e+00   1.6026379e-02   9.8397362e-01
   8.1610334e-01   0.0000000e+00   1.5958918e-02   9.8404108e-01
   8.4089315e-01   0.0000000e+00   1.6312618e-02   9.8368738e-01
   8.1661454e-01   0.0000000e+00   1.5746783e-02   9.8425322e-01
   8.4373877e-01   0.0000000e+00   1.2776357e-02   9.8722364e-01
   8.4119185e-01   0.0000000e+00   1.9280256e-02   9.8071974e-01
   8.4140914e-01   0.0000000e+00   1.6838801e-02   9.8316120e-01
   8.3818275e-01   0.0000000e+00   1.5057102e-02   9.8494290e-01
   8.1327061e-01   0.0000000e+00   1.3641429e-02   9.8635857e-01
   8.3850011e-01   0.0000000e+00   1.3705960e-02   9.8629404e-01
   8.1925738e-01   0.0000000e+00   1.7837037e-02   9.8216296e-01
   8.1424336e-01   0.0000000e+00   1.4909909e-02   9.8509009e-01
   8.1057072e-01   0.0000000e+00   1.6479392e-02   9.8352061e-01
   8.1921098e-01   0.0000000e+00   1.5474008e-02   9.8452599e-01
   8.1490315e-01   0.0000000e+00   1.4267626e-02   9.8573237e-01
   8.4150330e-01   0.0000000e+00   1.2982539e-02   9.8701746e-01
   8.1726271e-01   0.0000000e+00   1.6124546e-02   9.8387545e-01
   8.1277816e-01   0.0000000e+00   1.3612946e-02   9.8638705e-01
   8.1557460e-01   0.0000000e+00   1.1675040e-02   9.8832496e-01
   8.1932671e-01   0.0000000e+00   1.4335609e-02   9.8566439e-01
   8.3830567e-01   0.0000000e+00   1.5460626e-02   9.8453937e-01
   8.4385179e-01   0.0000000e+00   1.2015221e-02   9.8798478e-01
   8.3759652e-01   0.0000000e+00   1.8303427e-02   9.8169657e-01
   8.0564773e-01   0.0000000e+00   1.6603704e-02   9.8339630e-01
   8.4249927e-01   0.0000000e+00   1.2516729e-02   9.8748327e-01
   8.0554289e-01   0.0000000e+00   1.4586935e-02   9.8541307e-01
   8.4390582e-01   0.0000000e+00   1.2934861e-02   9.8706514e-01
   8.3984272e-01   0.0000000e+00   2.0601143e-02   9.7939886e-01
   8.4190971e-01   0.0000000e+00   1.4558330e-02   9.8544167e-01
   8.3847948e-01   0.0000000e+00   1.5032228e-02   9.8496777e-01
   8.1004921e-01   0.0000000e+00   1.8692028e-02   9.8130797e-01
   8.1844184e-01   0.0000000e+00   1.9138499e-02   9.8086150e-01
   8.1617320e-01   0.0000000e+00   2.1560000e-02   9.7844000e-01
   7.9625998e-01   0.0000000e+00   1.8188847e-02   9.8181115e-01
   8.0609546e-01   0.0000000e+00   2.1338275e-02   9.7866173e-01
   8.0162886e-01   0.0000000e+00   1.8442282e-02   9.8155772e-01
   8.4334960e-01   0.0000000e+00   1.1657555e-02   9.8834245e-01
   8.0507094e-01   0.0000000e+00   1.9947699e-02   9.8005230e-01
