   3.2042891e-01   0.0000000e+00   1.0864885e-02   9.8913512e-01
   3.2044137e-01   0.0000000e+00   1.0894607e-02   9.8910539e-01
   3.2045723e-01   0.0000000e+00   1.0838025e-02   9.8916197e-01
   3.2049323e-01   0.0000000e+00   1.0898037e-02   9.8910196e-01
   3.2050261e-01   0.0000000e+00   1.0818531e-02   9.8918147e-01
   3.2052368e-01   0.0000000e+00   1.0880767e-02   9.8911923e-01
   3.2053115e-01   0.0000000e+00   1.0886076e-02   9.8911392e-01
   3.2057316e-01   0.0000000e+00   1.0839500e-02   9.8916050e-01
   3.2057496e-01   0.0000000e+00   1.0848939e-02   9.8915106e-01
   3.2060122e-01   0.0000000e+00   1.0835610e-02   9.8916439e-01
   3.2064158e-01   0.0000000e+00   1.0869030e-02   9.8913097e-01
   3.2065430e-01   0.0000000e+00   1.0857143e-02   9.8914286e-01
   3.2065829e-01   0.0000000e+00   1.0865487e-02   9.8913451e-01
   3.2066499e-01   0.0000000e+00   1.0860474e-02   9.8913953e-01
   3.2068150e-01   0.0000000e+00   1.0829261e-02   9.8917074e-01
   3.2068950e-01   0.0000000e+00   1.0833983e-02   9.8916602e-01
   3.2069936e-01   0.0000000e+00   1.0875048e-02   9.8912495e-01
   3.2070589e-01   0.0000000e+00   1.0860428e-02   9.8913957e-01
   3.2070652e-01   0.0000000e+00   1.0827468e-02   9.8917253e-01
   3.2071631e-01   0.0000000e+00   1.0831646e-02   9.8916835e-01
   3.2072273e-01   0.0000000e+00   1.0848773e-02   9.8915123e-01
   3.2072410e-01   0.0000000e+00   1.0816022e-02   9.8918398e-01
   3.2072435e-01   0.0000000e+00   1.0839941e-02   9.8916006e-01
   3.2072802e-01   0.0000000e+00   1.0839284e-02   9.8916072e-01
   3.2073008e-01   0.0000000e+00   1.0839505e-02   9.8916050e-01
   3.2074823e-01   0.0000000e+00   1.0838092e-02   9.8916191e-01
   3.2075596e-01   0.0000000e+00   1.0863950e-02   9.8913605e-01
   3.2076790e-01   0.0000000e+00   1.0880647e-02   9.8911935e-01
   3.2077105e-01   0.0000000e+00   1.0822008e-02   9.8917799e-01
   3.2077255e-01   0.0000000e+00   1.0836831e-02   9.8916317e-01
   3.2077276e-01   0.0000000e+00   1.0831625e-02   9.8916838e-01
   3.2077438e-01   0.0000000e+00   1.0893623e-02   9.8910638e-01
   3.2077467e-01   0.0000000e+00   1.0830944e-02   9.8916906e-01
   3.2078241e-01   0.0000000e+00   1.0864692e-02   9.8913531e-01
   3.2080544e-01   0.0000000e+00   1.0864187e-02   9.8913581e-01
   3.2080713e-01   0.0000000e+00   1.0826320e-02   9.8917368e-01
   3.2080768e-01   0.0000000e+00   1.0827527e-02   9.8917247e-01
   3.2081755e-01   0.0000000e+00   1.0820030e-02   9.8917997e-01
   3.2082141e-01   0.0000000e+00   1.0831274e-02   9.8916873e-01
   3.2082380e-01   0.0000000e+00   1.0906942e-02   9.8909306e-01
   3.2082987e-01   0.0000000e+00   1.0822592e-02   9.8917741e-01
   3.2083318e-01   0.0000000e+00   1.0851624e-02   9.8914838e-01
   3.2084126e-01   0.0000000e+00   1.0833228e-02   9.8916677e-01
   3.2085313e-01   0.0000000e+00   1.0840825e-02   9.8915917e-01
   3.2085652e-01   0.0000000e+00   1.0829460e-02   9.8917054e-01
   3.2086640e-01   0.0000000e+00   1.0813301e-02   9.8918670e-01
   3.2087849e-01   0.0000000e+00   1.0859876e-02   9.8914012e-01
   3.2089020e-01   0.0000000e+00   1.0838981e-02   9.8916102e-01
   3.2089628e-01   0.0000000e+00   1.0850111e-02   9.8914989e-01
   3.2090502e-01   0.0000000e+00   1.0820410e-02   9.8917959e-01
   3.2091196e-01   0.0000000e+00   1.0837817e-02   9.8916218e-01
   3.2093095e-01   0.0000000e+00   1.0808810e-02   9.8919119e-01
   3.2094303e-01   0.0000000e+00   1.0834700e-02   9.8916530e-01
   3.2094946e-01   0.0000000e+00   1.0829031e-02   9.8917097e-01
   3.2094949e-01   0.0000000e+00   1.0819316e-02   9.8918068e-01
   3.2094978e-01   0.0000000e+00   1.0827157e-02   9.8917284e-01
   3.2096030e-01   0.0000000e+00   1.0891789e-02   9.8910821e-01
   3.2096678e-01   0.0000000e+00   1.0787421e-02   9.8921258e-01
   3.2096766e-01   0.0000000e+00   1.0873791e-02   9.8912621e-01
   3.2097177e-01   0.0000000e+00   1.0821351e-02   9.8917865e-01
   3.2097566e-01   0.0000000e+00   1.0844743e-02   9.8915526e-01
   3.2098431e-01   0.0000000e+00   1.0908952e-02   9.8909105e-01
   3.2098921e-01   0.0000000e+00   1.0879536e-02   9.8912046e-01
   3.2099994e-01   0.0000000e+00   1.0811460e-02   9.8918854e-01
   3.2100052e-01   0.0000000e+00   1.0841904e-02   9.8915810e-01
   3.2101405e-01   0.0000000e+00   1.0815352e-02   9.8918465e-01
   3.2101858e-01   0.0000000e+00   1.0810320e-02   9.8918968e-01
   3.2102530e-01   0.0000000e+00   1.0779190e-02   9.8922081e-01
   3.2103936e-01   0.0000000e+00   1.0814084e-02   9.8918592e-01
   3.2104757e-01   0.0000000e+00   1.0795327e-02   9.8920467e-01
   3.2106544e-01   0.0000000e+00   1.0826249e-02   9.8917375e-01
   3.2108124e-01   0.0000000e+00   1.0820443e-02   9.8917956e-01
   3.2108682e-01   0.0000000e+00   1.0817756e-02   9.8918224e-01
   3.2110269e-01   0.0000000e+00   1.0802495e-02   9.8919750e-01
   3.2110970e-01   0.0000000e+00   1.0788670e-02   9.8921133e-01
   3.2111774e-01   0.0000000e+00   1.0787725e-02   9.8921227e-01
   3.2114061e-01   0.0000000e+00   1.0805894e-02   9.8919411e-01
   3.2114956e-01   0.0000000e+00   1.0815394e-02   9.8918461e-01
   3.2115967e-01   0.0000000e+00   1.0842279e-02   9.8915772e-01
   3.2117160e-01   0.0000000e+00   1.0894120e-02   9.8910588e-01
   3.2120410e-01   0.0000000e+00   1.0879743e-02   9.8912026e-01
   3.2122048e-01   0.0000000e+00   1.0842474e-02   9.8915753e-01
   3.2122197e-01   0.0000000e+00   1.0840545e-02   9.8915945e-01
   3.2122637e-01   0.0000000e+00   1.0868579e-02   9.8913142e-01
   3.2124119e-01   0.0000000e+00   1.0874890e-02   9.8912511e-01
   3.2124304e-01   0.0000000e+00   1.0796396e-02   9.8920360e-01
   3.2126075e-01   0.0000000e+00   1.0843256e-02   9.8915674e-01
   3.2126831e-01   0.0000000e+00   1.0857261e-02   9.8914274e-01
   3.2128447e-01   0.0000000e+00   1.0862107e-02   9.8913789e-01
   3.2129033e-01   0.0000000e+00   1.0823068e-02   9.8917693e-01
   3.2134310e-01   0.0000000e+00   1.0791142e-02   9.8920886e-01
   3.2141061e-01   0.0000000e+00   1.0781227e-02   9.8921877e-01
   3.2141985e-01   0.0000000e+00   1.0919272e-02   9.8908073e-01
   3.2143473e-01   0.0000000e+00   1.0795193e-02   9.8920481e-01
   3.2143770e-01   0.0000000e+00   1.0796685e-02   9.8920332e-01
   3.2143866e-01   0.0000000e+00   1.0774801e-02   9.8922520e-01
   3.2144856e-01   0.0000000e+00   1.0771814e-02   9.8922819e-01
   3.2145755e-01   0.0000000e+00   1.0802967e-02   9.8919703e-01
   3.2151218e-01   0.0000000e+00   1.0821767e-02   9.8917823e-01
   3.2152422e-01   0.0000000e+00   1.0863905e-02   9.8913609e-01
   3.2153489e-01   0.0000000e+00   1.0847972e-02   9.8915203e-01
   3.2154756e-01   0.0000000e+00   1.0769714e-02   9.8923029e-01
   3.2155345e-01   0.0000000e+00   1.0751379e-02   9.8924862e-01
   3.2155912e-01   0.0000000e+00   1.0755562e-02   9.8924444e-01
   3.2156045e-01   0.0000000e+00   1.0760424e-02   9.8923958e-01
   3.2157890e-01   0.0000000e+00   1.0741209e-02   9.8925879e-01
   3.2160815e-01   0.0000000e+00   1.0823716e-02   9.8917628e-01
   3.2170740e-01   0.0000000e+00   1.0767804e-02   9.8923220e-01
   3.2171604e-01   0.0000000e+00   1.0772035e-02   9.8922796e-01
   3.2172805e-01   0.0000000e+00   1.0752453e-02   9.8924755e-01
   3.2173451e-01   0.0000000e+00   1.0781495e-02   9.8921851e-01
   3.2175705e-01   0.0000000e+00   1.0749600e-02   9.8925040e-01
   3.2176810e-01   0.0000000e+00   1.0762460e-02   9.8923754e-01
   3.2181817e-01   0.0000000e+00   1.0800371e-02   9.8919963e-01
   3.2183774e-01   0.0000000e+00   1.0826967e-02   9.8917303e-01
   3.2192886e-01   0.0000000e+00   1.0752643e-02   9.8924736e-01
   3.2193468e-01   0.0000000e+00   1.0756264e-02   9.8924374e-01
   3.2198379e-01   0.0000000e+00   1.0762156e-02   9.8923784e-01
   3.2199385e-01   0.0000000e+00   1.0762085e-02   9.8923791e-01
   3.2203626e-01   0.0000000e+00   1.0722265e-02   9.8927774e-01
   3.2203990e-01   0.0000000e+00   1.0944585e-02   9.8905541e-01
   3.2207789e-01   0.0000000e+00   1.0789348e-02   9.8921065e-01
   3.2210817e-01   0.0000000e+00   1.0833501e-02   9.8916650e-01
   3.2211849e-01   0.0000000e+00   1.0766228e-02   9.8923377e-01
   3.2212925e-01   0.0000000e+00   1.0724091e-02   9.8927591e-01
   3.2216278e-01   0.0000000e+00   1.0757160e-02   9.8924284e-01
   3.2218277e-01   0.0000000e+00   1.0884709e-02   9.8911529e-01
   3.2222194e-01   0.0000000e+00   1.0764118e-02   9.8923588e-01
   3.2226091e-01   0.0000000e+00   1.0744277e-02   9.8925572e-01
   3.2232136e-01   0.0000000e+00   1.0755722e-02   9.8924428e-01
   3.2233196e-01   0.0000000e+00   1.0764634e-02   9.8923537e-01
   3.2239343e-01   0.0000000e+00   1.0802951e-02   9.8919705e-01
   3.2239899e-01   0.0000000e+00   1.0747493e-02   9.8925251e-01
   3.2241603e-01   0.0000000e+00   1.0741866e-02   9.8925813e-01
   3.2243553e-01   0.0000000e+00   1.0738329e-02   9.8926167e-01
   3.2244024e-01   0.0000000e+00   1.0755982e-02   9.8924402e-01
   3.2244980e-01   0.0000000e+00   1.0738758e-02   9.8926124e-01
   3.2245029e-01   0.0000000e+00   1.0753827e-02   9.8924617e-01
   3.2250489e-01   0.0000000e+00   1.0746683e-02   9.8925332e-01
   3.2251552e-01   0.0000000e+00   1.0827784e-02   9.8917222e-01
   3.2253639e-01   0.0000000e+00   1.0782489e-02   9.8921751e-01
   3.2254686e-01   0.0000000e+00   1.0815592e-02   9.8918441e-01
   3.2257423e-01   0.0000000e+00   1.0716667e-02   9.8928333e-01
   3.2261151e-01   0.0000000e+00   1.0721564e-02   9.8927844e-01
   3.2264121e-01   0.0000000e+00   1.0738617e-02   9.8926138e-01
   3.2265884e-01   0.0000000e+00   1.0749299e-02   9.8925070e-01
   3.2266861e-01   0.0000000e+00   1.0709217e-02   9.8929078e-01
   3.2269377e-01   0.0000000e+00   1.0679964e-02   9.8932004e-01
   3.2272525e-01   0.0000000e+00   1.0756190e-02   9.8924381e-01
   3.2280305e-01   0.0000000e+00   1.0731296e-02   9.8926870e-01
   3.2285458e-01   0.0000000e+00   1.0741325e-02   9.8925868e-01
   3.2285851e-01   0.0000000e+00   1.0728796e-02   9.8927120e-01
   3.2290613e-01   0.0000000e+00   1.0731260e-02   9.8926874e-01
   3.2291008e-01   0.0000000e+00   1.0795690e-02   9.8920431e-01
   3.2291389e-01   0.0000000e+00   1.0676653e-02   9.8932335e-01
   3.2295649e-01   0.0000000e+00   1.0758098e-02   9.8924190e-01
   3.2296168e-01   0.0000000e+00   1.0745233e-02   9.8925477e-01
   3.2300083e-01   0.0000000e+00   1.0684243e-02   9.8931576e-01
   3.2300331e-01   0.0000000e+00   1.0721775e-02   9.8927823e-01
   3.2303890e-01   0.0000000e+00   1.0739340e-02   9.8926066e-01
   3.2303970e-01   0.0000000e+00   1.0719001e-02   9.8928100e-01
   3.2307968e-01   0.0000000e+00   1.0827097e-02   9.8917290e-01
   3.2312435e-01   0.0000000e+00   1.0734985e-02   9.8926501e-01
   3.2315093e-01   0.0000000e+00   1.0738357e-02   9.8926164e-01
   3.2317902e-01   0.0000000e+00   1.0735807e-02   9.8926419e-01
   3.2325488e-01   0.0000000e+00   1.0740756e-02   9.8925924e-01
   3.2333797e-01   0.0000000e+00   1.0669924e-02   9.8933008e-01
   3.2334853e-01   0.0000000e+00   1.0729766e-02   9.8927023e-01
   3.2336922e-01   0.0000000e+00   1.0725158e-02   9.8927484e-01
   3.2338378e-01   0.0000000e+00   1.0826166e-02   9.8917383e-01
   3.2339518e-01   0.0000000e+00   1.0730173e-02   9.8926983e-01
   3.2341163e-01   0.0000000e+00   1.0738181e-02   9.8926182e-01
   3.2342725e-01   0.0000000e+00   1.0735266e-02   9.8926473e-01
   3.2343760e-01   0.0000000e+00   1.0735302e-02   9.8926470e-01
   3.2352530e-01   0.0000000e+00   1.0849957e-02   9.8915004e-01
   3.2354088e-01   0.0000000e+00   1.0672450e-02   9.8932755e-01
   3.2358318e-01   0.0000000e+00   1.0736518e-02   9.8926348e-01
   3.2365256e-01   0.0000000e+00   1.0656519e-02   9.8934348e-01
   3.2365664e-01   0.0000000e+00   1.0796623e-02   9.8920338e-01
   3.2367324e-01   0.0000000e+00   1.0728299e-02   9.8927170e-01
   3.2367511e-01   0.0000000e+00   1.0696850e-02   9.8930315e-01
   3.2367820e-01   0.0000000e+00   1.0708510e-02   9.8929149e-01
   3.2368559e-01   0.0000000e+00   1.0724307e-02   9.8927569e-01
   3.2369976e-01   0.0000000e+00   1.0681276e-02   9.8931872e-01
   3.2370018e-01   0.0000000e+00   1.0714602e-02   9.8928540e-01
   3.2371351e-01   0.0000000e+00   1.0720257e-02   9.8927974e-01
   3.2371556e-01   0.0000000e+00   1.0690377e-02   9.8930962e-01
   3.2373289e-01   0.0000000e+00   1.0750277e-02   9.8924972e-01
   3.2381114e-01   0.0000000e+00   1.0746732e-02   9.8925327e-01
   3.2381750e-01   0.0000000e+00   1.0748195e-02   9.8925181e-01
   3.2390295e-01   0.0000000e+00   1.0739871e-02   9.8926013e-01
   3.2392022e-01   0.0000000e+00   1.0618007e-02   9.8938199e-01
   3.2395002e-01   0.0000000e+00   1.0732165e-02   9.8926784e-01
   3.2398082e-01   0.0000000e+00   1.0742234e-02   9.8925777e-01
   3.2399075e-01   0.0000000e+00   1.0764500e-02   9.8923550e-01
   3.2406410e-01   0.0000000e+00   1.0741416e-02   9.8925858e-01
   3.2407127e-01   0.0000000e+00   1.0863957e-02   9.8913604e-01
   3.2407227e-01   0.0000000e+00   1.0742412e-02   9.8925759e-01
   3.2410163e-01   0.0000000e+00   1.0752974e-02   9.8924703e-01
   3.2439685e-01   0.0000000e+00   1.0774710e-02   9.8922529e-01
   3.2442976e-01   0.0000000e+00   1.0724459e-02   9.8927554e-01
   3.2449296e-01   0.0000000e+00   1.0744202e-02   9.8925580e-01
   3.2451029e-01   0.0000000e+00   1.0758155e-02   9.8924185e-01
   3.2453839e-01   0.0000000e+00   1.0739867e-02   9.8926013e-01
   3.2466667e-01   0.0000000e+00   1.0843788e-02   9.8915621e-01
   3.2470607e-01   0.0000000e+00   1.0662898e-02   9.8933710e-01
   3.2470653e-01   0.0000000e+00   1.0700499e-02   9.8929950e-01
   3.2473121e-01   0.0000000e+00   1.0754097e-02   9.8924590e-01
   3.2474423e-01   0.0000000e+00   1.0663623e-02   9.8933638e-01
   3.2475880e-01   0.0000000e+00   1.0739050e-02   9.8926095e-01
   3.2485246e-01   0.0000000e+00   1.0834255e-02   9.8916574e-01
   3.2485931e-01   0.0000000e+00   1.0736614e-02   9.8926339e-01
   3.2488024e-01   0.0000000e+00   1.0736645e-02   9.8926336e-01
   3.2500885e-01   0.0000000e+00   1.0745674e-02   9.8925433e-01
   3.2502512e-01   0.0000000e+00   1.0742508e-02   9.8925749e-01
   3.2511047e-01   0.0000000e+00   1.0738458e-02   9.8926154e-01
   3.2511428e-01   0.0000000e+00   1.0723133e-02   9.8927687e-01
   3.2519822e-01   0.0000000e+00   1.0729098e-02   9.8927090e-01
   3.2544178e-01   0.0000000e+00   1.0742683e-02   9.8925732e-01
   3.2544374e-01   0.0000000e+00   1.0755817e-02   9.8924418e-01
   3.2544641e-01   0.0000000e+00   1.0761678e-02   9.8923832e-01
   3.2544797e-01   0.0000000e+00   1.0779669e-02   9.8922033e-01
   3.2545614e-01   0.0000000e+00   1.1011370e-02   9.8898863e-01
   3.2551392e-01   0.0000000e+00   1.0840454e-02   9.8915955e-01
   3.2551532e-01   0.0000000e+00   1.0705840e-02   9.8929416e-01
   3.2566986e-01   0.0000000e+00   1.0724149e-02   9.8927585e-01
   3.2568271e-01   0.0000000e+00   1.0843382e-02   9.8915662e-01
   3.2569414e-01   0.0000000e+00   1.0720852e-02   9.8927915e-01
   3.2574897e-01   0.0000000e+00   1.0702996e-02   9.8929700e-01
   3.2580471e-01   0.0000000e+00   1.0729397e-02   9.8927060e-01
   3.2583953e-01   0.0000000e+00   1.0729171e-02   9.8927083e-01
   3.2593622e-01   0.0000000e+00   1.0748211e-02   9.8925179e-01
   3.2617033e-01   0.0000000e+00   1.0720287e-02   9.8927971e-01
   3.2652786e-01   0.0000000e+00   1.0797925e-02   9.8920207e-01
   3.2658836e-01   0.0000000e+00   1.0704857e-02   9.8929514e-01
   3.2667333e-01   0.0000000e+00   1.0722100e-02   9.8927790e-01
   3.2683599e-01   0.0000000e+00   1.0748313e-02   9.8925169e-01
   3.2685881e-01   0.0000000e+00   1.0593455e-02   9.8940654e-01
   3.2688453e-01   0.0000000e+00   1.0733926e-02   9.8926607e-01
   3.2692104e-01   0.0000000e+00   1.0726592e-02   9.8927341e-01
   3.2706203e-01   0.0000000e+00   1.0763798e-02   9.8923620e-01
   3.2711332e-01   0.0000000e+00   1.0568519e-02   9.8943148e-01
   3.2713320e-01   0.0000000e+00   1.0671997e-02   9.8932800e-01
   3.2717050e-01   0.0000000e+00   1.0735389e-02   9.8926461e-01
   3.2731099e-01   0.0000000e+00   1.0740224e-02   9.8925978e-01
   3.2744292e-01   0.0000000e+00   1.0717055e-02   9.8928294e-01
   3.2764517e-01   0.0000000e+00   1.0751758e-02   9.8924824e-01
   3.2767934e-01   0.0000000e+00   1.0619476e-02   9.8938052e-01
   3.2772011e-01   0.0000000e+00   1.0823417e-02   9.8917658e-01
   3.2774949e-01   0.0000000e+00   1.0936440e-02   9.8906356e-01
   3.2775011e-01   0.0000000e+00   1.0730268e-02   9.8926973e-01
   3.2781650e-01   0.0000000e+00   1.0954720e-02   9.8904528e-01
   3.2785582e-01   0.0000000e+00   1.0647239e-02   9.8935276e-01
   3.2798267e-01   0.0000000e+00   1.0851553e-02   9.8914845e-01
   3.2802149e-01   0.0000000e+00   1.0711592e-02   9.8928841e-01
   3.2804564e-01   0.0000000e+00   1.0674956e-02   9.8932504e-01
   3.2804640e-01   0.0000000e+00   1.0877346e-02   9.8912265e-01
   3.2831025e-01   0.0000000e+00   1.0849971e-02   9.8915003e-01
   3.2837139e-01   0.0000000e+00   1.0751218e-02   9.8924878e-01
   3.2846010e-01   0.0000000e+00   1.0579331e-02   9.8942067e-01
   3.2865695e-01   0.0000000e+00   1.0531167e-02   9.8946883e-01
   3.2874733e-01   0.0000000e+00   1.0753916e-02   9.8924608e-01
   3.2914673e-01   0.0000000e+00   1.0723890e-02   9.8927611e-01
   3.2924734e-01   0.0000000e+00   1.0679756e-02   9.8932024e-01
   3.2925715e-01   0.0000000e+00   1.0707564e-02   9.8929244e-01
   3.2945762e-01   0.0000000e+00   1.0876564e-02   9.8912344e-01
   3.2945976e-01   0.0000000e+00   1.0749112e-02   9.8925089e-01
   3.2955727e-01   0.0000000e+00   1.0707731e-02   9.8929227e-01
   3.2958568e-01   0.0000000e+00   1.0570177e-02   9.8942982e-01
   3.2984547e-01   0.0000000e+00   1.0632461e-02   9.8936754e-01
   3.2994959e-01   0.0000000e+00   1.0747323e-02   9.8925268e-01
   3.3016483e-01   0.0000000e+00   1.0635069e-02   9.8936493e-01
   3.3044139e-01   0.0000000e+00   1.0920374e-02   9.8907963e-01
   3.3048227e-01   0.0000000e+00   1.0711742e-02   9.8928826e-01
   3.3049622e-01   0.0000000e+00   1.0783659e-02   9.8921634e-01
   3.3090475e-01   0.0000000e+00   1.0699151e-02   9.8930085e-01
   3.3112143e-01   0.0000000e+00   1.0678982e-02   9.8932102e-01
   3.3124536e-01   0.0000000e+00   1.0927688e-02   9.8907231e-01
   3.3137603e-01   0.0000000e+00   1.0554744e-02   9.8944526e-01
   3.3139597e-01   0.0000000e+00   1.0702126e-02   9.8929787e-01
   3.3195790e-01   0.0000000e+00   1.0681405e-02   9.8931860e-01
   3.3205627e-01   0.0000000e+00   1.0744087e-02   9.8925591e-01
   3.3232837e-01   0.0000000e+00   1.0616641e-02   9.8938336e-01
   3.3246990e-01   0.0000000e+00   1.0661940e-02   9.8933806e-01
   3.3280032e-01   0.0000000e+00   1.0611100e-02   9.8938890e-01
   3.3304785e-01   0.0000000e+00   1.0953532e-02   9.8904647e-01
   3.3317528e-01   0.0000000e+00   1.0552290e-02   9.8944771e-01
   3.3323427e-01   0.0000000e+00   1.0646940e-02   9.8935306e-01
   3.3348947e-01   0.0000000e+00   1.0720369e-02   9.8927963e-01
   3.3374232e-01   0.0000000e+00   1.0564614e-02   9.8943539e-01
   3.3405699e-01   0.0000000e+00   1.0570002e-02   9.8943000e-01
   3.3409793e-01   0.0000000e+00   1.0520651e-02   9.8947935e-01
   3.3513208e-01   0.0000000e+00   1.0649971e-02   9.8935003e-01
   3.3536504e-01   0.0000000e+00   1.0616899e-02   9.8938310e-01
   3.3541563e-01   0.0000000e+00   1.0535010e-02   9.8946499e-01
   3.3553597e-01   0.0000000e+00   1.0606359e-02   9.8939364e-01
   3.3592485e-01   0.0000000e+00   1.0701692e-02   9.8929831e-01
   3.3621835e-01   0.0000000e+00   1.0680377e-02   9.8931962e-01
   3.3629777e-01   0.0000000e+00   1.0756763e-02   9.8924324e-01
   3.3632361e-01   0.0000000e+00   1.0627359e-02   9.8937264e-01
   3.3658719e-01   0.0000000e+00   1.0613827e-02   9.8938617e-01
   3.3670341e-01   0.0000000e+00   1.0509600e-02   9.8949040e-01
   3.3681446e-01   0.0000000e+00   1.0625408e-02   9.8937459e-01
   3.3686963e-01   0.0000000e+00   1.0633031e-02   9.8936697e-01
   3.3727360e-01   0.0000000e+00   1.0581627e-02   9.8941837e-01
   3.3776835e-01   0.0000000e+00   1.0607890e-02   9.8939211e-01
   3.3785153e-01   0.0000000e+00   1.0568225e-02   9.8943178e-01
   3.3810610e-01   0.0000000e+00   1.0649042e-02   9.8935096e-01
   3.3818506e-01   0.0000000e+00   1.0565777e-02   9.8943422e-01
   3.3847656e-01   0.0000000e+00   1.0600511e-02   9.8939949e-01
   3.3848115e-01   0.0000000e+00   1.0512815e-02   9.8948719e-01
   3.3856310e-01   0.0000000e+00   1.0566688e-02   9.8943331e-01
   3.3862028e-01   0.0000000e+00   1.0547308e-02   9.8945269e-01
   3.3915736e-01   0.0000000e+00   1.0690618e-02   9.8930938e-01
   3.3915830e-01   0.0000000e+00   1.0555409e-02   9.8944459e-01
   3.3929465e-01   0.0000000e+00   1.0644130e-02   9.8935587e-01
   3.3963377e-01   0.0000000e+00   1.0509039e-02   9.8949096e-01
   3.3967554e-01   0.0000000e+00   1.0516304e-02   9.8948370e-01
   3.3970127e-01   0.0000000e+00   1.0862498e-02   9.8913750e-01
   3.4000255e-01   0.0000000e+00   1.0620750e-02   9.8937925e-01
   3.4005162e-01   0.0000000e+00   1.0593637e-02   9.8940636e-01
   3.4009047e-01   0.0000000e+00   1.0631037e-02   9.8936896e-01
   3.4055791e-01   0.0000000e+00   1.0569849e-02   9.8943015e-01
   3.4057433e-01   0.0000000e+00   1.0618543e-02   9.8938146e-01
   3.4058485e-01   0.0000000e+00   1.0624525e-02   9.8937548e-01
   3.4060612e-01   0.0000000e+00   1.0591809e-02   9.8940819e-01
   3.4066125e-01   0.0000000e+00   1.0558129e-02   9.8944187e-01
   3.4079309e-01   0.0000000e+00   1.0589550e-02   9.8941045e-01
   3.4081382e-01   0.0000000e+00   1.0576785e-02   9.8942322e-01
   3.4093930e-01   0.0000000e+00   1.0603289e-02   9.8939671e-01
   3.4103419e-01   0.0000000e+00   1.0546797e-02   9.8945320e-01
   3.4154063e-01   0.0000000e+00   1.0573658e-02   9.8942634e-01
   3.4158492e-01   0.0000000e+00   1.0582675e-02   9.8941733e-01
   3.4177325e-01   0.0000000e+00   1.0567614e-02   9.8943239e-01
   3.4198185e-01   0.0000000e+00   1.0518539e-02   9.8948146e-01
   3.4198667e-01   0.0000000e+00   1.0577344e-02   9.8942266e-01
   3.4207386e-01   0.0000000e+00   1.0547108e-02   9.8945289e-01
   3.4209092e-01   0.0000000e+00   1.0647668e-02   9.8935233e-01
   3.4219945e-01   0.0000000e+00   1.0509038e-02   9.8949096e-01
   3.4233489e-01   0.0000000e+00   1.0608400e-02   9.8939160e-01
   3.4237849e-01   0.0000000e+00   1.0589750e-02   9.8941025e-01
   3.4247683e-01   0.0000000e+00   1.0510481e-02   9.8948952e-01
   3.4250199e-01   0.0000000e+00   1.0564136e-02   9.8943586e-01
   3.4250720e-01   0.0000000e+00   1.0513118e-02   9.8948688e-01
   3.4256201e-01   0.0000000e+00   1.0607330e-02   9.8939267e-01
   3.4257742e-01   0.0000000e+00   1.0574178e-02   9.8942582e-01
   3.4268022e-01   0.0000000e+00   1.0606570e-02   9.8939343e-01
   3.4272670e-01   0.0000000e+00   1.0571251e-02   9.8942875e-01
   3.4278947e-01   0.0000000e+00   1.0568914e-02   9.8943109e-01
   3.4281569e-01   0.0000000e+00   1.0573808e-02   9.8942619e-01
   3.4300162e-01   0.0000000e+00   1.0575527e-02   9.8942447e-01
   3.4304694e-01   0.0000000e+00   1.0535322e-02   9.8946468e-01
   3.4311049e-01   0.0000000e+00   1.0571009e-02   9.8942899e-01
   3.4311650e-01   0.0000000e+00   1.0581518e-02   9.8941848e-01
   3.4324289e-01   0.0000000e+00   1.0554983e-02   9.8944502e-01
   3.4338156e-01   0.0000000e+00   1.0579675e-02   9.8942032e-01
   3.4344198e-01   0.0000000e+00   1.0526008e-02   9.8947399e-01
   3.4351319e-01   0.0000000e+00   1.0610381e-02   9.8938962e-01
   3.4351876e-01   0.0000000e+00   1.0608024e-02   9.8939198e-01
   3.4360725e-01   0.0000000e+00   1.0584676e-02   9.8941532e-01
   3.4361635e-01   0.0000000e+00   1.0526592e-02   9.8947341e-01
   3.4363982e-01   0.0000000e+00   1.0633512e-02   9.8936649e-01
   3.4383377e-01   0.0000000e+00   1.0471862e-02   9.8952814e-01
   3.4387357e-01   0.0000000e+00   1.0553883e-02   9.8944612e-01
   3.4398853e-01   0.0000000e+00   1.0551060e-02   9.8944894e-01
   3.4404381e-01   0.0000000e+00   1.0581137e-02   9.8941886e-01
   3.4405451e-01   0.0000000e+00   1.0532687e-02   9.8946731e-01
   3.4410263e-01   0.0000000e+00   1.0594431e-02   9.8940557e-01
   3.4414880e-01   0.0000000e+00   1.0561341e-02   9.8943866e-01
   3.4418884e-01   0.0000000e+00   1.0640279e-02   9.8935972e-01
   3.4421060e-01   0.0000000e+00   1.0548586e-02   9.8945141e-01
   3.4425118e-01   0.0000000e+00   1.0572516e-02   9.8942748e-01
   3.4425837e-01   0.0000000e+00   1.0541746e-02   9.8945825e-01
   3.4431211e-01   0.0000000e+00   1.0616104e-02   9.8938390e-01
   3.4433673e-01   0.0000000e+00   1.0595193e-02   9.8940481e-01
   3.4434244e-01   0.0000000e+00   1.0561569e-02   9.8943843e-01
   3.4434402e-01   0.0000000e+00   1.0588454e-02   9.8941155e-01
   3.4435878e-01   0.0000000e+00   1.0509714e-02   9.8949029e-01
   3.4439843e-01   0.0000000e+00   1.0535783e-02   9.8946422e-01
   3.4445082e-01   0.0000000e+00   1.0511996e-02   9.8948800e-01
   3.4453110e-01   0.0000000e+00   1.0573137e-02   9.8942686e-01
   3.4453133e-01   0.0000000e+00   1.0516403e-02   9.8948360e-01
   3.4464293e-01   0.0000000e+00   1.0582646e-02   9.8941735e-01
   3.4469988e-01   0.0000000e+00   1.0636341e-02   9.8936366e-01
   3.4476551e-01   0.0000000e+00   1.0558980e-02   9.8944102e-01
   3.4482259e-01   0.0000000e+00   1.0610452e-02   9.8938955e-01
   3.4483935e-01   0.0000000e+00   1.0551305e-02   9.8944870e-01
   3.4485359e-01   0.0000000e+00   1.0541017e-02   9.8945898e-01
   3.4485500e-01   0.0000000e+00   1.0574506e-02   9.8942549e-01
   3.4486589e-01   0.0000000e+00   1.0544404e-02   9.8945560e-01
   3.4490770e-01   0.0000000e+00   1.0616660e-02   9.8938334e-01
   3.4494577e-01   0.0000000e+00   1.0634688e-02   9.8936531e-01
   3.4497114e-01   0.0000000e+00   1.0543276e-02   9.8945672e-01
   3.4507012e-01   0.0000000e+00   1.0694734e-02   9.8930527e-01
   3.4508253e-01   0.0000000e+00   1.0551765e-02   9.8944823e-01
   3.4511410e-01   0.0000000e+00   1.0585653e-02   9.8941435e-01
   3.4520966e-01   0.0000000e+00   1.0465744e-02   9.8953426e-01
   3.4522199e-01   0.0000000e+00   1.0614978e-02   9.8938502e-01
   3.4537724e-01   0.0000000e+00   1.0518207e-02   9.8948179e-01
   3.4541373e-01   0.0000000e+00   1.0626150e-02   9.8937385e-01
   3.4542178e-01   0.0000000e+00   1.0637656e-02   9.8936234e-01
   3.4545748e-01   0.0000000e+00   1.0637168e-02   9.8936283e-01
   3.4546729e-01   0.0000000e+00   1.0617908e-02   9.8938209e-01
   3.4554221e-01   0.0000000e+00   1.0594744e-02   9.8940526e-01
   3.4560833e-01   0.0000000e+00   1.0655947e-02   9.8934405e-01
   3.4563713e-01   0.0000000e+00   1.0637229e-02   9.8936277e-01
   3.4568439e-01   0.0000000e+00   1.0544218e-02   9.8945578e-01
   3.4573361e-01   0.0000000e+00   1.0582913e-02   9.8941709e-01
   3.4576084e-01   0.0000000e+00   1.0490853e-02   9.8950915e-01
   3.4576324e-01   0.0000000e+00   1.0654366e-02   9.8934563e-01
   3.4581599e-01   0.0000000e+00   1.0599605e-02   9.8940039e-01
   3.4581823e-01   0.0000000e+00   1.0536902e-02   9.8946310e-01
   3.4582770e-01   0.0000000e+00   1.0558976e-02   9.8944102e-01
   3.4586678e-01   0.0000000e+00   1.0626207e-02   9.8937379e-01
   3.4590277e-01   0.0000000e+00   1.0625453e-02   9.8937455e-01
   3.4598332e-01   0.0000000e+00   1.0674259e-02   9.8932574e-01
   3.4601584e-01   0.0000000e+00   1.0454338e-02   9.8954566e-01
   3.4602232e-01   0.0000000e+00   1.0690759e-02   9.8930924e-01
   3.4604971e-01   0.0000000e+00   1.0665037e-02   9.8933496e-01
   3.4607534e-01   0.0000000e+00   1.0683372e-02   9.8931663e-01
   3.4607672e-01   0.0000000e+00   1.0588545e-02   9.8941145e-01
   3.4612026e-01   0.0000000e+00   1.0696458e-02   9.8930354e-01
   3.4618312e-01   0.0000000e+00   1.0503554e-02   9.8949645e-01
   3.4619264e-01   0.0000000e+00   1.0619981e-02   9.8938002e-01
   3.4620130e-01   0.0000000e+00   1.0535801e-02   9.8946420e-01
   3.4620235e-01   0.0000000e+00   1.0703404e-02   9.8929660e-01
   3.4624021e-01   0.0000000e+00   1.0566348e-02   9.8943365e-01
   3.4625750e-01   0.0000000e+00   1.0622364e-02   9.8937764e-01
   3.4627386e-01   0.0000000e+00   1.0642308e-02   9.8935769e-01
   3.4631600e-01   0.0000000e+00   1.0661085e-02   9.8933891e-01
   3.4632104e-01   0.0000000e+00   1.0497673e-02   9.8950233e-01
   3.4635783e-01   0.0000000e+00   1.0634046e-02   9.8936595e-01
   3.4636544e-01   0.0000000e+00   1.0620474e-02   9.8937953e-01
   3.4636603e-01   0.0000000e+00   1.0649575e-02   9.8935042e-01
   3.4638764e-01   0.0000000e+00   1.0549239e-02   9.8945076e-01
   3.4640355e-01   0.0000000e+00   1.0689282e-02   9.8931072e-01
   3.4642055e-01   0.0000000e+00   1.0774315e-02   9.8922568e-01
   3.4644630e-01   0.0000000e+00   1.0719389e-02   9.8928061e-01
   3.4646190e-01   0.0000000e+00   1.0559549e-02   9.8944045e-01
   3.4653933e-01   0.0000000e+00   1.0434837e-02   9.8956516e-01
   3.4670217e-01   0.0000000e+00   1.0652175e-02   9.8934782e-01
   3.4672050e-01   0.0000000e+00   1.0645538e-02   9.8935446e-01
   3.4675619e-01   0.0000000e+00   1.0585111e-02   9.8941489e-01
   3.4676060e-01   0.0000000e+00   1.0677274e-02   9.8932273e-01
   3.4685141e-01   0.0000000e+00   1.0705728e-02   9.8929427e-01
   3.4689309e-01   0.0000000e+00   1.0522922e-02   9.8947708e-01
   3.4697886e-01   0.0000000e+00   1.0799101e-02   9.8920090e-01
   3.4700471e-01   0.0000000e+00   1.0685268e-02   9.8931473e-01
   3.4708039e-01   0.0000000e+00   1.0507864e-02   9.8949214e-01
   3.4728858e-01   0.0000000e+00   1.0790855e-02   9.8920915e-01
   3.4729065e-01   0.0000000e+00   1.0562300e-02   9.8943770e-01
   3.4729932e-01   0.0000000e+00   1.0586617e-02   9.8941338e-01
   3.4731549e-01   0.0000000e+00   1.0487732e-02   9.8951227e-01
   3.4733082e-01   0.0000000e+00   1.0798528e-02   9.8920147e-01
   3.4737452e-01   0.0000000e+00   1.0747072e-02   9.8925293e-01
   3.4737454e-01   0.0000000e+00   1.0656215e-02   9.8934379e-01
   3.4739319e-01   0.0000000e+00   1.0675984e-02   9.8932402e-01
   3.4739510e-01   0.0000000e+00   1.0743265e-02   9.8925674e-01
   3.4742897e-01   0.0000000e+00   1.0637896e-02   9.8936210e-01
   3.4745344e-01   0.0000000e+00   1.0697918e-02   9.8930208e-01
   3.4749663e-01   0.0000000e+00   1.0711969e-02   9.8928803e-01
   3.4761550e-01   0.0000000e+00   1.0773083e-02   9.8922692e-01
   3.4774291e-01   0.0000000e+00   1.0650764e-02   9.8934924e-01
   3.4776371e-01   0.0000000e+00   1.0770131e-02   9.8922987e-01
   3.4776622e-01   0.0000000e+00   1.0788426e-02   9.8921157e-01
   3.4779172e-01   0.0000000e+00   1.0690137e-02   9.8930986e-01
   3.4786599e-01   0.0000000e+00   1.0547281e-02   9.8945272e-01
   3.4788828e-01   0.0000000e+00   1.0747810e-02   9.8925219e-01
   3.4798551e-01   0.0000000e+00   1.0767381e-02   9.8923262e-01
   3.4815554e-01   0.0000000e+00   1.0445573e-02   9.8955443e-01
   3.4829283e-01   0.0000000e+00   1.0596981e-02   9.8940302e-01
   3.4837442e-01   0.0000000e+00   1.0761224e-02   9.8923878e-01
   3.4838947e-01   0.0000000e+00   1.0680513e-02   9.8931949e-01
   3.4845117e-01   0.0000000e+00   1.0719009e-02   9.8928099e-01
   3.4847220e-01   0.0000000e+00   1.0848454e-02   9.8915155e-01
   3.4862959e-01   0.0000000e+00   1.0823935e-02   9.8917607e-01
   3.4895945e-01   0.0000000e+00   1.0466631e-02   9.8953337e-01
   3.4899795e-01   0.0000000e+00   1.0658250e-02   9.8934175e-01
   3.4901047e-01   0.0000000e+00   1.0830302e-02   9.8916970e-01
   3.4909130e-01   0.0000000e+00   1.0862900e-02   9.8913710e-01
   3.4922911e-01   0.0000000e+00   1.0912952e-02   9.8908705e-01
   3.4928574e-01   0.0000000e+00   1.0921084e-02   9.8907892e-01
   3.4928677e-01   0.0000000e+00   1.0644867e-02   9.8935513e-01
   3.4945210e-01   0.0000000e+00   1.0821239e-02   9.8917876e-01
   3.4945368e-01   0.0000000e+00   1.0684816e-02   9.8931518e-01
   3.4950158e-01   0.0000000e+00   1.0562022e-02   9.8943798e-01
   3.4955523e-01   0.0000000e+00   1.0919229e-02   9.8908077e-01
   3.4966112e-01   0.0000000e+00   1.0827283e-02   9.8917272e-01
   3.4993501e-01   0.0000000e+00   1.0873517e-02   9.8912648e-01
   3.5004785e-01   0.0000000e+00   1.0839391e-02   9.8916061e-01
   3.5015159e-01   0.0000000e+00   1.0851201e-02   9.8914880e-01
   3.5035978e-01   0.0000000e+00   1.0516718e-02   9.8948328e-01
   3.5052788e-01   0.0000000e+00   1.0817539e-02   9.8918246e-01
   3.5054425e-01   0.0000000e+00   1.0454262e-02   9.8954574e-01
   3.5067303e-01   0.0000000e+00   1.0756251e-02   9.8924375e-01
   3.5074934e-01   0.0000000e+00   1.0903635e-02   9.8909637e-01
   3.5092532e-01   0.0000000e+00   1.0424109e-02   9.8957589e-01
   3.5110661e-01   0.0000000e+00   1.0990718e-02   9.8900928e-01
   3.5125677e-01   0.0000000e+00   1.1023099e-02   9.8897690e-01
   3.5143647e-01   0.0000000e+00   1.1141459e-02   9.8885854e-01
   3.5150805e-01   0.0000000e+00   1.0903251e-02   9.8909675e-01
   3.5151194e-01   0.0000000e+00   1.1003304e-02   9.8899670e-01
   3.5164565e-01   0.0000000e+00   1.1012054e-02   9.8898795e-01
   3.5172410e-01   0.0000000e+00   1.0887863e-02   9.8911214e-01
   3.5175621e-01   0.0000000e+00   1.0739888e-02   9.8926011e-01
   3.5175854e-01   0.0000000e+00   1.1057704e-02   9.8894230e-01
   3.5176699e-01   0.0000000e+00   1.1078894e-02   9.8892111e-01
   3.5176943e-01   0.0000000e+00   1.0968641e-02   9.8903136e-01
   3.5186969e-01   0.0000000e+00   1.0811084e-02   9.8918892e-01
   3.5224735e-01   0.0000000e+00   1.0931813e-02   9.8906819e-01
   3.5245893e-01   0.0000000e+00   1.0831634e-02   9.8916837e-01
   3.5247234e-01   0.0000000e+00   1.0794283e-02   9.8920572e-01
   3.5249323e-01   0.0000000e+00   1.0984718e-02   9.8901528e-01
   3.5249677e-01   0.0000000e+00   1.0937362e-02   9.8906264e-01
   3.5289480e-01   0.0000000e+00   1.0914717e-02   9.8908528e-01
   3.5291488e-01   0.0000000e+00   1.1167917e-02   9.8883208e-01
   3.5311233e-01   0.0000000e+00   1.1057056e-02   9.8894294e-01
   3.5320897e-01   0.0000000e+00   1.1169942e-02   9.8883006e-01
   3.5330701e-01   0.0000000e+00   1.0988943e-02   9.8901106e-01
   3.5337218e-01   0.0000000e+00   1.1165562e-02   9.8883444e-01
   3.5370298e-01   0.0000000e+00   1.0937953e-02   9.8906205e-01
   3.5377831e-01   0.0000000e+00   1.1072501e-02   9.8892750e-01
   3.5379701e-01   0.0000000e+00   1.0690809e-02   9.8930919e-01
   3.5386901e-01   0.0000000e+00   1.0958192e-02   9.8904181e-01
   3.5414503e-01   0.0000000e+00   1.1034366e-02   9.8896563e-01
   3.5423385e-01   0.0000000e+00   1.0879646e-02   9.8912035e-01
   3.5431677e-01   0.0000000e+00   1.0969540e-02   9.8903046e-01
   3.5453256e-01   0.0000000e+00   1.0933620e-02   9.8906638e-01
   3.5519252e-01   0.0000000e+00   1.0756587e-02   9.8924341e-01
   3.5549639e-01   0.0000000e+00   1.0868099e-02   9.8913190e-01
   3.5551821e-01   0.0000000e+00   1.1109031e-02   9.8889097e-01
   3.5577991e-01   0.0000000e+00   1.1089391e-02   9.8891061e-01
   3.5579063e-01   0.0000000e+00   1.1085858e-02   9.8891414e-01
   3.5589686e-01   0.0000000e+00   1.1316851e-02   9.8868315e-01
   3.5614288e-01   0.0000000e+00   1.1206328e-02   9.8879367e-01
   3.5617849e-01   0.0000000e+00   1.1243354e-02   9.8875665e-01
   3.5619270e-01   0.0000000e+00   1.1103950e-02   9.8889605e-01
   3.5627184e-01   0.0000000e+00   1.1125160e-02   9.8887484e-01
   3.5629294e-01   0.0000000e+00   1.1394951e-02   9.8860505e-01
   3.5633534e-01   0.0000000e+00   1.0874904e-02   9.8912510e-01
   3.5636320e-01   0.0000000e+00   1.0941583e-02   9.8905842e-01
   3.5637864e-01   0.0000000e+00   1.1061276e-02   9.8893872e-01
   3.5654956e-01   0.0000000e+00   1.0921943e-02   9.8907806e-01
   3.5660591e-01   0.0000000e+00   1.0729742e-02   9.8927026e-01
   3.5672739e-01   0.0000000e+00   1.1152754e-02   9.8884725e-01
   3.5721074e-01   0.0000000e+00   1.0987220e-02   9.8901278e-01
   3.5728315e-01   0.0000000e+00   1.0793027e-02   9.8920697e-01
   3.5730369e-01   0.0000000e+00   1.0848555e-02   9.8915145e-01
   3.5731188e-01   0.0000000e+00   1.1216348e-02   9.8878365e-01
   3.5748761e-01   0.0000000e+00   1.1137039e-02   9.8886296e-01
   3.5751693e-01   0.0000000e+00   1.1106581e-02   9.8889342e-01
   3.5755726e-01   0.0000000e+00   1.0998182e-02   9.8900182e-01
   3.5773969e-01   0.0000000e+00   1.1222920e-02   9.8877708e-01
   3.5794286e-01   0.0000000e+00   1.0683035e-02   9.8931696e-01
   3.5801460e-01   0.0000000e+00   1.0733294e-02   9.8926671e-01
   3.5805444e-01   0.0000000e+00   1.1258035e-02   9.8874196e-01
   3.5808726e-01   0.0000000e+00   1.1261582e-02   9.8873842e-01
   3.5809540e-01   0.0000000e+00   1.0993028e-02   9.8900697e-01
   3.5833869e-01   0.0000000e+00   1.1159518e-02   9.8884048e-01
   3.5839370e-01   0.0000000e+00   1.1307744e-02   9.8869226e-01
   3.5865477e-01   0.0000000e+00   1.1259463e-02   9.8874054e-01
   3.5874871e-01   0.0000000e+00   1.1255820e-02   9.8874418e-01
   3.5877794e-01   0.0000000e+00   1.1220837e-02   9.8877916e-01
   3.5893954e-01   0.0000000e+00   1.1451266e-02   9.8854873e-01
   3.5907397e-01   0.0000000e+00   1.1150982e-02   9.8884902e-01
   3.5918995e-01   0.0000000e+00   1.1278040e-02   9.8872196e-01
   3.5923673e-01   0.0000000e+00   1.0715031e-02   9.8928497e-01
   3.5966330e-01   0.0000000e+00   1.0851404e-02   9.8914860e-01
   3.5969056e-01   0.0000000e+00   1.1280060e-02   9.8871994e-01
   3.5978079e-01   0.0000000e+00   1.1280529e-02   9.8871947e-01
   3.5983347e-01   0.0000000e+00   1.0701820e-02   9.8929818e-01
   3.5985001e-01   0.0000000e+00   1.1479857e-02   9.8852014e-01
   3.5996356e-01   0.0000000e+00   1.1266380e-02   9.8873362e-01
   3.6002802e-01   0.0000000e+00   1.1444647e-02   9.8855535e-01
   3.6003072e-01   0.0000000e+00   1.1423535e-02   9.8857646e-01
   3.6037277e-01   0.0000000e+00   1.1203413e-02   9.8879659e-01
   3.6042438e-01   0.0000000e+00   1.1289518e-02   9.8871048e-01
   3.6073580e-01   0.0000000e+00   1.0717168e-02   9.8928283e-01
   3.6083135e-01   0.0000000e+00   1.1497946e-02   9.8850205e-01
   3.6086751e-01   0.0000000e+00   1.1485295e-02   9.8851470e-01
   3.6096539e-01   0.0000000e+00   1.1757748e-02   9.8824225e-01
   3.6098666e-01   0.0000000e+00   1.1472085e-02   9.8852791e-01
   3.6104893e-01   0.0000000e+00   1.1355292e-02   9.8864471e-01
   3.6111185e-01   0.0000000e+00   1.1478228e-02   9.8852177e-01
   3.6116133e-01   0.0000000e+00   1.1332039e-02   9.8866796e-01
   3.6131881e-01   0.0000000e+00   1.1153782e-02   9.8884622e-01
   3.6153544e-01   0.0000000e+00   1.1446396e-02   9.8855360e-01
   3.6158015e-01   0.0000000e+00   1.1476437e-02   9.8852356e-01
   3.6165221e-01   0.0000000e+00   1.1526622e-02   9.8847338e-01
   3.6168820e-01   0.0000000e+00   1.1739623e-02   9.8826038e-01
   3.6184454e-01   0.0000000e+00   1.1317470e-02   9.8868253e-01
   3.6203792e-01   0.0000000e+00   1.0714425e-02   9.8928558e-01
   3.6204753e-01   0.0000000e+00   1.1863465e-02   9.8813653e-01
   3.6221342e-01   0.0000000e+00   1.0697843e-02   9.8930216e-01
   3.6227891e-01   0.0000000e+00   1.1183319e-02   9.8881668e-01
   3.6242913e-01   0.0000000e+00   1.1579017e-02   9.8842098e-01
   3.6264825e-01   0.0000000e+00   1.1773063e-02   9.8822694e-01
   3.6265526e-01   0.0000000e+00   1.1174542e-02   9.8882546e-01
   3.6265872e-01   0.0000000e+00   1.1365739e-02   9.8863426e-01
   3.6266016e-01   0.0000000e+00   1.1514767e-02   9.8848523e-01
   3.6275140e-01   0.0000000e+00   1.0765292e-02   9.8923471e-01
   3.6284118e-01   0.0000000e+00   1.1446254e-02   9.8855375e-01
   3.6286205e-01   0.0000000e+00   1.1074929e-02   9.8892507e-01
   3.6288025e-01   0.0000000e+00   1.1885696e-02   9.8811430e-01
   3.6294561e-01   0.0000000e+00   1.0607968e-02   9.8939203e-01
   3.6297456e-01   0.0000000e+00   1.1746374e-02   9.8825363e-01
   3.6298281e-01   0.0000000e+00   1.1806970e-02   9.8819303e-01
   3.6305981e-01   0.0000000e+00   1.1684079e-02   9.8831592e-01
   3.6314535e-01   0.0000000e+00   1.0739268e-02   9.8926073e-01
   3.6317547e-01   0.0000000e+00   1.1847530e-02   9.8815247e-01
   3.6318929e-01   0.0000000e+00   1.0664873e-02   9.8933513e-01
   3.6328231e-01   0.0000000e+00   1.1519419e-02   9.8848058e-01
   3.6328436e-01   0.0000000e+00   1.1587552e-02   9.8841245e-01
   3.6366320e-01   0.0000000e+00   1.1706062e-02   9.8829394e-01
   3.6379833e-01   0.0000000e+00   1.2074625e-02   9.8792538e-01
