   8.2274045e-01   0.0000000e+00   9.3849142e-03   9.9061509e-01
   8.2301823e-01   0.0000000e+00   9.3795133e-03   9.9062049e-01
   8.2289743e-01   0.0000000e+00   9.3865545e-03   9.9061345e-01
   8.2226457e-01   0.0000000e+00   9.3777899e-03   9.9062221e-01
   8.2501083e-01   0.0000000e+00   9.4562520e-03   9.9054375e-01
   8.2261387e-01   0.0000000e+00   9.4788603e-03   9.9052114e-01
   8.2465692e-01   0.0000000e+00   9.4778695e-03   9.9052213e-01
   8.2462744e-01   0.0000000e+00   9.3839424e-03   9.9061606e-01
   8.2297772e-01   0.0000000e+00   9.4034756e-03   9.9059652e-01
   8.2383878e-01   0.0000000e+00   9.4652475e-03   9.9053475e-01
   8.2313445e-01   0.0000000e+00   9.4554540e-03   9.9054455e-01
   8.2476742e-01   0.0000000e+00   9.3929821e-03   9.9060702e-01
   8.2245619e-01   0.0000000e+00   9.4531450e-03   9.9054685e-01
   8.2316129e-01   0.0000000e+00   9.4813181e-03   9.9051868e-01
   8.2412990e-01   0.0000000e+00   9.5452037e-03   9.9045480e-01
   8.2312028e-01   0.0000000e+00   9.4760473e-03   9.9052395e-01
   8.2513923e-01   0.0000000e+00   9.3892792e-03   9.9061072e-01
   8.2348281e-01   0.0000000e+00   9.6660705e-03   9.9033393e-01
   8.2447251e-01   0.0000000e+00   9.5339561e-03   9.9046604e-01
   8.2464272e-01   0.0000000e+00   9.5100737e-03   9.9048993e-01
   8.2404691e-01   0.0000000e+00   9.4104533e-03   9.9058955e-01
   8.2472282e-01   0.0000000e+00   9.4441407e-03   9.9055586e-01
   8.2301492e-01   0.0000000e+00   9.4551783e-03   9.9054482e-01
   8.2365526e-01   0.0000000e+00   9.4969460e-03   9.9050305e-01
   8.2371456e-01   0.0000000e+00   9.4455617e-03   9.9055444e-01
   8.2480379e-01   0.0000000e+00   9.5721376e-03   9.9042786e-01
   8.2370096e-01   0.0000000e+00   9.5682842e-03   9.9043172e-01
   8.2371867e-01   0.0000000e+00   9.5363247e-03   9.9046368e-01
   8.2296101e-01   0.0000000e+00   9.4746545e-03   9.9052535e-01
   8.2439391e-01   0.0000000e+00   9.4954300e-03   9.9050457e-01
   8.2270898e-01   0.0000000e+00   9.4303235e-03   9.9056968e-01
   8.2327972e-01   0.0000000e+00   9.4865905e-03   9.9051341e-01
   8.2421255e-01   0.0000000e+00   9.4305540e-03   9.9056945e-01
   8.2384734e-01   0.0000000e+00   9.4422853e-03   9.9055771e-01
   8.2408157e-01   0.0000000e+00   9.4963633e-03   9.9050364e-01
   8.2422545e-01   0.0000000e+00   9.5186912e-03   9.9048131e-01
   8.2534899e-01   0.0000000e+00   9.7092268e-03   9.9029077e-01
   8.2435829e-01   0.0000000e+00   9.5377247e-03   9.9046228e-01
   8.2391973e-01   0.0000000e+00   9.5990230e-03   9.9040098e-01
   8.2103061e-01   0.0000000e+00   9.5267161e-03   9.9047328e-01
   8.2350839e-01   0.0000000e+00   9.5203827e-03   9.9047962e-01
   8.2401188e-01   0.0000000e+00   9.3900717e-03   9.9060993e-01
   8.2426018e-01   0.0000000e+00   9.4084752e-03   9.9059152e-01
   8.2405658e-01   0.0000000e+00   9.5879643e-03   9.9041204e-01
   8.2431671e-01   0.0000000e+00   9.5870808e-03   9.9041292e-01
   8.2321904e-01   0.0000000e+00   9.4411886e-03   9.9055881e-01
   8.2418556e-01   0.0000000e+00   9.5466601e-03   9.9045334e-01
   8.2347579e-01   0.0000000e+00   9.5318734e-03   9.9046813e-01
   8.2426410e-01   0.0000000e+00   9.5303164e-03   9.9046968e-01
   8.2445855e-01   0.0000000e+00   9.4724353e-03   9.9052756e-01
   8.2409419e-01   0.0000000e+00   9.6537040e-03   9.9034630e-01
   8.2423307e-01   0.0000000e+00   9.6082948e-03   9.9039171e-01
   8.2625077e-01   0.0000000e+00   9.4914036e-03   9.9050860e-01
   8.2419993e-01   0.0000000e+00   9.6447283e-03   9.9035527e-01
   8.2429536e-01   0.0000000e+00   9.5913643e-03   9.9040864e-01
   8.2497209e-01   0.0000000e+00   9.6532226e-03   9.9034678e-01
   8.2419539e-01   0.0000000e+00   9.5875693e-03   9.9041243e-01
   8.2405425e-01   0.0000000e+00   9.6672891e-03   9.9033271e-01
   8.2441175e-01   0.0000000e+00   9.6220666e-03   9.9037793e-01
   8.2394677e-01   0.0000000e+00   9.4090612e-03   9.9059094e-01
   8.2424302e-01   0.0000000e+00   9.6904451e-03   9.9030955e-01
   8.2421481e-01   0.0000000e+00   9.6138125e-03   9.9038619e-01
   8.2384450e-01   0.0000000e+00   9.6649215e-03   9.9033508e-01
   8.2407678e-01   0.0000000e+00   9.6143302e-03   9.9038567e-01
   8.2471448e-01   0.0000000e+00   9.6310559e-03   9.9036894e-01
   8.2431331e-01   0.0000000e+00   9.6665695e-03   9.9033343e-01
   8.2395926e-01   0.0000000e+00   9.5287275e-03   9.9047127e-01
   8.2458974e-01   0.0000000e+00   9.6432091e-03   9.9035679e-01
   8.2432134e-01   0.0000000e+00   9.7541373e-03   9.9024586e-01
   8.2511249e-01   0.0000000e+00   9.3901787e-03   9.9060982e-01
   8.2584396e-01   0.0000000e+00   9.6863427e-03   9.9031366e-01
   8.2433613e-01   0.0000000e+00   9.6651188e-03   9.9033488e-01
   8.2438903e-01   0.0000000e+00   9.7172358e-03   9.9028276e-01
   8.2585880e-01   0.0000000e+00   9.6569200e-03   9.9034308e-01
   8.2385123e-01   0.0000000e+00   9.6346313e-03   9.9036537e-01
   8.2400294e-01   0.0000000e+00   9.7804409e-03   9.9021956e-01
   8.2296740e-01   0.0000000e+00   9.6053500e-03   9.9039465e-01
   8.2423926e-01   0.0000000e+00   9.7994842e-03   9.9020052e-01
   8.2398036e-01   0.0000000e+00   9.6630740e-03   9.9033693e-01
   8.2406105e-01   0.0000000e+00   9.7160147e-03   9.9028399e-01
   8.2438969e-01   0.0000000e+00   9.7180440e-03   9.9028196e-01
   8.2586321e-01   0.0000000e+00   9.7861701e-03   9.9021383e-01
   8.2441598e-01   0.0000000e+00   9.8154809e-03   9.9018452e-01
   8.2414973e-01   0.0000000e+00   9.7815576e-03   9.9021844e-01
   8.2528202e-01   0.0000000e+00   9.7178389e-03   9.9028216e-01
   8.2468721e-01   0.0000000e+00   9.5807364e-03   9.9041926e-01
   8.2424287e-01   0.0000000e+00   9.7553295e-03   9.9024467e-01
   8.2467947e-01   0.0000000e+00   9.7377151e-03   9.9026228e-01
   8.2421060e-01   0.0000000e+00   9.7622045e-03   9.9023780e-01
   8.2391090e-01   0.0000000e+00   9.8193998e-03   9.9018060e-01
   8.2352086e-01   0.0000000e+00   9.4929600e-03   9.9050704e-01
   8.2452204e-01   0.0000000e+00   9.9672678e-03   9.9003273e-01
   8.2343988e-01   0.0000000e+00   9.7170012e-03   9.9028300e-01
   8.2446265e-01   0.0000000e+00   9.9179172e-03   9.9008208e-01
   8.2472834e-01   0.0000000e+00   9.8053544e-03   9.9019465e-01
   8.2755990e-01   0.0000000e+00   9.8254089e-03   9.9017459e-01
   8.2451235e-01   0.0000000e+00   9.8985574e-03   9.9010144e-01
   8.2455414e-01   0.0000000e+00   9.9026474e-03   9.9009735e-01
   8.2431170e-01   0.0000000e+00   9.8890723e-03   9.9011093e-01
   8.2381642e-01   0.0000000e+00   9.9575178e-03   9.9004248e-01
   8.2629258e-01   0.0000000e+00   1.0040167e-02   9.8995983e-01
   8.2498016e-01   0.0000000e+00   9.8322133e-03   9.9016779e-01
   8.2409165e-01   0.0000000e+00   1.0038806e-02   9.8996119e-01
   8.2442859e-01   0.0000000e+00   9.5578312e-03   9.9044217e-01
   8.2454106e-01   0.0000000e+00   9.9349040e-03   9.9006510e-01
   8.2354802e-01   0.0000000e+00   9.8016714e-03   9.9019833e-01
   8.2457158e-01   0.0000000e+00   1.0088843e-02   9.8991116e-01
   8.2374228e-01   0.0000000e+00   9.9699047e-03   9.9003010e-01
   8.2420772e-01   0.0000000e+00   9.6126557e-03   9.9038734e-01
   8.2417883e-01   0.0000000e+00   9.8833453e-03   9.9011665e-01
   8.2503113e-01   0.0000000e+00   1.0126428e-02   9.8987357e-01
   8.2457600e-01   0.0000000e+00   9.8475003e-03   9.9015250e-01
   8.2120570e-01   0.0000000e+00   9.5258463e-03   9.9047415e-01
   8.2496366e-01   0.0000000e+00   1.0202649e-02   9.8979735e-01
   8.2270752e-01   0.0000000e+00   1.0090181e-02   9.8990982e-01
   8.2535615e-01   0.0000000e+00   9.8822409e-03   9.9011776e-01
   8.2350511e-01   0.0000000e+00   1.0336193e-02   9.8966381e-01
   8.2401142e-01   0.0000000e+00   1.0215460e-02   9.8978454e-01
   8.2433885e-01   0.0000000e+00   9.9998610e-03   9.9000014e-01
   8.2850147e-01   0.0000000e+00   1.0487582e-02   9.8951242e-01
   8.2507435e-01   0.0000000e+00   1.0145705e-02   9.8985429e-01
   8.2291645e-01   0.0000000e+00   9.9595727e-03   9.9004043e-01
   8.2496684e-01   0.0000000e+00   1.0411683e-02   9.8958832e-01
   8.2413333e-01   0.0000000e+00   9.4721935e-03   9.9052781e-01
   8.2369013e-01   0.0000000e+00   1.0169929e-02   9.8983007e-01
   8.2484259e-01   0.0000000e+00   1.0140976e-02   9.8985902e-01
   8.2460199e-01   0.0000000e+00   1.0218342e-02   9.8978166e-01
   8.2481103e-01   0.0000000e+00   1.0095713e-02   9.8990429e-01
   8.2491980e-01   0.0000000e+00   1.0212278e-02   9.8978772e-01
   8.2397987e-01   0.0000000e+00   1.0053704e-02   9.8994630e-01
   8.2494252e-01   0.0000000e+00   1.0093952e-02   9.8990605e-01
   8.2449941e-01   0.0000000e+00   1.0105726e-02   9.8989427e-01
   8.2356563e-01   0.0000000e+00   1.0188244e-02   9.8981176e-01
   8.2579193e-01   0.0000000e+00   9.8704862e-03   9.9012951e-01
   8.2653575e-01   0.0000000e+00   1.0468971e-02   9.8953103e-01
   8.2486445e-01   0.0000000e+00   1.0827292e-02   9.8917271e-01
   8.2193915e-01   0.0000000e+00   1.0477421e-02   9.8952258e-01
   8.2462845e-01   0.0000000e+00   1.0355707e-02   9.8964429e-01
   8.2312733e-01   0.0000000e+00   1.0232866e-02   9.8976713e-01
   8.2409348e-01   0.0000000e+00   1.0030076e-02   9.8996992e-01
   8.2536063e-01   0.0000000e+00   1.0506825e-02   9.8949317e-01
   8.2423406e-01   0.0000000e+00   1.0634772e-02   9.8936523e-01
   8.2205461e-01   0.0000000e+00   1.0049483e-02   9.8995052e-01
   8.2279383e-01   0.0000000e+00   1.0464601e-02   9.8953540e-01
   8.2643489e-01   0.0000000e+00   1.0486292e-02   9.8951371e-01
   8.2328951e-01   0.0000000e+00   1.0258358e-02   9.8974164e-01
   8.2388268e-01   0.0000000e+00   1.0467324e-02   9.8953268e-01
   8.2745568e-01   0.0000000e+00   9.7004544e-03   9.9029955e-01
   8.2397160e-01   0.0000000e+00   1.0593084e-02   9.8940692e-01
   8.2477114e-01   0.0000000e+00   1.0331483e-02   9.8966852e-01
   8.2554667e-01   0.0000000e+00   1.0385473e-02   9.8961453e-01
   8.2502466e-01   0.0000000e+00   1.0647587e-02   9.8935241e-01
   8.2456041e-01   0.0000000e+00   1.0478629e-02   9.8952137e-01
   8.2418397e-01   0.0000000e+00   1.0797537e-02   9.8920246e-01
   8.2620464e-01   0.0000000e+00   1.0725543e-02   9.8927446e-01
   8.2592871e-01   0.0000000e+00   1.0898262e-02   9.8910174e-01
   8.2557180e-01   0.0000000e+00   1.0519514e-02   9.8948049e-01
   8.2478204e-01   0.0000000e+00   1.1139895e-02   9.8886010e-01
   8.2429082e-01   0.0000000e+00   1.0655957e-02   9.8934404e-01
   8.2474936e-01   0.0000000e+00   1.0680178e-02   9.8931982e-01
   8.2187467e-01   0.0000000e+00   1.0426294e-02   9.8957371e-01
   8.2782726e-01   0.0000000e+00   1.0807629e-02   9.8919237e-01
   8.2053830e-01   0.0000000e+00   1.0752032e-02   9.8924797e-01
   8.2401695e-01   0.0000000e+00   9.9269176e-03   9.9007308e-01
   8.2436988e-01   0.0000000e+00   1.1129323e-02   9.8887068e-01
   8.2693530e-01   0.0000000e+00   1.0872636e-02   9.8912736e-01
   8.2553041e-01   0.0000000e+00   9.7036487e-03   9.9029635e-01
   8.2080133e-01   0.0000000e+00   9.6813026e-03   9.9031870e-01
   8.2681132e-01   0.0000000e+00   1.0947921e-02   9.8905208e-01
   8.2560141e-01   0.0000000e+00   1.0871406e-02   9.8912859e-01
   8.2415466e-01   0.0000000e+00   9.7263054e-03   9.9027369e-01
   8.2360710e-01   0.0000000e+00   9.9440660e-03   9.9005593e-01
   8.3097380e-01   0.0000000e+00   1.1620297e-02   9.8837970e-01
   8.2458181e-01   0.0000000e+00   1.0497017e-02   9.8950298e-01
   8.2218819e-01   0.0000000e+00   9.9531067e-03   9.9004689e-01
   8.1951232e-01   0.0000000e+00   1.1075822e-02   9.8892418e-01
   8.2532952e-01   0.0000000e+00   1.1829997e-02   9.8817000e-01
   8.2519111e-01   0.0000000e+00   1.0804228e-02   9.8919577e-01
   8.2487489e-01   0.0000000e+00   1.0633569e-02   9.8936643e-01
   8.2324066e-01   0.0000000e+00   9.4775173e-03   9.9052248e-01
   8.2600291e-01   0.0000000e+00   1.0999512e-02   9.8900049e-01
   8.2551834e-01   0.0000000e+00   1.0634397e-02   9.8936560e-01
   8.2618727e-01   0.0000000e+00   1.0737067e-02   9.8926293e-01
   8.2562980e-01   0.0000000e+00   1.0699402e-02   9.8930060e-01
   8.2536082e-01   0.0000000e+00   1.0797184e-02   9.8920282e-01
   8.2519307e-01   0.0000000e+00   1.0597609e-02   9.8940239e-01
   8.2530180e-01   0.0000000e+00   1.0893640e-02   9.8910636e-01
   8.2547097e-01   0.0000000e+00   1.0750139e-02   9.8924986e-01
   8.2564066e-01   0.0000000e+00   1.0738334e-02   9.8926167e-01
   8.2648036e-01   0.0000000e+00   1.1022470e-02   9.8897753e-01
   8.2510678e-01   0.0000000e+00   1.0473763e-02   9.8952624e-01
   8.2575221e-01   0.0000000e+00   1.0723420e-02   9.8927658e-01
   8.2563915e-01   0.0000000e+00   1.0692590e-02   9.8930741e-01
   8.2559168e-01   0.0000000e+00   1.0994890e-02   9.8900511e-01
   8.2692692e-01   0.0000000e+00   1.0676667e-02   9.8932333e-01
   8.2510535e-01   0.0000000e+00   1.1571039e-02   9.8842896e-01
   8.2435447e-01   0.0000000e+00   1.1161123e-02   9.8883888e-01
   8.2597860e-01   0.0000000e+00   1.0884036e-02   9.8911596e-01
   8.2585871e-01   0.0000000e+00   1.0949277e-02   9.8905072e-01
   8.2693021e-01   0.0000000e+00   1.1145786e-02   9.8885421e-01
   8.2665815e-01   0.0000000e+00   1.1022258e-02   9.8897774e-01
   8.2761202e-01   0.0000000e+00   1.1149402e-02   9.8885060e-01
   8.2845804e-01   0.0000000e+00   1.1013999e-02   9.8898600e-01
   8.2679309e-01   0.0000000e+00   1.1006442e-02   9.8899356e-01
   8.2672524e-01   0.0000000e+00   1.0866231e-02   9.8913377e-01
   8.3276609e-01   0.0000000e+00   1.0698665e-02   9.8930133e-01
   8.2535686e-01   0.0000000e+00   1.0460666e-02   9.8953933e-01
   8.2763544e-01   0.0000000e+00   1.1141363e-02   9.8885864e-01
   8.2678741e-01   0.0000000e+00   1.0977300e-02   9.8902270e-01
   8.2678069e-01   0.0000000e+00   1.1235653e-02   9.8876435e-01
   8.2771997e-01   0.0000000e+00   1.1260091e-02   9.8873991e-01
   8.2660319e-01   0.0000000e+00   1.1126080e-02   9.8887392e-01
   8.2699264e-01   0.0000000e+00   1.1297454e-02   9.8870255e-01
   8.2875196e-01   0.0000000e+00   1.0882574e-02   9.8911743e-01
   8.2645671e-01   0.0000000e+00   1.1007422e-02   9.8899258e-01
   8.2750467e-01   0.0000000e+00   1.1489021e-02   9.8851098e-01
   8.2312984e-01   0.0000000e+00   1.1872411e-02   9.8812759e-01
   8.2845958e-01   0.0000000e+00   1.1164433e-02   9.8883557e-01
   8.2685676e-01   0.0000000e+00   1.1434780e-02   9.8856522e-01
   8.2692684e-01   0.0000000e+00   1.1426348e-02   9.8857365e-01
   8.2722614e-01   0.0000000e+00   1.1389417e-02   9.8861058e-01
   8.3160089e-01   0.0000000e+00   1.1583255e-02   9.8841674e-01
   8.2727440e-01   0.0000000e+00   1.1572580e-02   9.8842742e-01
   8.2781769e-01   0.0000000e+00   1.1389270e-02   9.8861073e-01
   8.2904206e-01   0.0000000e+00   1.1584672e-02   9.8841533e-01
   8.2769406e-01   0.0000000e+00   1.1418616e-02   9.8858138e-01
   8.2657768e-01   0.0000000e+00   1.1153223e-02   9.8884678e-01
   8.2600402e-01   0.0000000e+00   1.3028927e-02   9.8697107e-01
   8.2851518e-01   0.0000000e+00   1.1334245e-02   9.8866576e-01
   8.2781533e-01   0.0000000e+00   1.1760961e-02   9.8823904e-01
   8.2781118e-01   0.0000000e+00   1.1670871e-02   9.8832913e-01
   8.2727695e-01   0.0000000e+00   1.1554461e-02   9.8844554e-01
   8.2765649e-01   0.0000000e+00   1.1624443e-02   9.8837556e-01
   8.2828414e-01   0.0000000e+00   1.1904531e-02   9.8809547e-01
   8.2813574e-01   0.0000000e+00   1.1481364e-02   9.8851864e-01
   8.2830143e-01   0.0000000e+00   1.1561030e-02   9.8843897e-01
   8.2827672e-01   0.0000000e+00   1.1686144e-02   9.8831386e-01
   8.3779117e-01   0.0000000e+00   1.2424793e-02   9.8757521e-01
   8.3003718e-01   0.0000000e+00   1.1620266e-02   9.8837973e-01
   8.3095152e-01   0.0000000e+00   1.1787690e-02   9.8821231e-01
   8.2826595e-01   0.0000000e+00   1.1933962e-02   9.8806604e-01
   8.2785517e-01   0.0000000e+00   1.1716658e-02   9.8828334e-01
   8.3183365e-01   0.0000000e+00   1.2344838e-02   9.8765516e-01
   8.2847387e-01   0.0000000e+00   1.2240258e-02   9.8775974e-01
   8.2948728e-01   0.0000000e+00   1.2043164e-02   9.8795684e-01
   8.2847516e-01   0.0000000e+00   1.1735416e-02   9.8826458e-01
   8.3030239e-01   0.0000000e+00   1.1714174e-02   9.8828583e-01
   8.2847472e-01   0.0000000e+00   1.2103361e-02   9.8789664e-01
   8.3037797e-01   0.0000000e+00   1.1881806e-02   9.8811819e-01
   8.2975120e-01   0.0000000e+00   1.1653600e-02   9.8834640e-01
   8.2829706e-01   0.0000000e+00   1.2088346e-02   9.8791165e-01
   8.3272827e-01   0.0000000e+00   1.1363735e-02   9.8863627e-01
   8.2889261e-01   0.0000000e+00   1.1951170e-02   9.8804883e-01
   8.2880932e-01   0.0000000e+00   1.2203329e-02   9.8779667e-01
   8.2181057e-01   0.0000000e+00   1.1338390e-02   9.8866161e-01
   8.2941900e-01   0.0000000e+00   1.2030484e-02   9.8796952e-01
   8.3002106e-01   0.0000000e+00   1.2745108e-02   9.8725489e-01
   8.2973691e-01   0.0000000e+00   1.2225236e-02   9.8777476e-01
   8.2988976e-01   0.0000000e+00   1.2672532e-02   9.8732747e-01
   8.2916625e-01   0.0000000e+00   1.2503548e-02   9.8749645e-01
   8.2825516e-01   0.0000000e+00   1.2199386e-02   9.8780061e-01
   8.2977322e-01   0.0000000e+00   1.2941073e-02   9.8705893e-01
   8.3181786e-01   0.0000000e+00   1.1555114e-02   9.8844489e-01
   8.2977033e-01   0.0000000e+00   1.2169317e-02   9.8783068e-01
   8.3479721e-01   0.0000000e+00   1.1676713e-02   9.8832329e-01
   8.3738378e-01   0.0000000e+00   1.2912462e-02   9.8708754e-01
   8.2894167e-01   0.0000000e+00   1.2632976e-02   9.8736702e-01
   8.2953766e-01   0.0000000e+00   1.2488837e-02   9.8751116e-01
   8.1899372e-01   0.0000000e+00   9.8320029e-03   9.9016800e-01
   8.3047641e-01   0.0000000e+00   1.3051286e-02   9.8694871e-01
   8.2808777e-01   0.0000000e+00   1.5921401e-02   9.8407860e-01
   8.3420791e-01   0.0000000e+00   1.2812039e-02   9.8718796e-01
   8.2987418e-01   0.0000000e+00   1.3251324e-02   9.8674868e-01
   8.3744614e-01   0.0000000e+00   1.0431973e-02   9.8956803e-01
   8.3042585e-01   0.0000000e+00   1.2643007e-02   9.8735699e-01
   8.1634706e-01   0.0000000e+00   1.0669803e-02   9.8933020e-01
   8.3384887e-01   0.0000000e+00   1.2881141e-02   9.8711886e-01
   8.3245206e-01   0.0000000e+00   1.2414407e-02   9.8758559e-01
   8.3159885e-01   0.0000000e+00   1.3521559e-02   9.8647844e-01
   8.3477294e-01   0.0000000e+00   1.3329708e-02   9.8667029e-01
   8.3246546e-01   0.0000000e+00   1.3411288e-02   9.8658871e-01
   8.3028414e-01   0.0000000e+00   1.1725109e-02   9.8827489e-01
   8.3582675e-01   0.0000000e+00   1.3204032e-02   9.8679597e-01
   8.3261184e-01   0.0000000e+00   1.3763870e-02   9.8623613e-01
   8.3191298e-01   0.0000000e+00   1.2919818e-02   9.8708018e-01
   8.3632454e-01   0.0000000e+00   1.2789056e-02   9.8721094e-01
   8.2792913e-01   0.0000000e+00   1.2539250e-02   9.8746075e-01
   8.3198826e-01   0.0000000e+00   1.3434302e-02   9.8656570e-01
   8.1559212e-01   0.0000000e+00   1.0035945e-02   9.8996405e-01
   8.3244277e-01   0.0000000e+00   1.3738204e-02   9.8626180e-01
   8.3131265e-01   0.0000000e+00   1.2627325e-02   9.8737267e-01
   8.3000234e-01   0.0000000e+00   1.4036496e-02   9.8596350e-01
   8.2490671e-01   0.0000000e+00   1.1015632e-02   9.8898437e-01
   8.3480563e-01   0.0000000e+00   1.3432504e-02   9.8656750e-01
   8.3296512e-01   0.0000000e+00   1.5032399e-02   9.8496760e-01
   8.4368468e-01   0.0000000e+00   1.3757189e-02   9.8624281e-01
   8.4257214e-01   0.0000000e+00   1.5345924e-02   9.8465408e-01
   8.3293932e-01   0.0000000e+00   1.3801689e-02   9.8619831e-01
   8.1534376e-01   0.0000000e+00   1.0518195e-02   9.8948181e-01
   8.3201416e-01   0.0000000e+00   1.4729648e-02   9.8527035e-01
   8.3776551e-01   0.0000000e+00   1.2858193e-02   9.8714181e-01
   8.4110693e-01   0.0000000e+00   1.4920049e-02   9.8507995e-01
   8.3542249e-01   0.0000000e+00   1.3885668e-02   9.8611433e-01
   8.3460975e-01   0.0000000e+00   1.4455408e-02   9.8554459e-01
   8.3646731e-01   0.0000000e+00   1.4669024e-02   9.8533098e-01
   8.4143828e-01   0.0000000e+00   1.4370380e-02   9.8562962e-01
   8.3361224e-01   0.0000000e+00   1.4480555e-02   9.8551945e-01
   8.3388214e-01   0.0000000e+00   1.1362857e-02   9.8863714e-01
   8.3412525e-01   0.0000000e+00   1.5152779e-02   9.8484722e-01
   8.3356017e-01   0.0000000e+00   1.2705370e-02   9.8729463e-01
   8.4098604e-01   0.0000000e+00   1.4898287e-02   9.8510171e-01
   8.3666874e-01   0.0000000e+00   1.4958691e-02   9.8504131e-01
   8.3789750e-01   0.0000000e+00   1.5844708e-02   9.8415529e-01
   8.3010947e-01   0.0000000e+00   1.5880461e-02   9.8411954e-01
   8.2830009e-01   0.0000000e+00   1.2590812e-02   9.8740919e-01
   8.4130246e-01   0.0000000e+00   1.4731594e-02   9.8526841e-01
   8.2051476e-01   0.0000000e+00   1.4350798e-02   9.8564920e-01
   8.3317823e-01   0.0000000e+00   1.4318150e-02   9.8568185e-01
   8.3487176e-01   0.0000000e+00   1.6812701e-02   9.8318730e-01
   8.3977904e-01   0.0000000e+00   1.3926884e-02   9.8607312e-01
   8.4633486e-01   0.0000000e+00   1.4634469e-02   9.8536553e-01
   8.3930158e-01   0.0000000e+00   1.6285850e-02   9.8371415e-01
   8.3767185e-01   0.0000000e+00   1.6379323e-02   9.8362068e-01
   8.3849929e-01   0.0000000e+00   1.5944774e-02   9.8405523e-01
   8.4107458e-01   0.0000000e+00   1.7528770e-02   9.8247123e-01
   8.3437142e-01   0.0000000e+00   1.5611617e-02   9.8438838e-01
   8.5144647e-01   0.0000000e+00   1.5866850e-02   9.8413315e-01
   8.4685831e-01   0.0000000e+00   1.3116969e-02   9.8688303e-01
   8.3441769e-01   0.0000000e+00   1.6514243e-02   9.8348576e-01
   8.4260965e-01   0.0000000e+00   1.7440899e-02   9.8255910e-01
   8.4368903e-01   0.0000000e+00   1.6062470e-02   9.8393753e-01
   8.3175494e-01   0.0000000e+00   1.5754004e-02   9.8424600e-01
   8.4672837e-01   0.0000000e+00   1.7098623e-02   9.8290138e-01
   8.3959065e-01   0.0000000e+00   1.6091845e-02   9.8390816e-01
   8.2226357e-01   0.0000000e+00   9.3995177e-03   9.9060048e-01
   8.2268477e-01   0.0000000e+00   9.4860867e-03   9.9051391e-01
   8.2393569e-01   0.0000000e+00   9.3940627e-03   9.9060594e-01
   8.2514101e-01   0.0000000e+00   9.4464683e-03   9.9055353e-01
   8.2455854e-01   0.0000000e+00   9.6553209e-03   9.9034468e-01
   8.4019479e-01   0.0000000e+00   1.6172244e-02   9.8382776e-01
   8.2457355e-01   0.0000000e+00   9.5043228e-03   9.9049568e-01
   8.2565995e-01   0.0000000e+00   1.0481809e-02   9.8951819e-01
   8.4765309e-01   0.0000000e+00   1.7419736e-02   9.8258026e-01
   8.5432361e-01   0.0000000e+00   1.5438861e-02   9.8456114e-01
   8.2476285e-01   0.0000000e+00   9.7527738e-03   9.9024723e-01
   8.4111895e-01   0.0000000e+00   1.8906992e-02   9.8109301e-01
   8.3796525e-01   0.0000000e+00   1.8312486e-02   9.8168751e-01
   8.5364383e-01   0.0000000e+00   1.7672367e-02   9.8232763e-01
   8.5057734e-01   0.0000000e+00   1.7873740e-02   9.8212626e-01
   8.4252449e-01   0.0000000e+00   1.7904598e-02   9.8209540e-01
   8.5089908e-01   0.0000000e+00   1.9353153e-02   9.8064685e-01
   8.4763327e-01   0.0000000e+00   1.7848050e-02   9.8215195e-01
   8.4534957e-01   0.0000000e+00   1.5984228e-02   9.8401577e-01
   8.4385945e-01   0.0000000e+00   1.8722602e-02   9.8127740e-01
   8.4920483e-01   0.0000000e+00   1.9462500e-02   9.8053750e-01
   8.5441827e-01   0.0000000e+00   1.7804361e-02   9.8219564e-01
   8.5674287e-01   0.0000000e+00   1.5441535e-02   9.8455846e-01
   8.5024448e-01   0.0000000e+00   1.9505866e-02   9.8049413e-01
   8.5055564e-01   0.0000000e+00   1.9341469e-02   9.8065853e-01
   8.6021212e-01   0.0000000e+00   1.8318627e-02   9.8168137e-01
   8.4700356e-01   0.0000000e+00   1.8524099e-02   9.8147590e-01
   8.4550775e-01   0.0000000e+00   1.8513497e-02   9.8148650e-01
   8.5475289e-01   0.0000000e+00   1.8199591e-02   9.8180041e-01
   8.5314336e-01   0.0000000e+00   1.8283843e-02   9.8171616e-01
   8.3703431e-01   0.0000000e+00   2.1380521e-02   9.7861948e-01
   8.5845537e-01   0.0000000e+00   1.9471126e-02   9.8052887e-01
   8.5954397e-01   0.0000000e+00   1.8776629e-02   9.8122337e-01
   8.6117518e-01   0.0000000e+00   1.9444835e-02   9.8055517e-01
   8.5584191e-01   0.0000000e+00   1.8710255e-02   9.8128975e-01
   8.4789623e-01   0.0000000e+00   2.0891961e-02   9.7910804e-01
   8.5355286e-01   0.0000000e+00   2.0186361e-02   9.7981364e-01
   8.6205112e-01   0.0000000e+00   1.7885693e-02   9.8211431e-01
   8.6413491e-01   0.0000000e+00   1.8577533e-02   9.8142247e-01
   8.5773338e-01   0.0000000e+00   1.8048514e-02   9.8195149e-01
   8.6328832e-01   0.0000000e+00   2.0242761e-02   9.7975724e-01
   8.5166070e-01   0.0000000e+00   1.9455208e-02   9.8054479e-01
   8.6061306e-01   0.0000000e+00   1.8721700e-02   9.8127830e-01
   8.5649225e-01   0.0000000e+00   2.0345199e-02   9.7965480e-01
   8.6540357e-01   0.0000000e+00   1.8083972e-02   9.8191603e-01
   8.6268228e-01   0.0000000e+00   1.8713827e-02   9.8128617e-01
   8.6470539e-01   0.0000000e+00   1.7333693e-02   9.8266631e-01
   8.6243299e-01   0.0000000e+00   2.0818808e-02   9.7918119e-01
   8.6261357e-01   0.0000000e+00   1.9512276e-02   9.8048772e-01
   8.5703129e-01   0.0000000e+00   1.9239424e-02   9.8076058e-01
   8.6593652e-01   0.0000000e+00   2.0430394e-02   9.7956961e-01
   8.6149134e-01   0.0000000e+00   1.9040883e-02   9.8095912e-01
   8.6099953e-01   0.0000000e+00   2.0998395e-02   9.7900160e-01
   8.5069218e-01   0.0000000e+00   2.2579882e-02   9.7742012e-01
   8.6750386e-01   0.0000000e+00   1.8182224e-02   9.8181778e-01
   8.4827832e-01   0.0000000e+00   2.0799629e-02   9.7920037e-01
   8.5959476e-01   0.0000000e+00   2.0082643e-02   9.7991736e-01
   8.6474333e-01   0.0000000e+00   1.7315462e-02   9.8268454e-01
   8.6590299e-01   0.0000000e+00   1.7966046e-02   9.8203395e-01
   8.6781848e-01   0.0000000e+00   1.8317913e-02   9.8168209e-01
   8.7232599e-01   0.0000000e+00   1.6353060e-02   9.8364694e-01
   8.5294277e-01   0.0000000e+00   2.1484998e-02   9.7851500e-01
   8.6411031e-01   0.0000000e+00   1.9462778e-02   9.8053722e-01
   8.5722025e-01   0.0000000e+00   1.8956906e-02   9.8104309e-01
   8.6014880e-01   0.0000000e+00   1.6742714e-02   9.8325729e-01
   8.7018811e-01   0.0000000e+00   1.8707372e-02   9.8129263e-01
   8.6507930e-01   0.0000000e+00   1.8198283e-02   9.8180172e-01
   8.6703023e-01   0.0000000e+00   1.9958486e-02   9.8004151e-01
   8.6503920e-01   0.0000000e+00   1.8488455e-02   9.8151154e-01
   8.7288713e-01   0.0000000e+00   1.8034089e-02   9.8196591e-01
   8.7266015e-01   0.0000000e+00   1.4719102e-02   9.8528090e-01
   8.6537531e-01   0.0000000e+00   2.2619917e-02   9.7738008e-01
   8.6122493e-01   0.0000000e+00   2.0035839e-02   9.7996416e-01
   8.7160026e-01   0.0000000e+00   1.8192584e-02   9.8180742e-01
   8.7596028e-01   0.0000000e+00   1.8907546e-02   9.8109245e-01
   8.6574658e-01   0.0000000e+00   2.0479064e-02   9.7952094e-01
   8.7396025e-01   0.0000000e+00   1.7357175e-02   9.8264282e-01
   8.6110328e-01   0.0000000e+00   2.0465537e-02   9.7953446e-01
   8.7447608e-01   0.0000000e+00   1.7261609e-02   9.8273839e-01
   8.7179364e-01   0.0000000e+00   1.9419006e-02   9.8058099e-01
   8.6797816e-01   0.0000000e+00   1.7524034e-02   9.8247597e-01
   8.7466412e-01   0.0000000e+00   2.0943342e-02   9.7905666e-01
   8.4873889e-01   0.0000000e+00   2.4197784e-02   9.7580222e-01
   8.7241025e-01   0.0000000e+00   1.6658477e-02   9.8334152e-01
   8.7605874e-01   0.0000000e+00   1.8700852e-02   9.8129915e-01
   8.7430194e-01   0.0000000e+00   1.6019299e-02   9.8398070e-01
   8.7757939e-01   0.0000000e+00   1.1224742e-02   9.8877526e-01
   8.6257800e-01   0.0000000e+00   2.2556705e-02   9.7744329e-01
   8.7925161e-01   0.0000000e+00   1.6759402e-02   9.8324060e-01
   8.7984606e-01   0.0000000e+00   1.6946481e-02   9.8305352e-01
   8.5573554e-01   0.0000000e+00   2.1820366e-02   9.7817963e-01
   8.8047580e-01   0.0000000e+00   1.7239523e-02   9.8276048e-01
   8.7657973e-01   0.0000000e+00   2.2007259e-02   9.7799274e-01
   8.8092669e-01   0.0000000e+00   1.8352419e-02   9.8164758e-01
   8.5313348e-01   0.0000000e+00   2.1064944e-02   9.7893506e-01
   8.7225423e-01   0.0000000e+00   2.1676968e-02   9.7832303e-01
   8.6519353e-01   0.0000000e+00   2.0298758e-02   9.7970124e-01
   8.7653480e-01   0.0000000e+00   1.5143764e-02   9.8485624e-01
   8.7665385e-01   0.0000000e+00   1.8108890e-02   9.8189111e-01
   8.7851893e-01   0.0000000e+00   1.7852967e-02   9.8214703e-01
   8.7886832e-01   0.0000000e+00   1.7417252e-02   9.8258275e-01
   8.7919084e-01   0.0000000e+00   1.8987677e-02   9.8101232e-01
   8.8057156e-01   0.0000000e+00   1.5611687e-02   9.8438831e-01
   8.8358690e-01   0.0000000e+00   1.8101212e-02   9.8189879e-01
   8.7677468e-01   0.0000000e+00   1.4223702e-02   9.8577630e-01
   8.7256061e-01   0.0000000e+00   2.1584990e-02   9.7841501e-01
   8.7345142e-01   0.0000000e+00   1.4547926e-02   9.8545207e-01
   8.7980691e-01   0.0000000e+00   2.0272024e-02   9.7972798e-01
   8.7814104e-01   0.0000000e+00   1.6843770e-02   9.8315623e-01
   8.6865123e-01   0.0000000e+00   2.2805608e-02   9.7719439e-01
   8.8190171e-01   0.0000000e+00   1.5405317e-02   9.8459468e-01
   8.7238237e-01   0.0000000e+00   2.1719155e-02   9.7828084e-01
   8.8199934e-01   0.0000000e+00   2.3666394e-02   9.7633361e-01
   8.8149740e-01   0.0000000e+00   1.5194241e-02   9.8480576e-01
   8.8356159e-01   0.0000000e+00   1.8487413e-02   9.8151259e-01
   8.8291266e-01   0.0000000e+00   1.7369695e-02   9.8263031e-01
   8.7589722e-01   0.0000000e+00   1.1321427e-02   9.8867857e-01
   8.7967948e-01   0.0000000e+00   2.0037225e-02   9.7996278e-01
   8.8269050e-01   0.0000000e+00   1.9861678e-02   9.8013832e-01
   8.8025012e-01   0.0000000e+00   2.6890456e-02   9.7310954e-01
   8.8466385e-01   0.0000000e+00   1.5116271e-02   9.8488373e-01
   8.8651241e-01   0.0000000e+00   1.7346585e-02   9.8265341e-01
   8.8103581e-01   0.0000000e+00   1.3440341e-02   9.8655966e-01
   8.8437759e-01   0.0000000e+00   1.6484753e-02   9.8351525e-01
   8.8376871e-01   0.0000000e+00   1.5289318e-02   9.8471068e-01
   8.8446962e-01   0.0000000e+00   1.4576092e-02   9.8542391e-01
   8.7956850e-01   0.0000000e+00   1.4378089e-02   9.8562191e-01
   8.8601785e-01   0.0000000e+00   1.6498370e-02   9.8350163e-01
   8.9201152e-01   0.0000000e+00   1.5269456e-02   9.8473054e-01
   8.8588899e-01   0.0000000e+00   1.5506392e-02   9.8449361e-01
   8.9048556e-01   0.0000000e+00   1.5217336e-02   9.8478266e-01
   8.8890526e-01   0.0000000e+00   1.4354204e-02   9.8564580e-01
   8.8509959e-01   0.0000000e+00   1.8364301e-02   9.8163570e-01
   8.8965283e-01   0.0000000e+00   1.7245855e-02   9.8275415e-01
   8.8295219e-01   0.0000000e+00   1.6212514e-02   9.8378749e-01
   8.8137970e-01   0.0000000e+00   1.3179628e-02   9.8682037e-01
   8.8649476e-01   0.0000000e+00   1.4061967e-02   9.8593803e-01
   8.8542190e-01   0.0000000e+00   1.3728442e-02   9.8627156e-01
   8.8044358e-01   0.0000000e+00   1.3475648e-02   9.8652435e-01
   8.8681829e-01   0.0000000e+00   1.5731546e-02   9.8426845e-01
   8.9061976e-01   0.0000000e+00   1.5190798e-02   9.8480920e-01
   8.9221823e-01   0.0000000e+00   1.5094945e-02   9.8490505e-01
   8.8795882e-01   0.0000000e+00   1.4013936e-02   9.8598606e-01
   8.8942124e-01   0.0000000e+00   1.4289091e-02   9.8571091e-01
   8.8883458e-01   0.0000000e+00   1.3923740e-02   9.8607626e-01
   8.8200971e-01   0.0000000e+00   1.5616063e-02   9.8438394e-01
   8.9007151e-01   0.0000000e+00   1.4154298e-02   9.8584570e-01
   8.9023040e-01   0.0000000e+00   1.3196115e-02   9.8680389e-01
   8.8895622e-01   0.0000000e+00   1.2790375e-02   9.8720963e-01
   8.8942546e-01   0.0000000e+00   1.3465879e-02   9.8653412e-01
   8.8929371e-01   0.0000000e+00   1.4116822e-02   9.8588318e-01
   8.9133863e-01   0.0000000e+00   1.3563802e-02   9.8643620e-01
   8.9384120e-01   0.0000000e+00   1.4903088e-02   9.8509691e-01
   8.9179139e-01   0.0000000e+00   1.4563067e-02   9.8543693e-01
   8.9276164e-01   0.0000000e+00   1.4006277e-02   9.8599372e-01
   8.8476870e-01   0.0000000e+00   1.2948941e-02   9.8705106e-01
   8.9193110e-01   0.0000000e+00   1.3226719e-02   9.8677328e-01
   8.8723535e-01   0.0000000e+00   1.3251152e-02   9.8674885e-01
   8.9167583e-01   0.0000000e+00   1.3033948e-02   9.8696605e-01
   8.9450637e-01   0.0000000e+00   1.2517446e-02   9.8748255e-01
   8.8699271e-01   0.0000000e+00   1.5619800e-02   9.8438020e-01
   8.9421081e-01   0.0000000e+00   1.3946491e-02   9.8605351e-01
   8.7818979e-01   0.0000000e+00   1.7463912e-02   9.8253609e-01
   8.9315895e-01   0.0000000e+00   1.4098600e-02   9.8590140e-01
   8.8934480e-01   0.0000000e+00   1.0155596e-02   9.8984440e-01
   8.9548373e-01   0.0000000e+00   1.2694175e-02   9.8730582e-01
   8.8825698e-01   0.0000000e+00   1.4081614e-02   9.8591839e-01
   8.9569745e-01   0.0000000e+00   1.4897864e-02   9.8510214e-01
   8.9407108e-01   0.0000000e+00   1.6128946e-02   9.8387105e-01
   8.9335882e-01   0.0000000e+00   1.3974339e-02   9.8602566e-01
   8.9492070e-01   0.0000000e+00   9.9511475e-03   9.9004885e-01
   8.9014262e-01   0.0000000e+00   1.6068047e-02   9.8393195e-01
   8.9564391e-01   0.0000000e+00   1.3618149e-02   9.8638185e-01
   8.9458942e-01   0.0000000e+00   1.4671858e-02   9.8532814e-01
   8.5523859e-01   0.0000000e+00   1.8099523e-02   9.8190048e-01
   8.9312974e-01   0.0000000e+00   1.3417769e-02   9.8658223e-01
   8.9441426e-01   0.0000000e+00   1.4576280e-02   9.8542372e-01
   8.9663756e-01   0.0000000e+00   1.4055277e-02   9.8594472e-01
   8.9509726e-01   0.0000000e+00   1.3876377e-02   9.8612362e-01
   8.9849616e-01   0.0000000e+00   1.3830195e-02   9.8616981e-01
   8.9047534e-01   0.0000000e+00   1.0683618e-02   9.8931638e-01
   9.0003039e-01   0.0000000e+00   1.4240290e-02   9.8575971e-01
   8.9670083e-01   0.0000000e+00   1.2317606e-02   9.8768239e-01
   8.7509520e-01   0.0000000e+00   2.0550122e-02   9.7944988e-01
   8.9884288e-01   0.0000000e+00   1.1288655e-02   9.8871134e-01
   8.9751798e-01   0.0000000e+00   1.4211299e-02   9.8578870e-01
   8.9891469e-01   0.0000000e+00   1.4246249e-02   9.8575375e-01
   8.9794075e-01   0.0000000e+00   1.4271299e-02   9.8572870e-01
   8.8795761e-01   0.0000000e+00   1.3202992e-02   9.8679701e-01
   8.9435347e-01   0.0000000e+00   1.5309774e-02   9.8469023e-01
   8.9947305e-01   0.0000000e+00   1.3574879e-02   9.8642512e-01
   8.9546210e-01   0.0000000e+00   1.1088540e-02   9.8891146e-01
   8.4527617e-01   0.0000000e+00   1.5600734e-02   9.8439927e-01
   8.9294571e-01   0.0000000e+00   1.3403347e-02   9.8659665e-01
   9.0386222e-01   0.0000000e+00   1.6013680e-02   9.8398632e-01
   8.9816308e-01   0.0000000e+00   1.4577195e-02   9.8542281e-01
   9.0093481e-01   0.0000000e+00   1.5089014e-02   9.8491099e-01
   8.9050419e-01   0.0000000e+00   1.4267148e-02   9.8573285e-01
   9.0428986e-01   0.0000000e+00   1.4275029e-02   9.8572497e-01
   9.0374248e-01   0.0000000e+00   1.0219131e-02   9.8978087e-01
   8.9886372e-01   0.0000000e+00   1.3438345e-02   9.8656166e-01
   8.9322611e-01   0.0000000e+00   1.7285286e-02   9.8271471e-01
   8.9159159e-01   0.0000000e+00   1.1695375e-02   9.8830463e-01
   9.0345285e-01   0.0000000e+00   1.4375892e-02   9.8562411e-01
   9.0872286e-01   0.0000000e+00   1.5522021e-02   9.8447798e-01
   8.9996437e-01   0.0000000e+00   1.4483526e-02   9.8551647e-01
   9.0353308e-01   0.0000000e+00   1.5179724e-02   9.8482028e-01
   9.0015976e-01   0.0000000e+00   1.4275718e-02   9.8572428e-01
   9.0028323e-01   0.0000000e+00   1.4705295e-02   9.8529471e-01
   9.0603796e-01   0.0000000e+00   1.3446304e-02   9.8655370e-01
   8.9869961e-01   0.0000000e+00   1.5006103e-02   9.8499390e-01
   9.0411377e-01   0.0000000e+00   1.5166678e-02   9.8483332e-01
   9.0290280e-01   0.0000000e+00   1.5052545e-02   9.8494745e-01
   8.9971214e-01   0.0000000e+00   1.6164688e-02   9.8383531e-01
   9.0293516e-01   0.0000000e+00   1.5729290e-02   9.8427071e-01
   9.0296858e-01   0.0000000e+00   1.6934117e-02   9.8306588e-01
   9.0371143e-01   0.0000000e+00   1.6680901e-02   9.8331910e-01
   9.0076498e-01   0.0000000e+00   1.4363021e-02   9.8563698e-01
   9.0620927e-01   0.0000000e+00   1.2860359e-02   9.8713964e-01
   9.0822005e-01   0.0000000e+00   1.5486298e-02   9.8451370e-01
   9.0588515e-01   0.0000000e+00   1.6351579e-02   9.8364842e-01
   9.0476523e-01   0.0000000e+00   1.4439756e-02   9.8556024e-01
   9.1591491e-01   0.0000000e+00   1.7430208e-02   9.8256979e-01
   9.0396963e-01   0.0000000e+00   1.2848459e-02   9.8715154e-01
   9.0756237e-01   0.0000000e+00   1.5747518e-02   9.8425248e-01
   8.5383068e-01   0.0000000e+00   1.7987969e-02   9.8201203e-01
   9.0642602e-01   0.0000000e+00   1.4338101e-02   9.8566190e-01
   8.5578938e-01   0.0000000e+00   1.6292372e-02   9.8370763e-01
   8.9398386e-01   0.0000000e+00   1.2580630e-02   9.8741937e-01
   9.1459502e-01   0.0000000e+00   1.3954752e-02   9.8604525e-01
   9.0982527e-01   0.0000000e+00   1.7094069e-02   9.8290593e-01
   9.0521352e-01   0.0000000e+00   1.3711813e-02   9.8628819e-01
   9.1190402e-01   0.0000000e+00   1.5149176e-02   9.8485082e-01
   9.0686035e-01   0.0000000e+00   1.8428435e-02   9.8157157e-01
   8.9989385e-01   0.0000000e+00   1.7669663e-02   9.8233034e-01
   9.0962456e-01   0.0000000e+00   1.7138287e-02   9.8286171e-01
   8.4700362e-01   0.0000000e+00   1.5475449e-02   9.8452455e-01
   9.0944695e-01   0.0000000e+00   1.5109057e-02   9.8489094e-01
   9.1636250e-01   0.0000000e+00   1.6518556e-02   9.8348144e-01
   9.0878351e-01   0.0000000e+00   1.3825762e-02   9.8617424e-01
   9.1561589e-01   0.0000000e+00   1.5955356e-02   9.8404464e-01
   9.0968925e-01   0.0000000e+00   1.9081416e-02   9.8091858e-01
   9.1512880e-01   0.0000000e+00   1.6768772e-02   9.8323123e-01
   8.4852993e-01   0.0000000e+00   1.6212674e-02   9.8378733e-01
   9.0676406e-01   0.0000000e+00   1.6820290e-02   9.8317971e-01
   8.4757006e-01   0.0000000e+00   1.6527361e-02   9.8347264e-01
   9.1198185e-01   0.0000000e+00   1.6619138e-02   9.8338086e-01
   8.5414368e-01   0.0000000e+00   1.2957001e-02   9.8704300e-01
   8.4219645e-01   0.0000000e+00   1.9599630e-02   9.8040037e-01
   8.4546767e-01   0.0000000e+00   1.7056057e-02   9.8294394e-01
   8.6267441e-01   0.0000000e+00   1.5501350e-02   9.8449865e-01
   9.1310754e-01   0.0000000e+00   1.4326529e-02   9.8567347e-01
   8.6507687e-01   0.0000000e+00   1.4051438e-02   9.8594856e-01
   9.0318857e-01   0.0000000e+00   1.8822971e-02   9.8117703e-01
   9.1019808e-01   0.0000000e+00   1.5597824e-02   9.8440218e-01
   9.1186401e-01   0.0000000e+00   1.7278654e-02   9.8272135e-01
   9.1442199e-01   0.0000000e+00   1.6216659e-02   9.8378334e-01
   9.1165212e-01   0.0000000e+00   1.4989143e-02   9.8501086e-01
   8.6598380e-01   0.0000000e+00   1.3355657e-02   9.8664434e-01
   9.1106671e-01   0.0000000e+00   1.7066395e-02   9.8293361e-01
   9.0998002e-01   0.0000000e+00   1.4156131e-02   9.8584387e-01
   9.0835498e-01   0.0000000e+00   1.2244257e-02   9.8775574e-01
   9.0894950e-01   0.0000000e+00   1.5063709e-02   9.8493629e-01
   8.6388408e-01   0.0000000e+00   1.5964348e-02   9.8403565e-01
   8.6823695e-01   0.0000000e+00   1.2387149e-02   9.8761285e-01
   8.5218118e-01   0.0000000e+00   1.8623222e-02   9.8137678e-01
   9.1774569e-01   0.0000000e+00   1.7498643e-02   9.8250136e-01
   8.7024221e-01   0.0000000e+00   1.2948366e-02   9.8705163e-01
   9.2433906e-01   0.0000000e+00   1.5273696e-02   9.8472630e-01
   9.0792951e-01   0.0000000e+00   1.3812646e-02   9.8618735e-01
   8.4650538e-01   0.0000000e+00   2.1036678e-02   9.7896332e-01
   8.7045669e-01   0.0000000e+00   1.5105286e-02   9.8489471e-01
   8.7250933e-01   0.0000000e+00   1.5548596e-02   9.8445140e-01
   9.1339290e-01   0.0000000e+00   1.9730569e-02   9.8026943e-01
   9.0677163e-01   0.0000000e+00   2.0305927e-02   9.7969407e-01
   9.0286145e-01   0.0000000e+00   2.2884207e-02   9.7711579e-01
   9.2008384e-01   0.0000000e+00   1.8991746e-02   9.8100825e-01
   9.1233211e-01   0.0000000e+00   2.2647887e-02   9.7735211e-01
   9.1860301e-01   0.0000000e+00   1.9438705e-02   9.8056130e-01
   8.7381643e-01   0.0000000e+00   1.2054974e-02   9.8794503e-01
   9.2160175e-01   0.0000000e+00   2.1025806e-02   9.7897419e-01
