   4.7829734e-01   0.0000000e+00   4.9222535e-02   9.5077746e-01
   4.7830278e-01   0.0000000e+00   4.9391157e-02   9.5060884e-01
   4.7830413e-01   0.0000000e+00   4.9107113e-02   9.5089289e-01
   4.7830454e-01   0.0000000e+00   4.9467709e-02   9.5053229e-01
   4.7830461e-01   0.0000000e+00   4.9209288e-02   9.5079071e-01
   4.7830474e-01   0.0000000e+00   4.9243426e-02   9.5075657e-01
   4.7830553e-01   0.0000000e+00   4.9131593e-02   9.5086841e-01
   4.7830556e-01   0.0000000e+00   4.9078768e-02   9.5092123e-01
   4.7830573e-01   0.0000000e+00   4.9527483e-02   9.5047252e-01
   4.7830619e-01   0.0000000e+00   4.9298863e-02   9.5070114e-01
   4.7830627e-01   0.0000000e+00   4.9032807e-02   9.5096719e-01
   4.7830639e-01   0.0000000e+00   4.8992078e-02   9.5100792e-01
   4.7830660e-01   0.0000000e+00   4.9140936e-02   9.5085906e-01
   4.7830739e-01   0.0000000e+00   4.9285168e-02   9.5071483e-01
   4.7830748e-01   0.0000000e+00   4.9172563e-02   9.5082744e-01
   4.7830770e-01   0.0000000e+00   4.9089684e-02   9.5091032e-01
   4.7830858e-01   0.0000000e+00   4.9008359e-02   9.5099164e-01
   4.7830866e-01   0.0000000e+00   4.9024914e-02   9.5097509e-01
   4.7830917e-01   0.0000000e+00   4.9052939e-02   9.5094706e-01
   4.7830925e-01   0.0000000e+00   4.9049359e-02   9.5095064e-01
   4.7830963e-01   0.0000000e+00   4.9259585e-02   9.5074042e-01
   4.7831078e-01   0.0000000e+00   4.8799183e-02   9.5120082e-01
   4.7831107e-01   0.0000000e+00   4.8971937e-02   9.5102806e-01
   4.7831110e-01   0.0000000e+00   4.9089282e-02   9.5091072e-01
   4.7831122e-01   0.0000000e+00   4.9086043e-02   9.5091396e-01
   4.7831135e-01   0.0000000e+00   4.9446593e-02   9.5055341e-01
   4.7831167e-01   0.0000000e+00   4.9109907e-02   9.5089009e-01
   4.7831168e-01   0.0000000e+00   4.9154929e-02   9.5084507e-01
   4.7831173e-01   0.0000000e+00   4.8944648e-02   9.5105535e-01
   4.7831246e-01   0.0000000e+00   4.9695805e-02   9.5030419e-01
   4.7831272e-01   0.0000000e+00   4.8974565e-02   9.5102544e-01
   4.7831285e-01   0.0000000e+00   4.9016085e-02   9.5098392e-01
   4.7831287e-01   0.0000000e+00   4.8985086e-02   9.5101491e-01
   4.7831296e-01   0.0000000e+00   4.9069476e-02   9.5093052e-01
   4.7831318e-01   0.0000000e+00   4.9246885e-02   9.5075312e-01
   4.7831320e-01   0.0000000e+00   4.9040768e-02   9.5095923e-01
   4.7831322e-01   0.0000000e+00   4.9010094e-02   9.5098991e-01
   4.7831342e-01   0.0000000e+00   4.9018461e-02   9.5098154e-01
   4.7831370e-01   0.0000000e+00   4.9053862e-02   9.5094614e-01
   4.7831459e-01   0.0000000e+00   4.8953217e-02   9.5104678e-01
   4.7831501e-01   0.0000000e+00   4.9081177e-02   9.5091882e-01
   4.7831510e-01   0.0000000e+00   4.8880703e-02   9.5111930e-01
   4.7831605e-01   0.0000000e+00   4.9358727e-02   9.5064127e-01
   4.7831612e-01   0.0000000e+00   4.8796844e-02   9.5120316e-01
   4.7831624e-01   0.0000000e+00   4.8976017e-02   9.5102398e-01
   4.7831648e-01   0.0000000e+00   4.8885102e-02   9.5111490e-01
   4.7831668e-01   0.0000000e+00   4.9020386e-02   9.5097961e-01
   4.7831716e-01   0.0000000e+00   4.9227992e-02   9.5077201e-01
   4.7831719e-01   0.0000000e+00   4.9049705e-02   9.5095029e-01
   4.7831786e-01   0.0000000e+00   4.8788081e-02   9.5121192e-01
   4.7831806e-01   0.0000000e+00   4.8866713e-02   9.5113329e-01
   4.7831807e-01   0.0000000e+00   4.8963704e-02   9.5103630e-01
   4.7831845e-01   0.0000000e+00   4.8992738e-02   9.5100726e-01
   4.7831961e-01   0.0000000e+00   4.9055699e-02   9.5094430e-01
   4.7831978e-01   0.0000000e+00   4.8905493e-02   9.5109451e-01
   4.7832000e-01   0.0000000e+00   4.8890084e-02   9.5110992e-01
   4.7832050e-01   0.0000000e+00   4.8906947e-02   9.5109305e-01
   4.7832089e-01   0.0000000e+00   4.8948294e-02   9.5105171e-01
   4.7832148e-01   0.0000000e+00   4.9333807e-02   9.5066619e-01
   4.7832242e-01   0.0000000e+00   4.8862956e-02   9.5113704e-01
   4.7832244e-01   0.0000000e+00   4.9278473e-02   9.5072153e-01
   4.7832257e-01   0.0000000e+00   4.8518352e-02   9.5148165e-01
   4.7832262e-01   0.0000000e+00   4.9108723e-02   9.5089128e-01
   4.7832311e-01   0.0000000e+00   4.8777283e-02   9.5122272e-01
   4.7832315e-01   0.0000000e+00   4.9200068e-02   9.5079993e-01
   4.7832317e-01   0.0000000e+00   4.9054161e-02   9.5094584e-01
   4.7832327e-01   0.0000000e+00   4.8872637e-02   9.5112736e-01
   4.7832332e-01   0.0000000e+00   4.8958474e-02   9.5104153e-01
   4.7832345e-01   0.0000000e+00   4.8850362e-02   9.5114964e-01
   4.7832346e-01   0.0000000e+00   4.9031046e-02   9.5096895e-01
   4.7832383e-01   0.0000000e+00   4.8817941e-02   9.5118206e-01
   4.7832401e-01   0.0000000e+00   4.8860933e-02   9.5113907e-01
   4.7832413e-01   0.0000000e+00   4.9018550e-02   9.5098145e-01
   4.7832423e-01   0.0000000e+00   4.8949744e-02   9.5105026e-01
   4.7832463e-01   0.0000000e+00   4.9026158e-02   9.5097384e-01
   4.7832512e-01   0.0000000e+00   4.9426098e-02   9.5057390e-01
   4.7832534e-01   0.0000000e+00   4.9105481e-02   9.5089452e-01
   4.7832596e-01   0.0000000e+00   4.8815449e-02   9.5118455e-01
   4.7832636e-01   0.0000000e+00   4.9012338e-02   9.5098766e-01
   4.7832681e-01   0.0000000e+00   4.8920121e-02   9.5107988e-01
   4.7832712e-01   0.0000000e+00   4.8507766e-02   9.5149223e-01
   4.7832750e-01   0.0000000e+00   4.8945372e-02   9.5105463e-01
   4.7832801e-01   0.0000000e+00   4.8965932e-02   9.5103407e-01
   4.7832807e-01   0.0000000e+00   4.8532207e-02   9.5146779e-01
   4.7832847e-01   0.0000000e+00   4.9079717e-02   9.5092028e-01
   4.7832856e-01   0.0000000e+00   4.8837684e-02   9.5116232e-01
   4.7832857e-01   0.0000000e+00   4.8686486e-02   9.5131351e-01
   4.7832868e-01   0.0000000e+00   4.8667294e-02   9.5133271e-01
   4.7832877e-01   0.0000000e+00   4.8633972e-02   9.5136603e-01
   4.7832909e-01   0.0000000e+00   4.8844940e-02   9.5115506e-01
   4.7833019e-01   0.0000000e+00   4.8757782e-02   9.5124222e-01
   4.7833025e-01   0.0000000e+00   4.9005667e-02   9.5099433e-01
   4.7833033e-01   0.0000000e+00   4.9128911e-02   9.5087109e-01
   4.7833047e-01   0.0000000e+00   4.8767975e-02   9.5123203e-01
   4.7833109e-01   0.0000000e+00   4.8779815e-02   9.5122019e-01
   4.7833118e-01   0.0000000e+00   4.9130267e-02   9.5086973e-01
   4.7833298e-01   0.0000000e+00   4.8027723e-02   9.5197228e-01
   4.7833497e-01   0.0000000e+00   4.9664002e-02   9.5033600e-01
   4.7833563e-01   0.0000000e+00   4.8602357e-02   9.5139764e-01
   4.7833580e-01   0.0000000e+00   4.8842209e-02   9.5115779e-01
   4.7833598e-01   0.0000000e+00   4.8826389e-02   9.5117361e-01
   4.7833706e-01   0.0000000e+00   4.9246548e-02   9.5075345e-01
   4.7833717e-01   0.0000000e+00   4.9477644e-02   9.5052236e-01
   4.7833720e-01   0.0000000e+00   4.9672658e-02   9.5032734e-01
   4.7833727e-01   0.0000000e+00   4.8869383e-02   9.5113062e-01
   4.7833734e-01   0.0000000e+00   4.9197549e-02   9.5080245e-01
   4.7833735e-01   0.0000000e+00   4.9352274e-02   9.5064773e-01
   4.7833760e-01   0.0000000e+00   4.8744224e-02   9.5125578e-01
   4.7833761e-01   0.0000000e+00   4.8498854e-02   9.5150115e-01
   4.7833761e-01   0.0000000e+00   4.8918924e-02   9.5108108e-01
   4.7833831e-01   0.0000000e+00   4.8689769e-02   9.5131023e-01
   4.7833885e-01   0.0000000e+00   4.8871712e-02   9.5112829e-01
   4.7834020e-01   0.0000000e+00   4.9087599e-02   9.5091240e-01
   4.7834139e-01   0.0000000e+00   4.8916970e-02   9.5108303e-01
   4.7834203e-01   0.0000000e+00   4.8282709e-02   9.5171729e-01
   4.7834240e-01   0.0000000e+00   4.9206004e-02   9.5079400e-01
   4.7834243e-01   0.0000000e+00   4.8764008e-02   9.5123599e-01
   4.7834286e-01   0.0000000e+00   4.8827708e-02   9.5117229e-01
   4.7834290e-01   0.0000000e+00   4.8720095e-02   9.5127990e-01
   4.7834368e-01   0.0000000e+00   4.8699354e-02   9.5130065e-01
   4.7834401e-01   0.0000000e+00   4.8696004e-02   9.5130400e-01
   4.7834436e-01   0.0000000e+00   4.8553410e-02   9.5144659e-01
   4.7834439e-01   0.0000000e+00   4.9125632e-02   9.5087437e-01
   4.7834497e-01   0.0000000e+00   4.8482842e-02   9.5151716e-01
   4.7834531e-01   0.0000000e+00   4.8154612e-02   9.5184539e-01
   4.7834581e-01   0.0000000e+00   4.8666970e-02   9.5133303e-01
   4.7834608e-01   0.0000000e+00   4.8468285e-02   9.5153172e-01
   4.7834609e-01   0.0000000e+00   4.8273672e-02   9.5172633e-01
   4.7834692e-01   0.0000000e+00   4.8713717e-02   9.5128628e-01
   4.7834701e-01   0.0000000e+00   4.8858505e-02   9.5114150e-01
   4.7834750e-01   0.0000000e+00   4.9263588e-02   9.5073641e-01
   4.7834761e-01   0.0000000e+00   4.9848389e-02   9.5015161e-01
   4.7834785e-01   0.0000000e+00   4.8948475e-02   9.5105153e-01
   4.7834822e-01   0.0000000e+00   4.9232917e-02   9.5076708e-01
   4.7834905e-01   0.0000000e+00   4.8976546e-02   9.5102345e-01
   4.7834919e-01   0.0000000e+00   4.8818913e-02   9.5118109e-01
   4.7834973e-01   0.0000000e+00   4.8198708e-02   9.5180129e-01
   4.7835003e-01   0.0000000e+00   4.9340194e-02   9.5065981e-01
   4.7835336e-01   0.0000000e+00   4.8366042e-02   9.5163396e-01
   4.7835401e-01   0.0000000e+00   4.9271302e-02   9.5072870e-01
   4.7835475e-01   0.0000000e+00   4.8364757e-02   9.5163524e-01
   4.7835623e-01   0.0000000e+00   4.9149325e-02   9.5085068e-01
   4.7835629e-01   0.0000000e+00   4.9988615e-02   9.5001139e-01
   4.7835724e-01   0.0000000e+00   4.9743892e-02   9.5025611e-01
   4.7835739e-01   0.0000000e+00   4.8839477e-02   9.5116052e-01
   4.7835800e-01   0.0000000e+00   4.8793708e-02   9.5120629e-01
   4.7835808e-01   0.0000000e+00   4.8207046e-02   9.5179295e-01
   4.7835819e-01   0.0000000e+00   4.8975588e-02   9.5102441e-01
   4.7835840e-01   0.0000000e+00   4.8098633e-02   9.5190137e-01
   4.7835902e-01   0.0000000e+00   4.9149478e-02   9.5085052e-01
   4.7835934e-01   0.0000000e+00   4.8603636e-02   9.5139636e-01
   4.7835977e-01   0.0000000e+00   4.7924272e-02   9.5207573e-01
   4.7836007e-01   0.0000000e+00   4.8317560e-02   9.5168244e-01
   4.7836095e-01   0.0000000e+00   4.9387863e-02   9.5061214e-01
   4.7836130e-01   0.0000000e+00   4.9656852e-02   9.5034315e-01
   4.7836147e-01   0.0000000e+00   4.9067643e-02   9.5093236e-01
   4.7836225e-01   0.0000000e+00   4.8734420e-02   9.5126558e-01
   4.7836228e-01   0.0000000e+00   4.9289641e-02   9.5071036e-01
   4.7836264e-01   0.0000000e+00   4.7663457e-02   9.5233654e-01
   4.7836325e-01   0.0000000e+00   4.8798081e-02   9.5120192e-01
   4.7836423e-01   0.0000000e+00   4.8256791e-02   9.5174321e-01
   4.7836479e-01   0.0000000e+00   4.8944746e-02   9.5105525e-01
   4.7836482e-01   0.0000000e+00   4.8372691e-02   9.5162731e-01
   4.7836632e-01   0.0000000e+00   4.8272498e-02   9.5172750e-01
   4.7836732e-01   0.0000000e+00   4.8652649e-02   9.5134735e-01
   4.7836757e-01   0.0000000e+00   4.9732387e-02   9.5026761e-01
   4.7836837e-01   0.0000000e+00   4.8665638e-02   9.5133436e-01
   4.7836853e-01   0.0000000e+00   4.8186371e-02   9.5181363e-01
   4.7836928e-01   0.0000000e+00   4.7959912e-02   9.5204009e-01
   4.7836960e-01   0.0000000e+00   4.8477123e-02   9.5152288e-01
   4.7837035e-01   0.0000000e+00   4.8714137e-02   9.5128586e-01
   4.7837046e-01   0.0000000e+00   4.9296656e-02   9.5070334e-01
   4.7837163e-01   0.0000000e+00   4.8843885e-02   9.5115612e-01
   4.7837257e-01   0.0000000e+00   4.9147078e-02   9.5085292e-01
   4.7837277e-01   0.0000000e+00   4.8884486e-02   9.5111551e-01
   4.7837319e-01   0.0000000e+00   4.9245109e-02   9.5075489e-01
   4.7837396e-01   0.0000000e+00   4.8739443e-02   9.5126056e-01
   4.7837403e-01   0.0000000e+00   4.8793992e-02   9.5120601e-01
   4.7837409e-01   0.0000000e+00   4.9039851e-02   9.5096015e-01
   4.7837465e-01   0.0000000e+00   4.8610314e-02   9.5138969e-01
   4.7837504e-01   0.0000000e+00   4.9247784e-02   9.5075222e-01
   4.7837732e-01   0.0000000e+00   4.8274631e-02   9.5172537e-01
   4.7837828e-01   0.0000000e+00   4.8422142e-02   9.5157786e-01
   4.7837855e-01   0.0000000e+00   4.9573759e-02   9.5042624e-01
   4.7837858e-01   0.0000000e+00   4.8258792e-02   9.5174121e-01
   4.7837866e-01   0.0000000e+00   4.8297838e-02   9.5170216e-01
   4.7837881e-01   0.0000000e+00   4.8466761e-02   9.5153324e-01
   4.7837903e-01   0.0000000e+00   4.7623811e-02   9.5237619e-01
   4.7838160e-01   0.0000000e+00   4.8218697e-02   9.5178130e-01
   4.7838272e-01   0.0000000e+00   4.7985143e-02   9.5201486e-01
   4.7838366e-01   0.0000000e+00   4.7948068e-02   9.5205193e-01
   4.7838408e-01   0.0000000e+00   4.9442412e-02   9.5055759e-01
   4.7838657e-01   0.0000000e+00   4.8331283e-02   9.5166872e-01
   4.7838681e-01   0.0000000e+00   4.8935678e-02   9.5106432e-01
   4.7838760e-01   0.0000000e+00   4.8839292e-02   9.5116071e-01
   4.7838927e-01   0.0000000e+00   4.8812721e-02   9.5118728e-01
   4.7839033e-01   0.0000000e+00   4.8693256e-02   9.5130674e-01
   4.7839569e-01   0.0000000e+00   4.7869520e-02   9.5213048e-01
   4.7839736e-01   0.0000000e+00   4.8231104e-02   9.5176890e-01
   4.7839964e-01   0.0000000e+00   4.8824563e-02   9.5117544e-01
   4.7840024e-01   0.0000000e+00   4.7767302e-02   9.5223270e-01
   4.7840066e-01   0.0000000e+00   4.8768951e-02   9.5123105e-01
   4.7840151e-01   0.0000000e+00   5.0678116e-02   9.4932188e-01
   4.7840217e-01   0.0000000e+00   4.8671219e-02   9.5132878e-01
   4.7840327e-01   0.0000000e+00   4.6935068e-02   9.5306493e-01
   4.7840330e-01   0.0000000e+00   4.9076221e-02   9.5092378e-01
   4.7840473e-01   0.0000000e+00   4.7828902e-02   9.5217110e-01
   4.7840477e-01   0.0000000e+00   4.9388379e-02   9.5061162e-01
   4.7840598e-01   0.0000000e+00   4.8759863e-02   9.5124014e-01
   4.7840910e-01   0.0000000e+00   4.8326680e-02   9.5167332e-01
   4.7840915e-01   0.0000000e+00   4.9043070e-02   9.5095693e-01
   4.7840928e-01   0.0000000e+00   4.8172562e-02   9.5182744e-01
   4.7840966e-01   0.0000000e+00   4.8908051e-02   9.5109195e-01
   4.7841047e-01   0.0000000e+00   4.9502623e-02   9.5049738e-01
   4.7841304e-01   0.0000000e+00   5.0158762e-02   9.4984124e-01
   4.7841325e-01   0.0000000e+00   4.8390290e-02   9.5160971e-01
   4.7841423e-01   0.0000000e+00   4.9676177e-02   9.5032382e-01
   4.7841455e-01   0.0000000e+00   5.0363596e-02   9.4963640e-01
   4.7841497e-01   0.0000000e+00   4.7732201e-02   9.5226780e-01
   4.7841713e-01   0.0000000e+00   4.7568385e-02   9.5243161e-01
   4.7841760e-01   0.0000000e+00   4.8747671e-02   9.5125233e-01
   4.7841905e-01   0.0000000e+00   4.8420877e-02   9.5157912e-01
   4.7842333e-01   0.0000000e+00   4.7158675e-02   9.5284133e-01
   4.7842634e-01   0.0000000e+00   4.6644484e-02   9.5335552e-01
   4.7842876e-01   0.0000000e+00   4.8109728e-02   9.5189027e-01
   4.7843164e-01   0.0000000e+00   4.6470788e-02   9.5352921e-01
   4.7843201e-01   0.0000000e+00   4.8145899e-02   9.5185410e-01
   4.7843202e-01   0.0000000e+00   4.8541845e-02   9.5145816e-01
   4.7843221e-01   0.0000000e+00   4.8629271e-02   9.5137073e-01
   4.7843721e-01   0.0000000e+00   4.8111283e-02   9.5188872e-01
   4.7843735e-01   0.0000000e+00   4.9601966e-02   9.5039803e-01
   4.7843759e-01   0.0000000e+00   4.9077836e-02   9.5092216e-01
   4.7843956e-01   0.0000000e+00   4.9832363e-02   9.5016764e-01
   4.7844167e-01   0.0000000e+00   4.8573001e-02   9.5142700e-01
   4.7844198e-01   0.0000000e+00   4.8998194e-02   9.5100181e-01
   4.7844560e-01   0.0000000e+00   5.0028216e-02   9.4997178e-01
   4.7844607e-01   0.0000000e+00   4.8230093e-02   9.5176991e-01
   4.7845157e-01   0.0000000e+00   4.8151608e-02   9.5184839e-01
   4.7845902e-01   0.0000000e+00   4.7559341e-02   9.5244066e-01
   4.7845942e-01   0.0000000e+00   4.9946256e-02   9.5005374e-01
   4.7846277e-01   0.0000000e+00   4.6237646e-02   9.5376235e-01
   4.7846298e-01   0.0000000e+00   4.9253151e-02   9.5074685e-01
   4.7846362e-01   0.0000000e+00   4.7568721e-02   9.5243128e-01
   4.7846453e-01   0.0000000e+00   4.7986201e-02   9.5201380e-01
   4.7846597e-01   0.0000000e+00   4.8743966e-02   9.5125603e-01
   4.7846753e-01   0.0000000e+00   4.8551835e-02   9.5144816e-01
   4.7846802e-01   0.0000000e+00   4.8112420e-02   9.5188758e-01
   4.7846815e-01   0.0000000e+00   4.7653650e-02   9.5234635e-01
   4.7846926e-01   0.0000000e+00   4.8130009e-02   9.5186999e-01
   4.7847166e-01   0.0000000e+00   4.8701269e-02   9.5129873e-01
   4.7847304e-01   0.0000000e+00   4.7762919e-02   9.5223708e-01
   4.7847435e-01   0.0000000e+00   4.8534625e-02   9.5146537e-01
   4.7847459e-01   0.0000000e+00   4.9183452e-02   9.5081655e-01
   4.7847515e-01   0.0000000e+00   5.0219258e-02   9.4978074e-01
   4.7847555e-01   0.0000000e+00   4.9035596e-02   9.5096440e-01
   4.7847679e-01   0.0000000e+00   4.9162544e-02   9.5083746e-01
   4.7847739e-01   0.0000000e+00   4.8838625e-02   9.5116138e-01
   4.7847813e-01   0.0000000e+00   4.7085858e-02   9.5291414e-01
   4.7848052e-01   0.0000000e+00   4.9055724e-02   9.5094428e-01
   4.7848063e-01   0.0000000e+00   4.9771875e-02   9.5022812e-01
   4.7848252e-01   0.0000000e+00   4.6065322e-02   9.5393468e-01
   4.7848851e-01   0.0000000e+00   4.9747423e-02   9.5025258e-01
   4.7848861e-01   0.0000000e+00   4.9138524e-02   9.5086148e-01
   4.7849008e-01   0.0000000e+00   4.6047224e-02   9.5395278e-01
   4.7849045e-01   0.0000000e+00   4.9256794e-02   9.5074321e-01
   4.7849386e-01   0.0000000e+00   4.9022337e-02   9.5097766e-01
   4.7849571e-01   0.0000000e+00   5.0800492e-02   9.4919951e-01
   4.7849630e-01   0.0000000e+00   4.8476537e-02   9.5152346e-01
   4.7849644e-01   0.0000000e+00   4.9077205e-02   9.5092279e-01
   4.7850191e-01   0.0000000e+00   4.6989646e-02   9.5301035e-01
   4.7850490e-01   0.0000000e+00   4.8719649e-02   9.5128035e-01
   4.7850527e-01   0.0000000e+00   4.9080904e-02   9.5091910e-01
   4.7850538e-01   0.0000000e+00   4.8236196e-02   9.5176380e-01
   4.7850834e-01   0.0000000e+00   4.9140914e-02   9.5085909e-01
   4.7850952e-01   0.0000000e+00   4.9805668e-02   9.5019433e-01
   4.7851026e-01   0.0000000e+00   4.7736721e-02   9.5226328e-01
   4.7851047e-01   0.0000000e+00   4.8174552e-02   9.5182545e-01
   4.7851397e-01   0.0000000e+00   4.7221781e-02   9.5277822e-01
   4.7851528e-01   0.0000000e+00   4.6351814e-02   9.5364819e-01
   4.7851715e-01   0.0000000e+00   4.8148322e-02   9.5185168e-01
   4.7851805e-01   0.0000000e+00   5.0737858e-02   9.4926214e-01
   4.7852124e-01   0.0000000e+00   5.0007292e-02   9.4999271e-01
   4.7852202e-01   0.0000000e+00   4.9220176e-02   9.5077982e-01
   4.7852223e-01   0.0000000e+00   4.8533640e-02   9.5146636e-01
   4.7853296e-01   0.0000000e+00   4.9817566e-02   9.5018243e-01
   4.7853308e-01   0.0000000e+00   5.0393841e-02   9.4960616e-01
   4.7853453e-01   0.0000000e+00   4.7361722e-02   9.5263828e-01
   4.7853633e-01   0.0000000e+00   5.1236501e-02   9.4876350e-01
   4.7853641e-01   0.0000000e+00   4.6967966e-02   9.5303203e-01
   4.7853928e-01   0.0000000e+00   4.9911390e-02   9.5008861e-01
   4.7853994e-01   0.0000000e+00   4.8849229e-02   9.5115077e-01
   4.7854100e-01   0.0000000e+00   4.8878607e-02   9.5112139e-01
   4.7855104e-01   0.0000000e+00   5.1206873e-02   9.4879313e-01
   4.7855541e-01   0.0000000e+00   4.8355778e-02   9.5164422e-01
   4.7856071e-01   0.0000000e+00   4.7126595e-02   9.5287341e-01
   4.7856095e-01   0.0000000e+00   5.1096516e-02   9.4890348e-01
   4.7856979e-01   0.0000000e+00   4.8145783e-02   9.5185422e-01
   4.7857250e-01   0.0000000e+00   4.7098084e-02   9.5290192e-01
   4.7857744e-01   0.0000000e+00   4.5604441e-02   9.5439556e-01
   4.7858477e-01   0.0000000e+00   4.9368339e-02   9.5063166e-01
   4.7858778e-01   0.0000000e+00   4.8436842e-02   9.5156316e-01
   4.7858914e-01   0.0000000e+00   4.7701405e-02   9.5229860e-01
   4.7859020e-01   0.0000000e+00   4.9552653e-02   9.5044735e-01
   4.7859943e-01   0.0000000e+00   5.0751038e-02   9.4924896e-01
   4.7860153e-01   0.0000000e+00   4.8370446e-02   9.5162955e-01
   4.7860248e-01   0.0000000e+00   4.5698851e-02   9.5430115e-01
   4.7860496e-01   0.0000000e+00   4.6744924e-02   9.5325508e-01
   4.7861580e-01   0.0000000e+00   4.7902264e-02   9.5209774e-01
   4.7861867e-01   0.0000000e+00   4.6632541e-02   9.5336746e-01
   4.7862279e-01   0.0000000e+00   4.9091561e-02   9.5090844e-01
   4.7862516e-01   0.0000000e+00   5.0268445e-02   9.4973156e-01
   4.7863049e-01   0.0000000e+00   4.9671140e-02   9.5032886e-01
   4.7863539e-01   0.0000000e+00   4.9291497e-02   9.5070850e-01
   4.7863938e-01   0.0000000e+00   4.9141136e-02   9.5085886e-01
   4.7864039e-01   0.0000000e+00   4.7708667e-02   9.5229133e-01
   4.7864229e-01   0.0000000e+00   4.9767147e-02   9.5023285e-01
   4.7864289e-01   0.0000000e+00   4.9837255e-02   9.5016274e-01
   4.7864502e-01   0.0000000e+00   4.8531728e-02   9.5146827e-01
   4.7865192e-01   0.0000000e+00   5.0835546e-02   9.4916445e-01
   4.7865364e-01   0.0000000e+00   5.2856100e-02   9.4714390e-01
   4.7866068e-01   0.0000000e+00   4.4630135e-02   9.5536986e-01
   4.7866676e-01   0.0000000e+00   4.8150262e-02   9.5184974e-01
   4.7866830e-01   0.0000000e+00   4.8144128e-02   9.5185587e-01
   4.7866887e-01   0.0000000e+00   4.6835609e-02   9.5316439e-01
   4.7866940e-01   0.0000000e+00   4.6495511e-02   9.5350449e-01
   4.7867161e-01   0.0000000e+00   4.4340446e-02   9.5565955e-01
   4.7867462e-01   0.0000000e+00   5.1709006e-02   9.4829099e-01
   4.7867932e-01   0.0000000e+00   4.4498884e-02   9.5550112e-01
   4.7868785e-01   0.0000000e+00   4.8603175e-02   9.5139682e-01
   4.7869246e-01   0.0000000e+00   4.9790010e-02   9.5020999e-01
   4.7869454e-01   0.0000000e+00   4.9657304e-02   9.5034270e-01
   4.7869520e-01   0.0000000e+00   5.2479750e-02   9.4752025e-01
   4.7869861e-01   0.0000000e+00   4.7875033e-02   9.5212497e-01
   4.7869933e-01   0.0000000e+00   4.7921112e-02   9.5207889e-01
   4.7870023e-01   0.0000000e+00   4.9140409e-02   9.5085959e-01
   4.7870204e-01   0.0000000e+00   4.7254927e-02   9.5274507e-01
   4.7871044e-01   0.0000000e+00   4.9863453e-02   9.5013655e-01
   4.7871491e-01   0.0000000e+00   5.2836500e-02   9.4716350e-01
   4.7871545e-01   0.0000000e+00   4.6506889e-02   9.5349311e-01
   4.7872108e-01   0.0000000e+00   4.6387998e-02   9.5361200e-01
   4.7873094e-01   0.0000000e+00   5.2087732e-02   9.4791227e-01
   4.7873964e-01   0.0000000e+00   4.9725381e-02   9.5027462e-01
   4.7874277e-01   0.0000000e+00   5.1548165e-02   9.4845183e-01
   4.7875254e-01   0.0000000e+00   5.0890429e-02   9.4910957e-01
   4.7875274e-01   0.0000000e+00   4.6357289e-02   9.5364271e-01
   4.7876057e-01   0.0000000e+00   5.1702714e-02   9.4829729e-01
   4.7876579e-01   0.0000000e+00   4.8849352e-02   9.5115065e-01
   4.7876868e-01   0.0000000e+00   4.7941885e-02   9.5205811e-01
   4.7878077e-01   0.0000000e+00   4.6646975e-02   9.5335302e-01
   4.7878097e-01   0.0000000e+00   4.6990148e-02   9.5300985e-01
   4.7879415e-01   0.0000000e+00   5.1610632e-02   9.4838937e-01
   4.7879864e-01   0.0000000e+00   4.9547714e-02   9.5045229e-01
   4.7880168e-01   0.0000000e+00   5.2833318e-02   9.4716668e-01
   4.7880243e-01   0.0000000e+00   5.2966896e-02   9.4703310e-01
   4.7880963e-01   0.0000000e+00   4.7681255e-02   9.5231875e-01
   4.7880986e-01   0.0000000e+00   4.7909391e-02   9.5209061e-01
   4.7882230e-01   0.0000000e+00   4.7299118e-02   9.5270088e-01
   4.7883610e-01   0.0000000e+00   4.7183176e-02   9.5281682e-01
   4.7883823e-01   0.0000000e+00   4.8391821e-02   9.5160818e-01
   4.7884444e-01   0.0000000e+00   4.8715171e-02   9.5128483e-01
   4.7884627e-01   0.0000000e+00   4.8782223e-02   9.5121778e-01
   4.7885162e-01   0.0000000e+00   5.1862832e-02   9.4813717e-01
   4.7887025e-01   0.0000000e+00   5.0124351e-02   9.4987565e-01
   4.7888719e-01   0.0000000e+00   4.5539771e-02   9.5446023e-01
   4.7888858e-01   0.0000000e+00   4.6424368e-02   9.5357563e-01
   4.7889164e-01   0.0000000e+00   4.8805880e-02   9.5119412e-01
   4.7891179e-01   0.0000000e+00   5.0138686e-02   9.4986131e-01
   4.7892330e-01   0.0000000e+00   5.0965197e-02   9.4903480e-01
   4.7892898e-01   0.0000000e+00   4.6580306e-02   9.5341969e-01
   4.7893934e-01   0.0000000e+00   4.6956449e-02   9.5304355e-01
   4.7894519e-01   0.0000000e+00   5.2521211e-02   9.4747879e-01
   4.7895337e-01   0.0000000e+00   4.7812625e-02   9.5218737e-01
   4.7897179e-01   0.0000000e+00   5.0895105e-02   9.4910489e-01
   4.7898049e-01   0.0000000e+00   4.6377153e-02   9.5362285e-01
   4.7899821e-01   0.0000000e+00   4.6081509e-02   9.5391849e-01
   4.7899869e-01   0.0000000e+00   5.2303977e-02   9.4769602e-01
   4.7901968e-01   0.0000000e+00   5.1756975e-02   9.4824302e-01
   4.7902220e-01   0.0000000e+00   5.1432311e-02   9.4856769e-01
   4.7903003e-01   0.0000000e+00   4.9831747e-02   9.5016825e-01
   4.7904199e-01   0.0000000e+00   5.1081649e-02   9.4891835e-01
   4.7904935e-01   0.0000000e+00   4.5429165e-02   9.5457083e-01
   4.7907874e-01   0.0000000e+00   5.0053400e-02   9.4994660e-01
   4.7907969e-01   0.0000000e+00   5.0531559e-02   9.4946844e-01
   4.7908726e-01   0.0000000e+00   5.1536364e-02   9.4846364e-01
   4.7910748e-01   0.0000000e+00   5.0821594e-02   9.4917841e-01
   4.7910751e-01   0.0000000e+00   4.7230385e-02   9.5276962e-01
   4.7911381e-01   0.0000000e+00   5.3765621e-02   9.4623438e-01
   4.7911868e-01   0.0000000e+00   5.3366403e-02   9.4663360e-01
   4.7912729e-01   0.0000000e+00   5.0980896e-02   9.4901910e-01
   4.7913152e-01   0.0000000e+00   4.7266634e-02   9.5273337e-01
   4.7913338e-01   0.0000000e+00   5.4206838e-02   9.4579316e-01
   4.7913339e-01   0.0000000e+00   4.9011347e-02   9.5098865e-01
   4.7914895e-01   0.0000000e+00   4.4298686e-02   9.5570131e-01
   4.7915727e-01   0.0000000e+00   4.4935267e-02   9.5506473e-01
   4.7918441e-01   0.0000000e+00   5.3006812e-02   9.4699319e-01
   4.7919597e-01   0.0000000e+00   5.4551414e-02   9.4544859e-01
   4.7921579e-01   0.0000000e+00   4.9906007e-02   9.5009399e-01
   4.7922315e-01   0.0000000e+00   5.4583638e-02   9.4541636e-01
   4.7922630e-01   0.0000000e+00   5.4400968e-02   9.4559903e-01
   4.7923320e-01   0.0000000e+00   5.2868108e-02   9.4713189e-01
   4.7924598e-01   0.0000000e+00   5.0677306e-02   9.4932269e-01
   4.7926502e-01   0.0000000e+00   5.3392382e-02   9.4660762e-01
   4.7929860e-01   0.0000000e+00   4.9636277e-02   9.5036372e-01
   4.7930725e-01   0.0000000e+00   5.2344909e-02   9.4765509e-01
   4.7931294e-01   0.0000000e+00   5.2045882e-02   9.4795412e-01
   4.7933326e-01   0.0000000e+00   5.1954950e-02   9.4804505e-01
   4.7934334e-01   0.0000000e+00   5.5803219e-02   9.4419678e-01
   4.7934535e-01   0.0000000e+00   5.4029925e-02   9.4597007e-01
   4.7935401e-01   0.0000000e+00   5.4382612e-02   9.4561739e-01
   4.7936124e-01   0.0000000e+00   5.4168061e-02   9.4583194e-01
   4.7936550e-01   0.0000000e+00   4.9776556e-02   9.5022344e-01
   4.7938715e-01   0.0000000e+00   5.0136802e-02   9.4986320e-01
   4.7938865e-01   0.0000000e+00   5.1633340e-02   9.4836666e-01
   4.7939442e-01   0.0000000e+00   5.3690767e-02   9.4630923e-01
   4.7941333e-01   0.0000000e+00   5.3652674e-02   9.4634733e-01
   4.7942095e-01   0.0000000e+00   5.4118439e-02   9.4588156e-01
   4.7942286e-01   0.0000000e+00   5.5879882e-02   9.4412012e-01
   4.7945391e-01   0.0000000e+00   4.8532354e-02   9.5146765e-01
   4.7945554e-01   0.0000000e+00   5.0453058e-02   9.4954694e-01
   4.7946808e-01   0.0000000e+00   5.2515380e-02   9.4748462e-01
   4.7946901e-01   0.0000000e+00   5.2778644e-02   9.4722136e-01
   4.7948336e-01   0.0000000e+00   4.8579168e-02   9.5142083e-01
   4.7948625e-01   0.0000000e+00   5.2733275e-02   9.4726672e-01
   4.7949460e-01   0.0000000e+00   5.3547373e-02   9.4645263e-01
   4.7949487e-01   0.0000000e+00   4.4468560e-02   9.5553144e-01
   4.7949697e-01   0.0000000e+00   5.3426123e-02   9.4657388e-01
   4.7949705e-01   0.0000000e+00   5.3325744e-02   9.4667426e-01
   4.7952401e-01   0.0000000e+00   5.1294915e-02   9.4870509e-01
   4.7952574e-01   0.0000000e+00   5.3481004e-02   9.4651900e-01
   4.7953167e-01   0.0000000e+00   5.0593561e-02   9.4940644e-01
   4.7953667e-01   0.0000000e+00   5.1528073e-02   9.4847193e-01
   4.7956672e-01   0.0000000e+00   5.2383122e-02   9.4761688e-01
   4.7956710e-01   0.0000000e+00   5.2251557e-02   9.4774844e-01
   4.7957027e-01   0.0000000e+00   5.5951335e-02   9.4404867e-01
   4.7958240e-01   0.0000000e+00   5.3214093e-02   9.4678591e-01
   4.7958241e-01   0.0000000e+00   4.9777223e-02   9.5022278e-01
   4.7958951e-01   0.0000000e+00   5.5686925e-02   9.4431307e-01
   4.7960316e-01   0.0000000e+00   5.1988546e-02   9.4801145e-01
   4.7961303e-01   0.0000000e+00   5.3741574e-02   9.4625843e-01
   4.7961533e-01   0.0000000e+00   5.1474888e-02   9.4852511e-01
   4.7961571e-01   0.0000000e+00   5.2921875e-02   9.4707812e-01
   4.7962197e-01   0.0000000e+00   4.8973180e-02   9.5102682e-01
   4.7963125e-01   0.0000000e+00   5.0666610e-02   9.4933339e-01
   4.7963903e-01   0.0000000e+00   5.3148922e-02   9.4685108e-01
   4.7964857e-01   0.0000000e+00   5.1475390e-02   9.4852461e-01
   4.7965398e-01   0.0000000e+00   4.9151627e-02   9.5084837e-01
   4.7967731e-01   0.0000000e+00   5.1980825e-02   9.4801918e-01
   4.7967781e-01   0.0000000e+00   5.1041609e-02   9.4895839e-01
   4.7967877e-01   0.0000000e+00   5.0848579e-02   9.4915142e-01
   4.7970711e-01   0.0000000e+00   5.0518434e-02   9.4948157e-01
   4.7972942e-01   0.0000000e+00   4.3268808e-02   9.5673119e-01
   4.7973503e-01   0.0000000e+00   5.3834257e-02   9.4616574e-01
   4.7974612e-01   0.0000000e+00   5.4853772e-02   9.4514623e-01
   4.7975027e-01   0.0000000e+00   5.3014156e-02   9.4698584e-01
   4.7975211e-01   0.0000000e+00   5.2712134e-02   9.4728787e-01
   4.7975499e-01   0.0000000e+00   5.0682750e-02   9.4931725e-01
   4.7975541e-01   0.0000000e+00   4.7281676e-02   9.5271832e-01
   4.7976277e-01   0.0000000e+00   5.5952148e-02   9.4404785e-01
   4.7977618e-01   0.0000000e+00   5.3238979e-02   9.4676102e-01
   4.7978272e-01   0.0000000e+00   5.4306088e-02   9.4569391e-01
   4.7978617e-01   0.0000000e+00   5.5245296e-02   9.4475470e-01
   4.7979531e-01   0.0000000e+00   5.2933960e-02   9.4706604e-01
   4.7979779e-01   0.0000000e+00   5.4376475e-02   9.4562352e-01
   4.7980765e-01   0.0000000e+00   5.0176448e-02   9.4982355e-01
   4.7981378e-01   0.0000000e+00   5.2708114e-02   9.4729189e-01
   4.7983147e-01   0.0000000e+00   5.1519450e-02   9.4848055e-01
   4.7983227e-01   0.0000000e+00   5.4971112e-02   9.4502889e-01
   4.7984288e-01   0.0000000e+00   5.2385894e-02   9.4761411e-01
   4.7985435e-01   0.0000000e+00   5.0972147e-02   9.4902785e-01
   4.7985582e-01   0.0000000e+00   5.3143642e-02   9.4685636e-01
   4.7987348e-01   0.0000000e+00   5.4207912e-02   9.4579209e-01
   4.7987950e-01   0.0000000e+00   5.3175549e-02   9.4682445e-01
   4.7988672e-01   0.0000000e+00   5.4467896e-02   9.4553210e-01
   4.7988831e-01   0.0000000e+00   5.4912740e-02   9.4508726e-01
   4.7989943e-01   0.0000000e+00   5.3466144e-02   9.4653386e-01
   4.7990230e-01   0.0000000e+00   5.4642106e-02   9.4535789e-01
   4.7990920e-01   0.0000000e+00   4.8933279e-02   9.5106672e-01
   4.7991052e-01   0.0000000e+00   5.2146435e-02   9.4785357e-01
   4.7991568e-01   0.0000000e+00   4.9203845e-02   9.5079615e-01
   4.7992267e-01   0.0000000e+00   5.4569256e-02   9.4543074e-01
   4.7995142e-01   0.0000000e+00   5.6538525e-02   9.4346148e-01
   4.7995456e-01   0.0000000e+00   5.1066906e-02   9.4893309e-01
   4.7995661e-01   0.0000000e+00   5.5181648e-02   9.4481835e-01
   4.7996112e-01   0.0000000e+00   4.8597375e-02   9.5140263e-01
   4.7996951e-01   0.0000000e+00   5.6420650e-02   9.4357935e-01
   4.7997418e-01   0.0000000e+00   5.0629361e-02   9.4937064e-01
   4.7997573e-01   0.0000000e+00   5.4300277e-02   9.4569972e-01
   4.7999559e-01   0.0000000e+00   4.9596326e-02   9.5040367e-01
   4.8000783e-01   0.0000000e+00   5.3373660e-02   9.4662634e-01
   4.8001886e-01   0.0000000e+00   4.9802249e-02   9.5019775e-01
   4.8005149e-01   0.0000000e+00   5.5225156e-02   9.4477484e-01
   4.8010381e-01   0.0000000e+00   5.0975949e-02   9.4902405e-01
   4.8013789e-01   0.0000000e+00   5.7252210e-02   9.4274779e-01
   4.8014892e-01   0.0000000e+00   5.3836787e-02   9.4616321e-01
   4.8016046e-01   0.0000000e+00   5.6102587e-02   9.4389741e-01
   4.8017260e-01   0.0000000e+00   5.4601767e-02   9.4539823e-01
   4.8017786e-01   0.0000000e+00   5.5762567e-02   9.4423743e-01
   4.8017864e-01   0.0000000e+00   5.6592297e-02   9.4340770e-01
   4.8018309e-01   0.0000000e+00   5.6025584e-02   9.4397442e-01
   4.8018773e-01   0.0000000e+00   5.6083067e-02   9.4391693e-01
   4.8019905e-01   0.0000000e+00   4.8416840e-02   9.5158316e-01
   4.8020262e-01   0.0000000e+00   5.5800605e-02   9.4419940e-01
   4.8022920e-01   0.0000000e+00   4.9108210e-02   9.5089179e-01
   4.8025495e-01   0.0000000e+00   5.4029883e-02   9.4597012e-01
   4.8027631e-01   0.0000000e+00   5.6413342e-02   9.4358666e-01
   4.8027695e-01   0.0000000e+00   5.7197813e-02   9.4280219e-01
   4.8034498e-01   0.0000000e+00   5.7074672e-02   9.4292533e-01
   4.8036710e-01   0.0000000e+00   5.7008676e-02   9.4299132e-01
   4.8040079e-01   0.0000000e+00   5.6894731e-02   9.4310527e-01
   4.8042163e-01   0.0000000e+00   5.6305570e-02   9.4369443e-01
   4.8043897e-01   0.0000000e+00   4.6360226e-02   9.5363977e-01
   4.8044005e-01   0.0000000e+00   5.6720261e-02   9.4327974e-01
   4.8045458e-01   0.0000000e+00   5.6942822e-02   9.4305718e-01
   4.8046239e-01   0.0000000e+00   5.9299555e-02   9.4070044e-01
   4.8046557e-01   0.0000000e+00   5.7245015e-02   9.4275499e-01
   4.8048337e-01   0.0000000e+00   5.7062939e-02   9.4293706e-01
   4.8048497e-01   0.0000000e+00   5.6064112e-02   9.4393589e-01
   4.8049086e-01   0.0000000e+00   5.6896809e-02   9.4310319e-01
   4.8050603e-01   0.0000000e+00   5.5956019e-02   9.4404398e-01
   4.8050844e-01   0.0000000e+00   5.5962968e-02   9.4403703e-01
   4.8051923e-01   0.0000000e+00   5.7450588e-02   9.4254941e-01
   4.8054975e-01   0.0000000e+00   5.6914536e-02   9.4308546e-01
   4.8055293e-01   0.0000000e+00   5.8771570e-02   9.4122843e-01
   4.8055459e-01   0.0000000e+00   5.6875992e-02   9.4312401e-01
   4.8055790e-01   0.0000000e+00   5.5831553e-02   9.4416845e-01
   4.8057770e-01   0.0000000e+00   5.7929906e-02   9.4207009e-01
   4.8059032e-01   0.0000000e+00   5.7054668e-02   9.4294533e-01
   4.8059151e-01   0.0000000e+00   5.7067271e-02   9.4293273e-01
   4.8060397e-01   0.0000000e+00   5.7794687e-02   9.4220531e-01
   4.8061427e-01   0.0000000e+00   5.8540510e-02   9.4145949e-01
   4.8062127e-01   0.0000000e+00   5.9355460e-02   9.4064454e-01
   4.8062708e-01   0.0000000e+00   5.8198557e-02   9.4180144e-01
   4.8063392e-01   0.0000000e+00   5.9289187e-02   9.4071081e-01
   4.8063401e-01   0.0000000e+00   5.6705113e-02   9.4329489e-01
   4.8065010e-01   0.0000000e+00   5.8125632e-02   9.4187437e-01
   4.8065480e-01   0.0000000e+00   5.8970864e-02   9.4102914e-01
   4.8065616e-01   0.0000000e+00   5.8241482e-02   9.4175852e-01
   4.8066289e-01   0.0000000e+00   5.7967550e-02   9.4203245e-01
   4.8066646e-01   0.0000000e+00   5.7612714e-02   9.4238729e-01
   4.8067783e-01   0.0000000e+00   5.8277781e-02   9.4172222e-01
   4.8068016e-01   0.0000000e+00   5.8934580e-02   9.4106542e-01
   4.8069298e-01   0.0000000e+00   5.8216474e-02   9.4178353e-01
   4.8069682e-01   0.0000000e+00   5.7040185e-02   9.4295982e-01
   4.8070216e-01   0.0000000e+00   5.6695175e-02   9.4330482e-01
   4.8070841e-01   0.0000000e+00   5.7514347e-02   9.4248565e-01
   4.8071105e-01   0.0000000e+00   5.9240431e-02   9.4075957e-01
   4.8071166e-01   0.0000000e+00   6.0086913e-02   9.3991309e-01
   4.8071406e-01   0.0000000e+00   5.8855409e-02   9.4114459e-01
   4.8072063e-01   0.0000000e+00   5.9743915e-02   9.4025609e-01
   4.8072445e-01   0.0000000e+00   5.7830078e-02   9.4216992e-01
   4.8073412e-01   0.0000000e+00   5.8048831e-02   9.4195117e-01
   4.8074004e-01   0.0000000e+00   5.8098870e-02   9.4190113e-01
   4.8074159e-01   0.0000000e+00   5.8807368e-02   9.4119263e-01
   4.8074949e-01   0.0000000e+00   5.8134000e-02   9.4186600e-01
   4.8075093e-01   0.0000000e+00   5.9221471e-02   9.4077853e-01
   4.8075587e-01   0.0000000e+00   5.8802795e-02   9.4119721e-01
   4.8075687e-01   0.0000000e+00   5.6011282e-02   9.4398872e-01
   4.8075876e-01   0.0000000e+00   5.8800187e-02   9.4119981e-01
   4.8075970e-01   0.0000000e+00   5.4941353e-02   9.4505865e-01
   4.8076305e-01   0.0000000e+00   5.9337474e-02   9.4066253e-01
   4.8076410e-01   0.0000000e+00   5.7913966e-02   9.4208603e-01
   4.8076830e-01   0.0000000e+00   5.9468737e-02   9.4053126e-01
   4.8076919e-01   0.0000000e+00   5.8569183e-02   9.4143082e-01
   4.8077118e-01   0.0000000e+00   5.9498622e-02   9.4050138e-01
   4.8078798e-01   0.0000000e+00   5.8482716e-02   9.4151728e-01
   4.8079132e-01   0.0000000e+00   5.8516131e-02   9.4148387e-01
   4.8081042e-01   0.0000000e+00   5.8897657e-02   9.4110234e-01
   4.8081471e-01   0.0000000e+00   5.8976189e-02   9.4102381e-01
   4.8081512e-01   0.0000000e+00   5.7353735e-02   9.4264626e-01
   4.8082442e-01   0.0000000e+00   5.9043149e-02   9.4095685e-01
   4.8083154e-01   0.0000000e+00   6.0168706e-02   9.3983129e-01
   4.8083472e-01   0.0000000e+00   5.8681461e-02   9.4131854e-01
   4.8083487e-01   0.0000000e+00   5.8261619e-02   9.4173838e-01
   4.8084476e-01   0.0000000e+00   5.8056061e-02   9.4194394e-01
   4.8086055e-01   0.0000000e+00   5.8500579e-02   9.4149942e-01
   4.8086065e-01   0.0000000e+00   5.8068914e-02   9.4193109e-01
   4.8086093e-01   0.0000000e+00   5.8215981e-02   9.4178402e-01
   4.8086497e-01   0.0000000e+00   5.7809250e-02   9.4219075e-01
   4.8086628e-01   0.0000000e+00   5.9104860e-02   9.4089514e-01
   4.8086962e-01   0.0000000e+00   5.8103556e-02   9.4189644e-01
   4.8087309e-01   0.0000000e+00   5.7643892e-02   9.4235611e-01
   4.8087629e-01   0.0000000e+00   5.9253436e-02   9.4074656e-01
   4.8088205e-01   0.0000000e+00   6.0355477e-02   9.3964452e-01
   4.8088396e-01   0.0000000e+00   5.8726925e-02   9.4127308e-01
   4.8089514e-01   0.0000000e+00   5.8330026e-02   9.4166997e-01
   4.8089927e-01   0.0000000e+00   5.9933012e-02   9.4006699e-01
   4.8090399e-01   0.0000000e+00   6.0690989e-02   9.3930901e-01
   4.8090822e-01   0.0000000e+00   5.9016014e-02   9.4098399e-01
   4.8091227e-01   0.0000000e+00   5.9250327e-02   9.4074967e-01
   4.8091296e-01   0.0000000e+00   5.8907870e-02   9.4109213e-01
   4.8091433e-01   0.0000000e+00   5.9726292e-02   9.4027371e-01
   4.8092136e-01   0.0000000e+00   5.5592793e-02   9.4440721e-01
   4.8092313e-01   0.0000000e+00   5.9150421e-02   9.4084958e-01
   4.8092778e-01   0.0000000e+00   5.9734500e-02   9.4026550e-01
   4.8094304e-01   0.0000000e+00   5.9159459e-02   9.4084054e-01
   4.8094616e-01   0.0000000e+00   5.9008007e-02   9.4099199e-01
   4.8095712e-01   0.0000000e+00   6.1046996e-02   9.3895300e-01
   4.8095721e-01   0.0000000e+00   5.6813608e-02   9.4318639e-01
   4.8096329e-01   0.0000000e+00   5.8021724e-02   9.4197828e-01
   4.8096552e-01   0.0000000e+00   5.7978196e-02   9.4202180e-01
   4.8097902e-01   0.0000000e+00   5.8006901e-02   9.4199310e-01
   4.8098386e-01   0.0000000e+00   5.9775057e-02   9.4022494e-01
   4.8098392e-01   0.0000000e+00   5.9321049e-02   9.4067895e-01
   4.8099767e-01   0.0000000e+00   5.6788456e-02   9.4321154e-01
   4.8100104e-01   0.0000000e+00   5.7651985e-02   9.4234801e-01
   4.8101215e-01   0.0000000e+00   5.8798905e-02   9.4120110e-01
   4.8101934e-01   0.0000000e+00   5.8767311e-02   9.4123269e-01
   4.8103417e-01   0.0000000e+00   6.1441032e-02   9.3855897e-01
   4.8103711e-01   0.0000000e+00   5.9836434e-02   9.4016357e-01
   4.8104206e-01   0.0000000e+00   5.9110239e-02   9.4088976e-01
   4.8104221e-01   0.0000000e+00   5.9643947e-02   9.4035605e-01
   4.8104864e-01   0.0000000e+00   5.9082373e-02   9.4091763e-01
   4.8105092e-01   0.0000000e+00   5.9477619e-02   9.4052238e-01
   4.8105393e-01   0.0000000e+00   5.8104474e-02   9.4189553e-01
   4.8106659e-01   0.0000000e+00   5.9257075e-02   9.4074292e-01
