   1.7271406e+00   0.0000000e+00   1.2257343e-02   9.8774266e-01
   1.7262742e+00   0.0000000e+00   1.2246517e-02   9.8775348e-01
   1.7267124e+00   0.0000000e+00   1.2256598e-02   9.8774340e-01
   1.7287248e+00   0.0000000e+00   1.2251214e-02   9.8774879e-01
   1.7193997e+00   0.0000000e+00   1.2314945e-02   9.8768506e-01
   1.7276818e+00   0.0000000e+00   1.2376664e-02   9.8762334e-01
   1.7206230e+00   0.0000000e+00   1.2348757e-02   9.8765124e-01
   1.7205120e+00   0.0000000e+00   1.2228147e-02   9.8777185e-01
   1.7259720e+00   0.0000000e+00   1.2268630e-02   9.8773137e-01
   1.7231734e+00   0.0000000e+00   1.2337728e-02   9.8766227e-01
   1.7256421e+00   0.0000000e+00   1.2335206e-02   9.8766479e-01
   1.7201852e+00   0.0000000e+00   1.2237408e-02   9.8776259e-01
   1.7274442e+00   0.0000000e+00   1.2336549e-02   9.8766345e-01
   1.7262835e+00   0.0000000e+00   1.2372775e-02   9.8762722e-01
   1.7225516e+00   0.0000000e+00   1.2435910e-02   9.8756409e-01
   1.7256423e+00   0.0000000e+00   1.2359410e-02   9.8764059e-01
   1.7186658e+00   0.0000000e+00   1.2226566e-02   9.8777343e-01
   1.7243772e+00   0.0000000e+00   1.2594902e-02   9.8740510e-01
   1.7214785e+00   0.0000000e+00   1.2415643e-02   9.8758436e-01
   1.7205205e+00   0.0000000e+00   1.2383953e-02   9.8761605e-01
   1.7227934e+00   0.0000000e+00   1.2268293e-02   9.8773171e-01
   1.7198371e+00   0.0000000e+00   1.2296195e-02   9.8770380e-01
   1.7263655e+00   0.0000000e+00   1.2338248e-02   9.8766175e-01
   1.7239272e+00   0.0000000e+00   1.2380928e-02   9.8761907e-01
   1.7238875e+00   0.0000000e+00   1.2312683e-02   9.8768732e-01
   1.7199937e+00   0.0000000e+00   1.2458957e-02   9.8754104e-01
   1.7237425e+00   0.0000000e+00   1.2467246e-02   9.8753275e-01
   1.7236401e+00   0.0000000e+00   1.2426361e-02   9.8757364e-01
   1.7260055e+00   0.0000000e+00   1.2356044e-02   9.8764396e-01
   1.7214172e+00   0.0000000e+00   1.2367569e-02   9.8763243e-01
   1.7274228e+00   0.0000000e+00   1.2311230e-02   9.8768877e-01
   1.7249195e+00   0.0000000e+00   1.2370291e-02   9.8762971e-01
   1.7223092e+00   0.0000000e+00   1.2289789e-02   9.8771021e-01
   1.7232332e+00   0.0000000e+00   1.2304806e-02   9.8769519e-01
   1.7225367e+00   0.0000000e+00   1.2372323e-02   9.8762768e-01
   1.7220773e+00   0.0000000e+00   1.2398732e-02   9.8760127e-01
   1.7181497e+00   0.0000000e+00   1.2622192e-02   9.8737781e-01
   1.7216047e+00   0.0000000e+00   1.2419961e-02   9.8758004e-01
   1.7232049e+00   0.0000000e+00   1.2502738e-02   9.8749726e-01
   1.7330089e+00   0.0000000e+00   1.2450707e-02   9.8754929e-01
   1.7248263e+00   0.0000000e+00   1.2411347e-02   9.8758865e-01
   1.7232180e+00   0.0000000e+00   1.2240997e-02   9.8775900e-01
   1.7222676e+00   0.0000000e+00   1.2255570e-02   9.8774443e-01
   1.7226941e+00   0.0000000e+00   1.2486700e-02   9.8751330e-01
   1.7216823e+00   0.0000000e+00   1.2479856e-02   9.8752014e-01
   1.7253713e+00   0.0000000e+00   1.2307009e-02   9.8769299e-01
   1.7222887e+00   0.0000000e+00   1.2432758e-02   9.8756724e-01
   1.7245545e+00   0.0000000e+00   1.2422372e-02   9.8757763e-01
   1.7215237e+00   0.0000000e+00   1.2403479e-02   9.8759652e-01
   1.7214727e+00   0.0000000e+00   1.2336680e-02   9.8766332e-01
   1.7224690e+00   0.0000000e+00   1.2566332e-02   9.8743367e-01
   1.7220339e+00   0.0000000e+00   1.2508142e-02   9.8749186e-01
   1.7154085e+00   0.0000000e+00   1.2337405e-02   9.8766259e-01
   1.7223341e+00   0.0000000e+00   1.2557162e-02   9.8744284e-01
   1.7218842e+00   0.0000000e+00   1.2485946e-02   9.8751405e-01
   1.7200195e+00   0.0000000e+00   1.2558189e-02   9.8744181e-01
   1.7222483e+00   0.0000000e+00   1.2483014e-02   9.8751699e-01
   1.7226955e+00   0.0000000e+00   1.2584548e-02   9.8741545e-01
   1.7214733e+00   0.0000000e+00   1.2522960e-02   9.8747704e-01
   1.7226834e+00   0.0000000e+00   1.2261120e-02   9.8773888e-01
   1.7221860e+00   0.0000000e+00   1.2612079e-02   9.8738792e-01
   1.7215134e+00   0.0000000e+00   1.2509533e-02   9.8749047e-01
   1.7235701e+00   0.0000000e+00   1.2584966e-02   9.8741503e-01
   1.7228175e+00   0.0000000e+00   1.2517746e-02   9.8748225e-01
   1.7205326e+00   0.0000000e+00   1.2530248e-02   9.8746975e-01
   1.7218193e+00   0.0000000e+00   1.2578510e-02   9.8742149e-01
   1.7238671e+00   0.0000000e+00   1.2419102e-02   9.8758090e-01
   1.7206420e+00   0.0000000e+00   1.2543558e-02   9.8745644e-01
   1.7216915e+00   0.0000000e+00   1.2687531e-02   9.8731247e-01
   1.7194744e+00   0.0000000e+00   1.2225499e-02   9.8777450e-01
   1.7166044e+00   0.0000000e+00   1.2582751e-02   9.8741725e-01
   1.7218766e+00   0.0000000e+00   1.2577041e-02   9.8742296e-01
   1.7214854e+00   0.0000000e+00   1.2641090e-02   9.8735891e-01
   1.7161027e+00   0.0000000e+00   1.2544865e-02   9.8745513e-01
   1.7233404e+00   0.0000000e+00   1.2545333e-02   9.8745467e-01
   1.7229217e+00   0.0000000e+00   1.2725859e-02   9.8727414e-01
   1.7262355e+00   0.0000000e+00   1.2518568e-02   9.8748143e-01
   1.7224073e+00   0.0000000e+00   1.2751713e-02   9.8724829e-01
   1.7230184e+00   0.0000000e+00   1.2579137e-02   9.8742086e-01
   1.7214667e+00   0.0000000e+00   1.2632485e-02   9.8736752e-01
   1.7217466e+00   0.0000000e+00   1.2642775e-02   9.8735723e-01
   1.7175255e+00   0.0000000e+00   1.2715088e-02   9.8728491e-01
   1.7217691e+00   0.0000000e+00   1.2765772e-02   9.8723423e-01
   1.7226439e+00   0.0000000e+00   1.2724389e-02   9.8727561e-01
   1.7186931e+00   0.0000000e+00   1.2629205e-02   9.8737080e-01
   1.7201327e+00   0.0000000e+00   1.2457876e-02   9.8754212e-01
   1.7225645e+00   0.0000000e+00   1.2690577e-02   9.8730942e-01
   1.7200591e+00   0.0000000e+00   1.2655712e-02   9.8734429e-01
   1.7227659e+00   0.0000000e+00   1.2701077e-02   9.8729892e-01
   1.7234785e+00   0.0000000e+00   1.2775376e-02   9.8722462e-01
   1.7266691e+00   0.0000000e+00   1.2387934e-02   9.8761207e-01
   1.7210021e+00   0.0000000e+00   1.2947953e-02   9.8705205e-01
   1.7250155e+00   0.0000000e+00   1.2655392e-02   9.8734461e-01
   1.7216031e+00   0.0000000e+00   1.2888884e-02   9.8711112e-01
   1.7207529e+00   0.0000000e+00   1.2746016e-02   9.8725398e-01
   1.7108588e+00   0.0000000e+00   1.2731372e-02   9.8726863e-01
   1.7212464e+00   0.0000000e+00   1.2865380e-02   9.8713462e-01
   1.7215162e+00   0.0000000e+00   1.2869324e-02   9.8713068e-01
   1.7222253e+00   0.0000000e+00   1.2856163e-02   9.8714384e-01
   1.7235494e+00   0.0000000e+00   1.2946833e-02   9.8705317e-01
   1.7170530e+00   0.0000000e+00   1.3031670e-02   9.8696833e-01
   1.7198934e+00   0.0000000e+00   1.2773710e-02   9.8722629e-01
   1.7234026e+00   0.0000000e+00   1.3056890e-02   9.8694311e-01
   1.7205918e+00   0.0000000e+00   1.2422308e-02   9.8757769e-01
   1.7220426e+00   0.0000000e+00   1.2912355e-02   9.8708765e-01
   1.7244438e+00   0.0000000e+00   1.2754803e-02   9.8724520e-01
   1.7215902e+00   0.0000000e+00   1.3105521e-02   9.8689448e-01
   1.7240749e+00   0.0000000e+00   1.2963350e-02   9.8703665e-01
   1.7227829e+00   0.0000000e+00   1.2510084e-02   9.8748992e-01
   1.7214141e+00   0.0000000e+00   1.2837301e-02   9.8716270e-01
   1.7196438e+00   0.0000000e+00   1.3135649e-02   9.8686435e-01
   1.7216908e+00   0.0000000e+00   1.2798611e-02   9.8720139e-01
   1.7325079e+00   0.0000000e+00   1.2440449e-02   9.8755955e-01
   1.7192308e+00   0.0000000e+00   1.3230609e-02   9.8676939e-01
   1.7272230e+00   0.0000000e+00   1.3122736e-02   9.8687726e-01
   1.7188760e+00   0.0000000e+00   1.2831107e-02   9.8716889e-01
   1.7247166e+00   0.0000000e+00   1.3424132e-02   9.8657587e-01
   1.7240759e+00   0.0000000e+00   1.3276500e-02   9.8672350e-01
   1.7226644e+00   0.0000000e+00   1.2990497e-02   9.8700950e-01
   1.7116576e+00   0.0000000e+00   1.3573452e-02   9.8642655e-01
   1.7204452e+00   0.0000000e+00   1.3165209e-02   9.8683479e-01
   1.7266659e+00   0.0000000e+00   1.2961875e-02   9.8703813e-01
   1.7204565e+00   0.0000000e+00   1.3502327e-02   9.8649767e-01
   1.7232518e+00   0.0000000e+00   1.2330980e-02   9.8766902e-01
   1.7242852e+00   0.0000000e+00   1.3212099e-02   9.8678790e-01
   1.7208588e+00   0.0000000e+00   1.3162226e-02   9.8683777e-01
   1.7210106e+00   0.0000000e+00   1.3259235e-02   9.8674077e-01
   1.7221089e+00   0.0000000e+00   1.3111794e-02   9.8688821e-01
   1.7201553e+00   0.0000000e+00   1.3245347e-02   9.8675465e-01
   1.7233294e+00   0.0000000e+00   1.3060920e-02   9.8693908e-01
   1.7204463e+00   0.0000000e+00   1.3097383e-02   9.8690262e-01
   1.7229904e+00   0.0000000e+00   1.3124307e-02   9.8687569e-01
   1.7253363e+00   0.0000000e+00   1.3238625e-02   9.8676138e-01
   1.7175857e+00   0.0000000e+00   1.2804803e-02   9.8719520e-01
   1.7143767e+00   0.0000000e+00   1.3530838e-02   9.8646916e-01
   1.7209773e+00   0.0000000e+00   1.4022591e-02   9.8597741e-01
   1.7295590e+00   0.0000000e+00   1.3609478e-02   9.8639052e-01
   1.7215872e+00   0.0000000e+00   1.3427306e-02   9.8657269e-01
   1.7271980e+00   0.0000000e+00   1.3301795e-02   9.8669820e-01
   1.7230064e+00   0.0000000e+00   1.3019686e-02   9.8698031e-01
   1.7189569e+00   0.0000000e+00   1.3603615e-02   9.8639638e-01
   1.7243627e+00   0.0000000e+00   1.3804376e-02   9.8619562e-01
   1.7299413e+00   0.0000000e+00   1.3090526e-02   9.8690947e-01
   1.7286568e+00   0.0000000e+00   1.3596261e-02   9.8640374e-01
   1.7167906e+00   0.0000000e+00   1.3567644e-02   9.8643236e-01
   1.7258202e+00   0.0000000e+00   1.3319988e-02   9.8668001e-01
   1.7239019e+00   0.0000000e+00   1.3572567e-02   9.8642743e-01
   1.7120110e+00   0.0000000e+00   1.2559941e-02   9.8744006e-01
   1.7236449e+00   0.0000000e+00   1.3733169e-02   9.8626683e-01
   1.7218775e+00   0.0000000e+00   1.3390364e-02   9.8660964e-01
   1.7212544e+00   0.0000000e+00   1.3464526e-02   9.8653547e-01
   1.7216132e+00   0.0000000e+00   1.3787329e-02   9.8621267e-01
   1.7223485e+00   0.0000000e+00   1.3578580e-02   9.8642142e-01
   1.7227319e+00   0.0000000e+00   1.3983328e-02   9.8601667e-01
   1.7157302e+00   0.0000000e+00   1.3853754e-02   9.8614625e-01
   1.7168739e+00   0.0000000e+00   1.4074420e-02   9.8592558e-01
   1.7208694e+00   0.0000000e+00   1.3625654e-02   9.8637435e-01
   1.7243898e+00   0.0000000e+00   1.4450920e-02   9.8554908e-01
   1.7232573e+00   0.0000000e+00   1.3803829e-02   9.8619617e-01
   1.7217934e+00   0.0000000e+00   1.3828549e-02   9.8617145e-01
   1.7327388e+00   0.0000000e+00   1.3567776e-02   9.8643222e-01
   1.7138502e+00   0.0000000e+00   1.3951787e-02   9.8604821e-01
   1.7380263e+00   0.0000000e+00   1.3999035e-02   9.8600096e-01
   1.7258147e+00   0.0000000e+00   1.2890134e-02   9.8710987e-01
   1.7225654e+00   0.0000000e+00   1.4390483e-02   9.8560952e-01
   1.7193395e+00   0.0000000e+00   1.4052617e-02   9.8594738e-01
   1.7232466e+00   0.0000000e+00   1.2594976e-02   9.8740502e-01
   1.7356927e+00   0.0000000e+00   1.2612697e-02   9.8738730e-01
   1.7205852e+00   0.0000000e+00   1.4153401e-02   9.8584660e-01
   1.7229439e+00   0.0000000e+00   1.4054413e-02   9.8594559e-01
   1.7272187e+00   0.0000000e+00   1.2634464e-02   9.8736554e-01
   1.7295694e+00   0.0000000e+00   1.2923039e-02   9.8707696e-01
   1.7067682e+00   0.0000000e+00   1.4918764e-02   9.8508124e-01
   1.7267284e+00   0.0000000e+00   1.3603278e-02   9.8639672e-01
   1.7334741e+00   0.0000000e+00   1.2946339e-02   9.8705366e-01
   1.7434140e+00   0.0000000e+00   1.4426044e-02   9.8557396e-01
   1.7201092e+00   0.0000000e+00   1.5241260e-02   9.8475874e-01
   1.7251661e+00   0.0000000e+00   1.3979265e-02   9.8602074e-01
   1.7263310e+00   0.0000000e+00   1.3771411e-02   9.8622859e-01
   1.7297655e+00   0.0000000e+00   1.2316017e-02   9.8768398e-01
   1.7223957e+00   0.0000000e+00   1.4201408e-02   9.8579859e-01
   1.7243405e+00   0.0000000e+00   1.3761256e-02   9.8623874e-01
   1.7202600e+00   0.0000000e+00   1.3863859e-02   9.8613614e-01
   1.7250728e+00   0.0000000e+00   1.3846308e-02   9.8615369e-01
   1.7252937e+00   0.0000000e+00   1.3970888e-02   9.8602911e-01
   1.7253819e+00   0.0000000e+00   1.3716346e-02   9.8628365e-01
   1.7257912e+00   0.0000000e+00   1.4095526e-02   9.8590447e-01
   1.7252728e+00   0.0000000e+00   1.3911417e-02   9.8608858e-01
   1.7245146e+00   0.0000000e+00   1.3888693e-02   9.8611131e-01
   1.7221917e+00   0.0000000e+00   1.4231922e-02   9.8576808e-01
   1.7264642e+00   0.0000000e+00   1.3562403e-02   9.8643760e-01
   1.7247623e+00   0.0000000e+00   1.3870706e-02   9.8612929e-01
   1.7250481e+00   0.0000000e+00   1.3832215e-02   9.8616778e-01
   1.7261139e+00   0.0000000e+00   1.4219584e-02   9.8578042e-01
   1.7210657e+00   0.0000000e+00   1.3791480e-02   9.8620852e-01
   1.7276800e+00   0.0000000e+00   1.4934948e-02   9.8506505e-01
   1.7280511e+00   0.0000000e+00   1.4430347e-02   9.8556965e-01
   1.7244658e+00   0.0000000e+00   1.4068459e-02   9.8593154e-01
   1.7218893e+00   0.0000000e+00   1.4104386e-02   9.8589561e-01
   1.7213099e+00   0.0000000e+00   1.4378563e-02   9.8562144e-01
   1.7226643e+00   0.0000000e+00   1.4234364e-02   9.8576564e-01
   1.7191560e+00   0.0000000e+00   1.4373136e-02   9.8562686e-01
   1.7164718e+00   0.0000000e+00   1.4193516e-02   9.8580648e-01
   1.7224000e+00   0.0000000e+00   1.4211772e-02   9.8578823e-01
   1.7228058e+00   0.0000000e+00   1.4036919e-02   9.8596308e-01
   1.6995201e+00   0.0000000e+00   1.3720861e-02   9.8627914e-01
   1.7273384e+00   0.0000000e+00   1.3545610e-02   9.8645439e-01
   1.7200353e+00   0.0000000e+00   1.4366521e-02   9.8563348e-01
   1.7233579e+00   0.0000000e+00   1.4177940e-02   9.8582206e-01
   1.7230287e+00   0.0000000e+00   1.4496058e-02   9.8550394e-01
   1.7202774e+00   0.0000000e+00   1.4513893e-02   9.8548611e-01
   1.7242731e+00   0.0000000e+00   1.4366710e-02   9.8563329e-01
   1.7227439e+00   0.0000000e+00   1.4571094e-02   9.8542891e-01
   1.7170517e+00   0.0000000e+00   1.4024129e-02   9.8597587e-01
   1.7252247e+00   0.0000000e+00   1.4222817e-02   9.8577718e-01
   1.7221898e+00   0.0000000e+00   1.4808301e-02   9.8519170e-01
   1.7324317e+00   0.0000000e+00   1.5334754e-02   9.8466525e-01
   1.7195015e+00   0.0000000e+00   1.4390414e-02   9.8560959e-01
   1.7240777e+00   0.0000000e+00   1.4750177e-02   9.8524982e-01
   1.7246406e+00   0.0000000e+00   1.4741132e-02   9.8525887e-01
   1.7238994e+00   0.0000000e+00   1.4687829e-02   9.8531217e-01
   1.7079883e+00   0.0000000e+00   1.4857999e-02   9.8514200e-01
   1.7242036e+00   0.0000000e+00   1.4921646e-02   9.8507835e-01
   1.7223301e+00   0.0000000e+00   1.4681704e-02   9.8531830e-01
   1.7184124e+00   0.0000000e+00   1.4911051e-02   9.8508895e-01
   1.7223598e+00   0.0000000e+00   1.4715602e-02   9.8528440e-01
   1.7264964e+00   0.0000000e+00   1.4406693e-02   9.8559331e-01
   1.7283721e+00   0.0000000e+00   1.6732418e-02   9.8326758e-01
   1.7206388e+00   0.0000000e+00   1.4604772e-02   9.8539523e-01
   1.7226876e+00   0.0000000e+00   1.5141787e-02   9.8485821e-01
   1.7236401e+00   0.0000000e+00   1.5036745e-02   9.8496326e-01
   1.7252180e+00   0.0000000e+00   1.4898743e-02   9.8510126e-01
   1.7252362e+00   0.0000000e+00   1.4986398e-02   9.8501360e-01
   1.7234701e+00   0.0000000e+00   1.5324710e-02   9.8467529e-01
   1.7239073e+00   0.0000000e+00   1.4796924e-02   9.8520308e-01
   1.7238659e+00   0.0000000e+00   1.4902150e-02   9.8509785e-01
   1.7232136e+00   0.0000000e+00   1.5052127e-02   9.8494787e-01
   1.6866624e+00   0.0000000e+00   1.5794687e-02   9.8420531e-01
   1.7195480e+00   0.0000000e+00   1.4953748e-02   9.8504625e-01
   1.7160195e+00   0.0000000e+00   1.5140821e-02   9.8485918e-01
   1.7245273e+00   0.0000000e+00   1.5364728e-02   9.8463527e-01
   1.7256749e+00   0.0000000e+00   1.5096448e-02   9.8490355e-01
   1.7124019e+00   0.0000000e+00   1.5818636e-02   9.8418136e-01
   1.7245963e+00   0.0000000e+00   1.5739072e-02   9.8426093e-01
   1.7220461e+00   0.0000000e+00   1.5485951e-02   9.8451405e-01
   1.7250104e+00   0.0000000e+00   1.5116057e-02   9.8488394e-01
   1.7191420e+00   0.0000000e+00   1.5061013e-02   9.8493899e-01
   1.7249679e+00   0.0000000e+00   1.5569301e-02   9.8443070e-01
   1.7173749e+00   0.0000000e+00   1.5250430e-02   9.8474957e-01
   1.7227270e+00   0.0000000e+00   1.5013468e-02   9.8498653e-01
   1.7264318e+00   0.0000000e+00   1.5559410e-02   9.8444059e-01
   1.7095843e+00   0.0000000e+00   1.4573540e-02   9.8542646e-01
   1.7254426e+00   0.0000000e+00   1.5384927e-02   9.8461507e-01
   1.7251885e+00   0.0000000e+00   1.5693058e-02   9.8430694e-01
   1.7447003e+00   0.0000000e+00   1.4724181e-02   9.8527582e-01
   1.7238943e+00   0.0000000e+00   1.5476386e-02   9.8452361e-01
   1.7239114e+00   0.0000000e+00   1.6357621e-02   9.8364238e-01
   1.7240568e+00   0.0000000e+00   1.5710627e-02   9.8428937e-01
   1.7246498e+00   0.0000000e+00   1.6269236e-02   9.8373076e-01
   1.7261919e+00   0.0000000e+00   1.6071916e-02   9.8392808e-01
   1.7287479e+00   0.0000000e+00   1.5706750e-02   9.8429325e-01
   1.7251707e+00   0.0000000e+00   1.6597486e-02   9.8340251e-01
   1.7207825e+00   0.0000000e+00   1.4880652e-02   9.8511935e-01
   1.7261452e+00   0.0000000e+00   1.5651538e-02   9.8434846e-01
   1.7098816e+00   0.0000000e+00   1.4959269e-02   9.8504073e-01
   1.6965201e+00   0.0000000e+00   1.6432178e-02   9.8356782e-01
   1.7278207e+00   0.0000000e+00   1.6231904e-02   9.8376810e-01
   1.7272224e+00   0.0000000e+00   1.6050191e-02   9.8394981e-01
   1.7552273e+00   0.0000000e+00   1.2859375e-02   9.8714062e-01
   1.7249082e+00   0.0000000e+00   1.6735136e-02   9.8326486e-01
   1.7295813e+00   0.0000000e+00   2.0242454e-02   9.7975755e-01
   1.7134348e+00   0.0000000e+00   1.6378542e-02   9.8362146e-01
   1.7266210e+00   0.0000000e+00   1.6981586e-02   9.8301841e-01
   1.6970136e+00   0.0000000e+00   1.3349987e-02   9.8665001e-01
   1.7269256e+00   0.0000000e+00   1.6237346e-02   9.8376265e-01
   1.7627049e+00   0.0000000e+00   1.3948856e-02   9.8605114e-01
   1.7105596e+00   0.0000000e+00   1.6422624e-02   9.8357738e-01
   1.7217755e+00   0.0000000e+00   1.5929969e-02   9.8407003e-01
   1.7244611e+00   0.0000000e+00   1.7299791e-02   9.8270021e-01
   1.7169337e+00   0.0000000e+00   1.7030637e-02   9.8296936e-01
   1.7219242e+00   0.0000000e+00   1.7146070e-02   9.8285393e-01
   1.7288705e+00   0.0000000e+00   1.5102686e-02   9.8489731e-01
   1.7106591e+00   0.0000000e+00   1.6827789e-02   9.8317221e-01
   1.7232493e+00   0.0000000e+00   1.7592126e-02   9.8240787e-01
   1.7236029e+00   0.0000000e+00   1.6551453e-02   9.8344855e-01
   1.7112216e+00   0.0000000e+00   1.6324747e-02   9.8367525e-01
   1.7360302e+00   0.0000000e+00   1.6154012e-02   9.8384599e-01
   1.7260646e+00   0.0000000e+00   1.7206069e-02   9.8279393e-01
   1.7660573e+00   0.0000000e+00   1.3172881e-02   9.8682712e-01
   1.7251398e+00   0.0000000e+00   1.7558761e-02   9.8244124e-01
   1.7291282e+00   0.0000000e+00   1.6217729e-02   9.8378227e-01
   1.7311498e+00   0.0000000e+00   1.7962189e-02   9.8203781e-01
   1.7458977e+00   0.0000000e+00   1.4290031e-02   9.8570997e-01
   1.7164158e+00   0.0000000e+00   1.7122255e-02   9.8287774e-01
   1.7242733e+00   0.0000000e+00   1.9126040e-02   9.8087396e-01
   1.6819892e+00   0.0000000e+00   1.7337974e-02   9.8266203e-01
   1.6862121e+00   0.0000000e+00   1.9283116e-02   9.8071688e-01
   1.7285247e+00   0.0000000e+00   1.7654350e-02   9.8234565e-01
   1.7714284e+00   0.0000000e+00   1.3793124e-02   9.8620688e-01
   1.7313831e+00   0.0000000e+00   1.8806809e-02   9.8119319e-01
   1.7143215e+00   0.0000000e+00   1.6424366e-02   9.8357563e-01
   1.7081558e+00   0.0000000e+00   1.8903908e-02   9.8109609e-01
   1.7217945e+00   0.0000000e+00   1.7708276e-02   9.8229172e-01
   1.7250355e+00   0.0000000e+00   1.8420120e-02   9.8157988e-01
   1.7196411e+00   0.0000000e+00   1.8651711e-02   9.8134829e-01
   1.7024477e+00   0.0000000e+00   1.8178155e-02   9.8182185e-01
   1.7302314e+00   0.0000000e+00   1.8496348e-02   9.8150365e-01
   1.7276522e+00   0.0000000e+00   1.4626354e-02   9.8537365e-01
   1.7296664e+00   0.0000000e+00   1.9289657e-02   9.8071034e-01
   1.7303549e+00   0.0000000e+00   1.6298944e-02   9.8370106e-01
   1.7087450e+00   0.0000000e+00   1.8857955e-02   9.8114205e-01
   1.7242073e+00   0.0000000e+00   1.9024138e-02   9.8097586e-01
   1.7222594e+00   0.0000000e+00   2.0077978e-02   9.7992202e-01
   1.7396250e+00   0.0000000e+00   2.0235351e-02   9.7976465e-01
   1.7471399e+00   0.0000000e+00   1.6253302e-02   9.8374670e-01
   1.7055921e+00   0.0000000e+00   1.8593366e-02   9.8140663e-01
   1.7690693e+00   0.0000000e+00   1.8583748e-02   9.8141625e-01
   1.7395115e+00   0.0000000e+00   1.8381617e-02   9.8161838e-01
   1.7334771e+00   0.0000000e+00   2.1322650e-02   9.7867735e-01
   1.7208127e+00   0.0000000e+00   1.7724455e-02   9.8227554e-01
   1.7005948e+00   0.0000000e+00   1.8458256e-02   9.8154174e-01
   1.7228934e+00   0.0000000e+00   2.0588503e-02   9.7941150e-01
   1.7293269e+00   0.0000000e+00   2.0764492e-02   9.7923551e-01
   1.7289095e+00   0.0000000e+00   2.0229352e-02   9.7977065e-01
   1.7224852e+00   0.0000000e+00   2.2059174e-02   9.7794083e-01
   1.7407605e+00   0.0000000e+00   1.9901647e-02   9.8009835e-01
   1.6845336e+00   0.0000000e+00   1.9825363e-02   9.8017464e-01
   1.7034437e+00   0.0000000e+00   1.6657136e-02   9.8334286e-01
   1.7415649e+00   0.0000000e+00   2.0984295e-02   9.7901571e-01
   1.7194256e+00   0.0000000e+00   2.1940704e-02   9.7805930e-01
   1.7156193e+00   0.0000000e+00   2.0259498e-02   9.7974050e-01
   1.7493710e+00   0.0000000e+00   2.0086331e-02   9.7991367e-01
   1.7098707e+00   0.0000000e+00   2.1462677e-02   9.7853732e-01
   1.7309019e+00   0.0000000e+00   2.0381613e-02   9.7961839e-01
   1.7641155e+00   0.0000000e+00   1.2257763e-02   9.8774224e-01
   1.7629828e+00   0.0000000e+00   1.2364647e-02   9.8763535e-01
   1.7579027e+00   0.0000000e+00   1.2225917e-02   9.8777408e-01
   1.7539719e+00   0.0000000e+00   1.2278339e-02   9.8772166e-01
   1.7569327e+00   0.0000000e+00   1.2559641e-02   9.8744036e-01
   1.7325843e+00   0.0000000e+00   2.0500592e-02   9.7949941e-01
   1.7568660e+00   0.0000000e+00   1.2360948e-02   9.8763905e-01
   1.7540396e+00   0.0000000e+00   1.3582963e-02   9.8641704e-01
   1.7099904e+00   0.0000000e+00   2.1805008e-02   9.7819499e-01
   1.6926187e+00   0.0000000e+00   1.9320141e-02   9.8067986e-01
   1.7574106e+00   0.0000000e+00   1.2674691e-02   9.8732531e-01
   1.7331949e+00   0.0000000e+00   2.3783587e-02   9.7621641e-01
   1.7417088e+00   0.0000000e+00   2.3122779e-02   9.7687722e-01
   1.6957568e+00   0.0000000e+00   2.2020220e-02   9.7797978e-01
   1.7054081e+00   0.0000000e+00   2.2302531e-02   9.7769747e-01
   1.7330016e+00   0.0000000e+00   2.2589742e-02   9.7741026e-01
   1.7094184e+00   0.0000000e+00   2.4044155e-02   9.7595584e-01
   1.7157952e+00   0.0000000e+00   2.2326268e-02   9.7767373e-01
   1.7212218e+00   0.0000000e+00   2.0171137e-02   9.7982886e-01
   1.7292350e+00   0.0000000e+00   2.3486830e-02   9.7651317e-01
   1.7180198e+00   0.0000000e+00   2.4286570e-02   9.7571343e-01
   1.6992283e+00   0.0000000e+00   2.2161898e-02   9.7783810e-01
   1.6875402e+00   0.0000000e+00   1.9284358e-02   9.8071564e-01
   1.7183628e+00   0.0000000e+00   2.4360782e-02   9.7563922e-01
   1.7150508e+00   0.0000000e+00   2.4099544e-02   9.7590046e-01
   1.6851177e+00   0.0000000e+00   2.2670872e-02   9.7732913e-01
   1.7245839e+00   0.0000000e+00   2.3178943e-02   9.7682106e-01
   1.7310062e+00   0.0000000e+00   2.3261642e-02   9.7673836e-01
   1.7004318e+00   0.0000000e+00   2.2611200e-02   9.7738880e-01
   1.7070677e+00   0.0000000e+00   2.2783819e-02   9.7721618e-01
   1.7558620e+00   0.0000000e+00   2.6823994e-02   9.7317601e-01
   1.6972234e+00   0.0000000e+00   2.4084955e-02   9.7591505e-01
   1.6955355e+00   0.0000000e+00   2.3254998e-02   9.7674500e-01
   1.6918219e+00   0.0000000e+00   2.3988061e-02   9.7601194e-01
   1.7064336e+00   0.0000000e+00   2.3248291e-02   9.7675171e-01
   1.7301971e+00   0.0000000e+00   2.5976457e-02   9.7402354e-01
   1.7158467e+00   0.0000000e+00   2.5069799e-02   9.7493020e-01
   1.6862125e+00   0.0000000e+00   2.2103377e-02   9.7789662e-01
   1.6825189e+00   0.0000000e+00   2.2937067e-02   9.7706293e-01
   1.7000578e+00   0.0000000e+00   2.2435450e-02   9.7756455e-01
   1.6878224e+00   0.0000000e+00   2.4903452e-02   9.7509655e-01
   1.7225104e+00   0.0000000e+00   2.4248069e-02   9.7575193e-01
   1.6942378e+00   0.0000000e+00   2.3129791e-02   9.7687021e-01
   1.7120882e+00   0.0000000e+00   2.5194750e-02   9.7480525e-01
   1.6756774e+00   0.0000000e+00   2.2246614e-02   9.7775339e-01
   1.6869924e+00   0.0000000e+00   2.3050556e-02   9.7694944e-01
   1.6794692e+00   0.0000000e+00   2.1411035e-02   9.7858896e-01
   1.6906328e+00   0.0000000e+00   2.5606481e-02   9.7439352e-01
   1.6880326e+00   0.0000000e+00   2.4021230e-02   9.7597877e-01
   1.7064990e+00   0.0000000e+00   2.3868730e-02   9.7613127e-01
   1.6827627e+00   0.0000000e+00   2.5044677e-02   9.7495532e-01
   1.6945792e+00   0.0000000e+00   2.3543468e-02   9.7645653e-01
   1.6999607e+00   0.0000000e+00   2.5824059e-02   9.7417594e-01
   1.7287378e+00   0.0000000e+00   2.7888364e-02   9.7211164e-01
   1.6722193e+00   0.0000000e+00   2.2335175e-02   9.7766483e-01
   1.7375384e+00   0.0000000e+00   2.5942313e-02   9.7405769e-01
   1.6997394e+00   0.0000000e+00   2.4729511e-02   9.7527049e-01
   1.6803244e+00   0.0000000e+00   2.1353842e-02   9.7864616e-01
   1.6806591e+00   0.0000000e+00   2.2107221e-02   9.7789278e-01
   1.6760754e+00   0.0000000e+00   2.2521095e-02   9.7747891e-01
   1.6577717e+00   0.0000000e+00   2.0115812e-02   9.7988419e-01
   1.7252678e+00   0.0000000e+00   2.6672053e-02   9.7332795e-01
   1.6910767e+00   0.0000000e+00   2.3975974e-02   9.7602403e-01
   1.7091732e+00   0.0000000e+00   2.3511686e-02   9.7648831e-01
   1.6949724e+00   0.0000000e+00   2.0861256e-02   9.7913874e-01
   1.6700318e+00   0.0000000e+00   2.2994190e-02   9.7700581e-01
   1.6868346e+00   0.0000000e+00   2.2481491e-02   9.7751851e-01
   1.6846371e+00   0.0000000e+00   2.4488283e-02   9.7551172e-01
   1.6842381e+00   0.0000000e+00   2.2743107e-02   9.7725689e-01
   1.6567070e+00   0.0000000e+00   2.2027394e-02   9.7797261e-01
   1.6526378e+00   0.0000000e+00   1.8139831e-02   9.8186017e-01
   1.6943998e+00   0.0000000e+00   2.7600833e-02   9.7239917e-01
   1.7025494e+00   0.0000000e+00   2.4756509e-02   9.7524349e-01
   1.6703115e+00   0.0000000e+00   2.2340456e-02   9.7765954e-01
   1.6529677e+00   0.0000000e+00   2.3169046e-02   9.7683095e-01
   1.6930928e+00   0.0000000e+00   2.5177048e-02   9.7482295e-01
   1.6544151e+00   0.0000000e+00   2.1190714e-02   9.7880929e-01
   1.7057190e+00   0.0000000e+00   2.5259719e-02   9.7474028e-01
   1.6574754e+00   0.0000000e+00   2.1120897e-02   9.7887910e-01
   1.6754958e+00   0.0000000e+00   2.3787178e-02   9.7621282e-01
   1.6768636e+00   0.0000000e+00   2.1509488e-02   9.7849051e-01
   1.6704942e+00   0.0000000e+00   2.5483980e-02   9.7451602e-01
   1.7456934e+00   0.0000000e+00   3.0043082e-02   9.6995692e-01
   1.6637151e+00   0.0000000e+00   2.0458827e-02   9.7954117e-01
   1.6575659e+00   0.0000000e+00   2.2785100e-02   9.7721490e-01
   1.6547686e+00   0.0000000e+00   1.9655892e-02   9.8034411e-01
   1.6311303e+00   0.0000000e+00   1.3868079e-02   9.8613192e-01
   1.7139111e+00   0.0000000e+00   2.7770448e-02   9.7222955e-01
   1.6344672e+00   0.0000000e+00   2.0351130e-02   9.7964887e-01
   1.6384587e+00   0.0000000e+00   2.0603512e-02   9.7939649e-01
   1.7272078e+00   0.0000000e+00   2.7085217e-02   9.7291478e-01
   1.6490630e+00   0.0000000e+00   2.1072676e-02   9.7892732e-01
   1.6640542e+00   0.0000000e+00   2.6589710e-02   9.7341029e-01
   1.6452578e+00   0.0000000e+00   2.2321932e-02   9.7767807e-01
   1.7325537e+00   0.0000000e+00   2.6233575e-02   9.7376643e-01
   1.6806987e+00   0.0000000e+00   2.6370775e-02   9.7362923e-01
   1.7007851e+00   0.0000000e+00   2.5016327e-02   9.7498367e-01
   1.6539722e+00   0.0000000e+00   1.8638966e-02   9.8136103e-01
   1.6596893e+00   0.0000000e+00   2.2075816e-02   9.7792418e-01
   1.6521843e+00   0.0000000e+00   2.1761823e-02   9.7823818e-01
   1.6518483e+00   0.0000000e+00   2.1248611e-02   9.7875139e-01
   1.6484588e+00   0.0000000e+00   2.3022158e-02   9.7697784e-01
   1.6329536e+00   0.0000000e+00   1.8985708e-02   9.8101429e-01
   1.6294624e+00   0.0000000e+00   2.1889154e-02   9.7811085e-01
   1.6366423e+00   0.0000000e+00   1.7399100e-02   9.8260090e-01
   1.6870630e+00   0.0000000e+00   2.6371523e-02   9.7362848e-01
   1.6595935e+00   0.0000000e+00   1.7933754e-02   9.8206625e-01
   1.6542693e+00   0.0000000e+00   2.4535675e-02   9.7546432e-01
   1.6484904e+00   0.0000000e+00   2.0526611e-02   9.7947339e-01
   1.6946008e+00   0.0000000e+00   2.7787597e-02   9.7221240e-01
   1.6377112e+00   0.0000000e+00   1.8801684e-02   9.8119832e-01
   1.6794598e+00   0.0000000e+00   2.6312257e-02   9.7368774e-01
   1.6635143e+00   0.0000000e+00   2.8475966e-02   9.7152403e-01
   1.6370186e+00   0.0000000e+00   1.8559574e-02   9.8144043e-01
   1.6452772e+00   0.0000000e+00   2.2447730e-02   9.7755227e-01
   1.6396467e+00   0.0000000e+00   2.1075556e-02   9.7892444e-01
   1.6535128e+00   0.0000000e+00   1.4096379e-02   9.8590362e-01
   1.6649430e+00   0.0000000e+00   2.4290166e-02   9.7570983e-01
   1.6452926e+00   0.0000000e+00   2.3966691e-02   9.7603331e-01
   1.6652823e+00   0.0000000e+00   3.2038896e-02   9.6796110e-01
   1.6212121e+00   0.0000000e+00   1.8341424e-02   9.8165858e-01
   1.6379431e+00   0.0000000e+00   2.1035599e-02   9.7896440e-01
   1.6351261e+00   0.0000000e+00   1.6494202e-02   9.8350580e-01
   1.6399263e+00   0.0000000e+00   2.0046685e-02   9.7995332e-01
   1.6289836e+00   0.0000000e+00   1.8584112e-02   9.8141589e-01
   1.6192228e+00   0.0000000e+00   1.7703505e-02   9.8229650e-01
   1.6397015e+00   0.0000000e+00   1.7605901e-02   9.8239410e-01
   1.6317770e+00   0.0000000e+00   2.0024881e-02   9.7997512e-01
   1.6130176e+00   0.0000000e+00   1.8539993e-02   9.8146001e-01
   1.6334625e+00   0.0000000e+00   1.8883589e-02   9.8111641e-01
   1.6142725e+00   0.0000000e+00   1.8433649e-02   9.8156635e-01
   1.6164481e+00   0.0000000e+00   1.7477803e-02   9.8252220e-01
   1.6498719e+00   0.0000000e+00   2.2293976e-02   9.7770602e-01
   1.6203874e+00   0.0000000e+00   2.0808152e-02   9.7919185e-01
   1.6378294e+00   0.0000000e+00   1.9693987e-02   9.8030601e-01
   1.6325526e+00   0.0000000e+00   1.6155231e-02   9.8384477e-01
   1.6231676e+00   0.0000000e+00   1.7133373e-02   9.8286663e-01
   1.6276038e+00   0.0000000e+00   1.6788839e-02   9.8321116e-01
   1.6338805e+00   0.0000000e+00   1.6457988e-02   9.8354201e-01
   1.6241075e+00   0.0000000e+00   1.9031313e-02   9.8096869e-01
   1.6162898e+00   0.0000000e+00   1.8398471e-02   9.8160153e-01
   1.6029369e+00   0.0000000e+00   1.8250977e-02   9.8174902e-01
   1.6158516e+00   0.0000000e+00   1.7012746e-02   9.8298725e-01
   1.6232851e+00   0.0000000e+00   1.7425246e-02   9.8257475e-01
   1.6194660e+00   0.0000000e+00   1.6949808e-02   9.8305019e-01
   1.6394393e+00   0.0000000e+00   1.8959784e-02   9.8104022e-01
   1.6122784e+00   0.0000000e+00   1.7180794e-02   9.8281921e-01
   1.6174254e+00   0.0000000e+00   1.6093383e-02   9.8390662e-01
   1.6258441e+00   0.0000000e+00   1.5648484e-02   9.8435152e-01
   1.6198469e+00   0.0000000e+00   1.6451370e-02   9.8354863e-01
   1.6200560e+00   0.0000000e+00   1.7157321e-02   9.8284268e-01
   1.6132265e+00   0.0000000e+00   1.6470826e-02   9.8352917e-01
   1.6204387e+00   0.0000000e+00   1.8148086e-02   9.8185191e-01
   1.6143900e+00   0.0000000e+00   1.7628658e-02   9.8237134e-01
   1.6124435e+00   0.0000000e+00   1.6992447e-02   9.8300755e-01
   1.6303255e+00   0.0000000e+00   1.5833632e-02   9.8416637e-01
   1.5977242e+00   0.0000000e+00   1.6017839e-02   9.8398216e-01
   1.6129878e+00   0.0000000e+00   1.6063538e-02   9.8393646e-01
   1.6015805e+00   0.0000000e+00   1.5810417e-02   9.8418958e-01
   1.6092491e+00   0.0000000e+00   1.5251019e-02   9.8474898e-01
   1.6233549e+00   0.0000000e+00   1.8834510e-02   9.8116549e-01
   1.6074005e+00   0.0000000e+00   1.6886253e-02   9.8311375e-01
   1.6558711e+00   0.0000000e+00   2.1099317e-02   9.7890068e-01
   1.6128923e+00   0.0000000e+00   1.7096029e-02   9.8290397e-01
   1.6014891e+00   0.0000000e+00   1.2405137e-02   9.8759486e-01
   1.6077833e+00   0.0000000e+00   1.5528568e-02   9.8447143e-01
   1.6112441e+00   0.0000000e+00   1.6993991e-02   9.8300601e-01
   1.6105187e+00   0.0000000e+00   1.7983592e-02   9.8201641e-01
   1.6260081e+00   0.0000000e+00   1.9496108e-02   9.8050389e-01
   1.6125337e+00   0.0000000e+00   1.6937605e-02   9.8306240e-01
   1.5913188e+00   0.0000000e+00   1.2151420e-02   9.8784858e-01
   1.6104971e+00   0.0000000e+00   1.9293409e-02   9.8070659e-01
   1.6047155e+00   0.0000000e+00   1.6471844e-02   9.8352816e-01
   1.6123694e+00   0.0000000e+00   1.7732912e-02   9.8226709e-01
   1.6868534e+00   0.0000000e+00   2.2452897e-02   9.7754710e-01
   1.6183521e+00   0.0000000e+00   1.6297945e-02   9.8370205e-01
   1.6004490e+00   0.0000000e+00   1.7539998e-02   9.8246000e-01
   1.6044572e+00   0.0000000e+00   1.6973502e-02   9.8302650e-01
   1.6074989e+00   0.0000000e+00   1.6762893e-02   9.8323711e-01
   1.6020224e+00   0.0000000e+00   1.6715904e-02   9.8328410e-01
   1.6037638e+00   0.0000000e+00   1.3019994e-02   9.8698001e-01
   1.5992435e+00   0.0000000e+00   1.7172777e-02   9.8282722e-01
   1.5987005e+00   0.0000000e+00   1.4943910e-02   9.8505609e-01
   1.6943020e+00   0.0000000e+00   2.5262373e-02   9.7473763e-01
   1.6068972e+00   0.0000000e+00   1.3803962e-02   9.8619604e-01
   1.6064834e+00   0.0000000e+00   1.7170400e-02   9.8282960e-01
   1.6030667e+00   0.0000000e+00   1.7203157e-02   9.8279684e-01
   1.6064000e+00   0.0000000e+00   1.7229087e-02   9.8277091e-01
   1.6346816e+00   0.0000000e+00   1.6076488e-02   9.8392351e-01
   1.6208915e+00   0.0000000e+00   1.8505465e-02   9.8149454e-01
   1.6023560e+00   0.0000000e+00   1.6411916e-02   9.8358808e-01
   1.5868003e+00   0.0000000e+00   1.3435134e-02   9.8656487e-01
   1.7097901e+00   0.0000000e+00   1.9643595e-02   9.8035641e-01
   1.6012016e+00   0.0000000e+00   1.6099564e-02   9.8390044e-01
   1.6027267e+00   0.0000000e+00   1.9206852e-02   9.8079315e-01
   1.6083640e+00   0.0000000e+00   1.7560899e-02   9.8243910e-01
   1.6033346e+00   0.0000000e+00   1.8151426e-02   9.8184857e-01
   1.6318902e+00   0.0000000e+00   1.7291801e-02   9.8270820e-01
   1.5994578e+00   0.0000000e+00   1.7235550e-02   9.8276445e-01
   1.5751530e+00   0.0000000e+00   1.2424566e-02   9.8757543e-01
   1.5877446e+00   0.0000000e+00   1.6170203e-02   9.8382980e-01
   1.6215094e+00   0.0000000e+00   2.0767021e-02   9.7923298e-01
   1.5981017e+00   0.0000000e+00   1.4131323e-02   9.8586868e-01
   1.6015889e+00   0.0000000e+00   1.7351467e-02   9.8264853e-01
   1.5918724e+00   0.0000000e+00   1.8619257e-02   9.8138074e-01
   1.5856672e+00   0.0000000e+00   1.7385854e-02   9.8261415e-01
   1.6032396e+00   0.0000000e+00   1.8282355e-02   9.8171764e-01
   1.5948128e+00   0.0000000e+00   1.7134304e-02   9.8286570e-01
   1.6064951e+00   0.0000000e+00   1.7688074e-02   9.8231193e-01
   1.5939348e+00   0.0000000e+00   1.6230551e-02   9.8376945e-01
   1.5873343e+00   0.0000000e+00   1.7965491e-02   9.8203451e-01
   1.6040635e+00   0.0000000e+00   1.8283806e-02   9.8171619e-01
   1.6039111e+00   0.0000000e+00   1.8103574e-02   9.8189643e-01
   1.6130645e+00   0.0000000e+00   1.9403380e-02   9.8059662e-01
   1.6008587e+00   0.0000000e+00   1.8878413e-02   9.8112159e-01
   1.6098748e+00   0.0000000e+00   2.0281302e-02   9.7971870e-01
   1.6040763e+00   0.0000000e+00   1.9945766e-02   9.8005423e-01
   1.6126258e+00   0.0000000e+00   1.7314110e-02   9.8268589e-01
   1.5789489e+00   0.0000000e+00   1.5450800e-02   9.8454920e-01
   1.6050124e+00   0.0000000e+00   1.8657194e-02   9.8134281e-01
   1.6041284e+00   0.0000000e+00   1.9584116e-02   9.8041588e-01
   1.6066883e+00   0.0000000e+00   1.7404769e-02   9.8259523e-01
   1.5928883e+00   0.0000000e+00   2.0799945e-02   9.7920006e-01
   1.6067019e+00   0.0000000e+00   1.5558101e-02   9.8444190e-01
   1.6081464e+00   0.0000000e+00   1.8967439e-02   9.8103256e-01
   1.6987409e+00   0.0000000e+00   2.2384967e-02   9.7761503e-01
   1.6093070e+00   0.0000000e+00   1.7335697e-02   9.8266430e-01
   1.6889996e+00   0.0000000e+00   2.0253356e-02   9.7974664e-01
   1.6111117e+00   0.0000000e+00   1.5222729e-02   9.8477727e-01
   1.5896034e+00   0.0000000e+00   1.6812556e-02   9.8318744e-01
   1.6089165e+00   0.0000000e+00   2.0545691e-02   9.7945431e-01
   1.6058237e+00   0.0000000e+00   1.6505605e-02   9.8349439e-01
   1.5994484e+00   0.0000000e+00   1.8198313e-02   9.8180169e-01
   1.6026596e+00   0.0000000e+00   2.1931829e-02   9.7806817e-01
   1.6230570e+00   0.0000000e+00   2.1141611e-02   9.7885839e-01
   1.6088711e+00   0.0000000e+00   2.0560432e-02   9.7943957e-01
   1.7175333e+00   0.0000000e+00   1.9468214e-02   9.8053179e-01
   1.5867713e+00   0.0000000e+00   1.8060361e-02   9.8193964e-01
   1.6010799e+00   0.0000000e+00   1.9869056e-02   9.8013094e-01
   1.6090718e+00   0.0000000e+00   1.6717668e-02   9.8328233e-01
   1.6008671e+00   0.0000000e+00   1.9227719e-02   9.8077228e-01
   1.6143329e+00   0.0000000e+00   2.2736184e-02   9.7726382e-01
   1.6013536e+00   0.0000000e+00   2.0081147e-02   9.7991885e-01
   1.7174094e+00   0.0000000e+00   2.0413545e-02   9.7958646e-01
   1.6170192e+00   0.0000000e+00   2.0140773e-02   9.7985923e-01
   1.7196456e+00   0.0000000e+00   2.0776329e-02   9.7922367e-01
   1.6053353e+00   0.0000000e+00   1.9883783e-02   9.8011622e-01
   1.6924184e+00   0.0000000e+00   1.6299449e-02   9.8370055e-01
   1.7396835e+00   0.0000000e+00   2.4540619e-02   9.7545938e-01
   1.7277597e+00   0.0000000e+00   2.1440827e-02   9.7855917e-01
   1.6735911e+00   0.0000000e+00   1.9179607e-02   9.8082039e-01
   1.6023198e+00   0.0000000e+00   1.7225857e-02   9.8277414e-01
   1.6677318e+00   0.0000000e+00   1.7463491e-02   9.8253651e-01
   1.6341539e+00   0.0000000e+00   2.2494076e-02   9.7750592e-01
   1.6166870e+00   0.0000000e+00   1.8815183e-02   9.8118482e-01
   1.6156678e+00   0.0000000e+00   2.0765952e-02   9.7923405e-01
   1.6060163e+00   0.0000000e+00   1.9549667e-02   9.8045033e-01
   1.6074661e+00   0.0000000e+00   1.8013096e-02   9.8198690e-01
   1.6606854e+00   0.0000000e+00   1.6554468e-02   9.8344553e-01
   1.6092365e+00   0.0000000e+00   2.0349170e-02   9.7965083e-01
   1.6174995e+00   0.0000000e+00   1.7178222e-02   9.8282178e-01
   1.6072098e+00   0.0000000e+00   1.4753852e-02   9.8524615e-01
   1.6142186e+00   0.0000000e+00   1.8105212e-02   9.8189479e-01
   1.6732749e+00   0.0000000e+00   1.9682143e-02   9.8031786e-01
   1.6457154e+00   0.0000000e+00   1.5343932e-02   9.8465607e-01
   1.7209699e+00   0.0000000e+00   2.3260565e-02   9.7673943e-01
   1.6079123e+00   0.0000000e+00   2.0902020e-02   9.7909798e-01
   1.6441847e+00   0.0000000e+00   1.5973929e-02   9.8402607e-01
   1.5951304e+00   0.0000000e+00   1.8386272e-02   9.8161373e-01
   1.5765508e+00   0.0000000e+00   1.6451697e-02   9.8354830e-01
   1.7380168e+00   0.0000000e+00   2.6174017e-02   9.7382598e-01
   1.6509072e+00   0.0000000e+00   1.8552488e-02   9.8144751e-01
   1.6538989e+00   0.0000000e+00   1.9131879e-02   9.8086812e-01
   1.6256112e+00   0.0000000e+00   2.3516724e-02   9.7648328e-01
   1.6317584e+00   0.0000000e+00   2.4103996e-02   9.7589600e-01
   1.6558377e+00   0.0000000e+00   2.7104066e-02   9.7289593e-01
   1.6294678e+00   0.0000000e+00   2.2846380e-02   9.7715362e-01
   1.6343515e+00   0.0000000e+00   2.6787114e-02   9.7321289e-01
   1.6265567e+00   0.0000000e+00   2.3172061e-02   9.7682794e-01
   1.6408011e+00   0.0000000e+00   1.4864564e-02   9.8513544e-01
   1.6192825e+00   0.0000000e+00   2.5059934e-02   9.7494007e-01
