   4.0330262e-01   0.0000000e+00   6.3373446e-02   9.3662655e-01
   4.0330353e-01   0.0000000e+00   6.3336045e-02   9.3666395e-01
   4.0330377e-01   0.0000000e+00   6.3544577e-02   9.3645542e-01
   4.0330433e-01   0.0000000e+00   6.3653172e-02   9.3634683e-01
   4.0330446e-01   0.0000000e+00   6.3549733e-02   9.3645027e-01
   4.0330511e-01   0.0000000e+00   6.3466718e-02   9.3653328e-01
   4.0330523e-01   0.0000000e+00   6.3687352e-02   9.3631265e-01
   4.0330537e-01   0.0000000e+00   6.3570825e-02   9.3642917e-01
   4.0330539e-01   0.0000000e+00   6.3300545e-02   9.3669946e-01
   4.0330547e-01   0.0000000e+00   6.3470921e-02   9.3652908e-01
   4.0330583e-01   0.0000000e+00   6.3330830e-02   9.3666917e-01
   4.0330604e-01   0.0000000e+00   6.3508776e-02   9.3649122e-01
   4.0330618e-01   0.0000000e+00   6.3570933e-02   9.3642907e-01
   4.0330630e-01   0.0000000e+00   6.3659304e-02   9.3634070e-01
   4.0330631e-01   0.0000000e+00   6.3565762e-02   9.3643424e-01
   4.0330649e-01   0.0000000e+00   6.3419898e-02   9.3658010e-01
   4.0330665e-01   0.0000000e+00   6.3619745e-02   9.3638026e-01
   4.0330679e-01   0.0000000e+00   6.3720116e-02   9.3627988e-01
   4.0330685e-01   0.0000000e+00   6.3774793e-02   9.3622521e-01
   4.0330697e-01   0.0000000e+00   6.3509372e-02   9.3649063e-01
   4.0330714e-01   0.0000000e+00   6.3461235e-02   9.3653876e-01
   4.0330738e-01   0.0000000e+00   6.3806158e-02   9.3619384e-01
   4.0330740e-01   0.0000000e+00   6.3480938e-02   9.3651906e-01
   4.0330747e-01   0.0000000e+00   6.3485325e-02   9.3651468e-01
   4.0330756e-01   0.0000000e+00   6.3726814e-02   9.3627319e-01
   4.0330763e-01   0.0000000e+00   6.3614483e-02   9.3638552e-01
   4.0330804e-01   0.0000000e+00   6.3684450e-02   9.3631555e-01
   4.0330810e-01   0.0000000e+00   6.3552091e-02   9.3644791e-01
   4.0330822e-01   0.0000000e+00   6.3635180e-02   9.3636482e-01
   4.0330842e-01   0.0000000e+00   6.3586518e-02   9.3641348e-01
   4.0330847e-01   0.0000000e+00   6.3848814e-02   9.3615119e-01
   4.0330859e-01   0.0000000e+00   6.3609294e-02   9.3639071e-01
   4.0330862e-01   0.0000000e+00   6.3811157e-02   9.3618884e-01
   4.0330864e-01   0.0000000e+00   6.3661788e-02   9.3633821e-01
   4.0330867e-01   0.0000000e+00   6.3565785e-02   9.3643421e-01
   4.0330883e-01   0.0000000e+00   6.3544545e-02   9.3645546e-01
   4.0330885e-01   0.0000000e+00   6.3498063e-02   9.3650194e-01
   4.0330889e-01   0.0000000e+00   6.3682951e-02   9.3631705e-01
   4.0330889e-01   0.0000000e+00   6.3611193e-02   9.3638881e-01
   4.0330894e-01   0.0000000e+00   6.3664336e-02   9.3633566e-01
   4.0330906e-01   0.0000000e+00   6.3775014e-02   9.3622499e-01
   4.0330945e-01   0.0000000e+00   6.3853354e-02   9.3614665e-01
   4.0330976e-01   0.0000000e+00   6.3701153e-02   9.3629885e-01
   4.0330986e-01   0.0000000e+00   6.3519634e-02   9.3648037e-01
   4.0330988e-01   0.0000000e+00   6.3919460e-02   9.3608054e-01
   4.0330994e-01   0.0000000e+00   6.3754080e-02   9.3624592e-01
   4.0331007e-01   0.0000000e+00   6.3854350e-02   9.3614565e-01
   4.0331007e-01   0.0000000e+00   6.3889369e-02   9.3611063e-01
   4.0331021e-01   0.0000000e+00   6.3619789e-02   9.3638021e-01
   4.0331025e-01   0.0000000e+00   6.3886261e-02   9.3611374e-01
   4.0331038e-01   0.0000000e+00   6.3543072e-02   9.3645693e-01
   4.0331044e-01   0.0000000e+00   6.3216734e-02   9.3678327e-01
   4.0331075e-01   0.0000000e+00   6.3670699e-02   9.3632930e-01
   4.0331076e-01   0.0000000e+00   6.3921751e-02   9.3607825e-01
   4.0331077e-01   0.0000000e+00   6.3775114e-02   9.3622489e-01
   4.0331082e-01   0.0000000e+00   6.3839055e-02   9.3616094e-01
   4.0331084e-01   0.0000000e+00   6.3253444e-02   9.3674656e-01
   4.0331095e-01   0.0000000e+00   6.3340455e-02   9.3665955e-01
   4.0331108e-01   0.0000000e+00   6.3698436e-02   9.3630156e-01
   4.0331121e-01   0.0000000e+00   6.3654445e-02   9.3634556e-01
   4.0331124e-01   0.0000000e+00   6.3750373e-02   9.3624963e-01
   4.0331148e-01   0.0000000e+00   6.3747494e-02   9.3625251e-01
   4.0331182e-01   0.0000000e+00   6.3914984e-02   9.3608502e-01
   4.0331203e-01   0.0000000e+00   6.4030843e-02   9.3596916e-01
   4.0331209e-01   0.0000000e+00   6.3476830e-02   9.3652317e-01
   4.0331253e-01   0.0000000e+00   6.3995603e-02   9.3600440e-01
   4.0331255e-01   0.0000000e+00   6.3302548e-02   9.3669745e-01
   4.0331297e-01   0.0000000e+00   6.3989353e-02   9.3601065e-01
   4.0331299e-01   0.0000000e+00   6.3475951e-02   9.3652405e-01
   4.0331300e-01   0.0000000e+00   6.3642727e-02   9.3635727e-01
   4.0331306e-01   0.0000000e+00   6.3656289e-02   9.3634371e-01
   4.0331309e-01   0.0000000e+00   6.3545223e-02   9.3645478e-01
   4.0331313e-01   0.0000000e+00   6.3485590e-02   9.3651441e-01
   4.0331345e-01   0.0000000e+00   6.3350536e-02   9.3664946e-01
   4.0331352e-01   0.0000000e+00   6.3660753e-02   9.3633925e-01
   4.0331353e-01   0.0000000e+00   6.3540689e-02   9.3645931e-01
   4.0331358e-01   0.0000000e+00   6.4051512e-02   9.3594849e-01
   4.0331391e-01   0.0000000e+00   6.3681683e-02   9.3631832e-01
   4.0331399e-01   0.0000000e+00   6.3438328e-02   9.3656167e-01
   4.0331408e-01   0.0000000e+00   6.3719972e-02   9.3628003e-01
   4.0331433e-01   0.0000000e+00   6.3773584e-02   9.3622642e-01
   4.0331445e-01   0.0000000e+00   6.4158444e-02   9.3584156e-01
   4.0331461e-01   0.0000000e+00   6.3676175e-02   9.3632382e-01
   4.0331463e-01   0.0000000e+00   6.3627194e-02   9.3637281e-01
   4.0331471e-01   0.0000000e+00   6.3585937e-02   9.3641406e-01
   4.0331474e-01   0.0000000e+00   6.3623087e-02   9.3637691e-01
   4.0331489e-01   0.0000000e+00   6.3950686e-02   9.3604931e-01
   4.0331525e-01   0.0000000e+00   6.3488926e-02   9.3651107e-01
   4.0331562e-01   0.0000000e+00   6.3209939e-02   9.3679006e-01
   4.0331586e-01   0.0000000e+00   6.3604445e-02   9.3639556e-01
   4.0331589e-01   0.0000000e+00   6.3905902e-02   9.3609410e-01
   4.0331592e-01   0.0000000e+00   6.3297201e-02   9.3670280e-01
   4.0331617e-01   0.0000000e+00   6.3723301e-02   9.3627670e-01
   4.0331621e-01   0.0000000e+00   6.3818896e-02   9.3618110e-01
   4.0331629e-01   0.0000000e+00   6.4010223e-02   9.3598978e-01
   4.0331630e-01   0.0000000e+00   6.3286589e-02   9.3671341e-01
   4.0331665e-01   0.0000000e+00   6.3895115e-02   9.3610489e-01
   4.0331676e-01   0.0000000e+00   6.4048257e-02   9.3595174e-01
   4.0331681e-01   0.0000000e+00   6.4188060e-02   9.3581194e-01
   4.0331693e-01   0.0000000e+00   6.3812020e-02   9.3618798e-01
   4.0331716e-01   0.0000000e+00   6.3406753e-02   9.3659325e-01
   4.0331727e-01   0.0000000e+00   6.4225299e-02   9.3577470e-01
   4.0331744e-01   0.0000000e+00   6.3201037e-02   9.3679896e-01
   4.0331795e-01   0.0000000e+00   6.4084789e-02   9.3591521e-01
   4.0331810e-01   0.0000000e+00   6.3886894e-02   9.3611311e-01
   4.0331821e-01   0.0000000e+00   6.4196476e-02   9.3580352e-01
   4.0331825e-01   0.0000000e+00   6.3759434e-02   9.3624057e-01
   4.0331853e-01   0.0000000e+00   6.4211360e-02   9.3578864e-01
   4.0331858e-01   0.0000000e+00   6.3484558e-02   9.3651544e-01
   4.0331906e-01   0.0000000e+00   6.4304008e-02   9.3569599e-01
   4.0331915e-01   0.0000000e+00   6.3527917e-02   9.3647208e-01
   4.0331931e-01   0.0000000e+00   6.3626025e-02   9.3637397e-01
   4.0331947e-01   0.0000000e+00   6.3294192e-02   9.3670581e-01
   4.0331951e-01   0.0000000e+00   6.3272538e-02   9.3672746e-01
   4.0331955e-01   0.0000000e+00   6.3819488e-02   9.3618051e-01
   4.0331957e-01   0.0000000e+00   6.3362350e-02   9.3663765e-01
   4.0331995e-01   0.0000000e+00   6.3832831e-02   9.3616717e-01
   4.0332002e-01   0.0000000e+00   6.3633924e-02   9.3636608e-01
   4.0332015e-01   0.0000000e+00   6.3293296e-02   9.3670670e-01
   4.0332023e-01   0.0000000e+00   6.3593424e-02   9.3640658e-01
   4.0332035e-01   0.0000000e+00   6.3325692e-02   9.3667431e-01
   4.0332040e-01   0.0000000e+00   6.3647883e-02   9.3635212e-01
   4.0332042e-01   0.0000000e+00   6.2879512e-02   9.3712049e-01
   4.0332061e-01   0.0000000e+00   6.3472810e-02   9.3652719e-01
   4.0332085e-01   0.0000000e+00   6.3776167e-02   9.3622383e-01
   4.0332110e-01   0.0000000e+00   6.4016343e-02   9.3598366e-01
   4.0332136e-01   0.0000000e+00   6.4224553e-02   9.3577545e-01
   4.0332200e-01   0.0000000e+00   6.3036356e-02   9.3696364e-01
   4.0332205e-01   0.0000000e+00   6.3757187e-02   9.3624281e-01
   4.0332227e-01   0.0000000e+00   6.4074511e-02   9.3592549e-01
   4.0332246e-01   0.0000000e+00   6.3682565e-02   9.3631744e-01
   4.0332247e-01   0.0000000e+00   6.4122114e-02   9.3587789e-01
   4.0332273e-01   0.0000000e+00   6.3553156e-02   9.3644684e-01
   4.0332280e-01   0.0000000e+00   6.3801097e-02   9.3619890e-01
   4.0332297e-01   0.0000000e+00   6.4113160e-02   9.3588684e-01
   4.0332346e-01   0.0000000e+00   6.3305414e-02   9.3669459e-01
   4.0332420e-01   0.0000000e+00   6.3803284e-02   9.3619672e-01
   4.0332439e-01   0.0000000e+00   6.3191303e-02   9.3680870e-01
   4.0332454e-01   0.0000000e+00   6.4642819e-02   9.3535718e-01
   4.0332508e-01   0.0000000e+00   6.2894584e-02   9.3710542e-01
   4.0332553e-01   0.0000000e+00   6.4134600e-02   9.3586540e-01
   4.0332555e-01   0.0000000e+00   6.3927964e-02   9.3607204e-01
   4.0332590e-01   0.0000000e+00   6.3336633e-02   9.3666337e-01
   4.0332633e-01   0.0000000e+00   6.3282390e-02   9.3671761e-01
   4.0332640e-01   0.0000000e+00   6.2908738e-02   9.3709126e-01
   4.0332685e-01   0.0000000e+00   6.3383599e-02   9.3661640e-01
   4.0332705e-01   0.0000000e+00   6.3313209e-02   9.3668679e-01
   4.0332797e-01   0.0000000e+00   6.3685507e-02   9.3631449e-01
   4.0332800e-01   0.0000000e+00   6.3552750e-02   9.3644725e-01
   4.0332819e-01   0.0000000e+00   6.4205699e-02   9.3579430e-01
   4.0332881e-01   0.0000000e+00   6.3785506e-02   9.3621449e-01
   4.0332889e-01   0.0000000e+00   6.2966360e-02   9.3703364e-01
   4.0332914e-01   0.0000000e+00   6.2929148e-02   9.3707085e-01
   4.0332922e-01   0.0000000e+00   6.3762269e-02   9.3623773e-01
   4.0332981e-01   0.0000000e+00   6.3955787e-02   9.3604421e-01
   4.0333066e-01   0.0000000e+00   6.3072142e-02   9.3692786e-01
   4.0333076e-01   0.0000000e+00   6.4015958e-02   9.3598404e-01
   4.0333146e-01   0.0000000e+00   6.4233652e-02   9.3576635e-01
   4.0333167e-01   0.0000000e+00   6.2407878e-02   9.3759212e-01
   4.0333182e-01   0.0000000e+00   6.3341055e-02   9.3665894e-01
   4.0333279e-01   0.0000000e+00   6.3882325e-02   9.3611767e-01
   4.0333282e-01   0.0000000e+00   6.3930062e-02   9.3606994e-01
   4.0333296e-01   0.0000000e+00   6.3333303e-02   9.3666670e-01
   4.0333321e-01   0.0000000e+00   6.3164443e-02   9.3683556e-01
   4.0333325e-01   0.0000000e+00   6.4015791e-02   9.3598421e-01
   4.0333331e-01   0.0000000e+00   6.4047922e-02   9.3595208e-01
   4.0333368e-01   0.0000000e+00   6.4301948e-02   9.3569805e-01
   4.0333387e-01   0.0000000e+00   6.4517319e-02   9.3548268e-01
   4.0333404e-01   0.0000000e+00   6.4072743e-02   9.3592726e-01
   4.0333458e-01   0.0000000e+00   6.3276062e-02   9.3672394e-01
   4.0333477e-01   0.0000000e+00   6.3424860e-02   9.3657514e-01
   4.0333521e-01   0.0000000e+00   6.3105580e-02   9.3689442e-01
   4.0333562e-01   0.0000000e+00   6.3015230e-02   9.3698477e-01
   4.0333621e-01   0.0000000e+00   6.4200241e-02   9.3579976e-01
   4.0333657e-01   0.0000000e+00   6.3237824e-02   9.3676218e-01
   4.0333692e-01   0.0000000e+00   6.3399520e-02   9.3660048e-01
   4.0333730e-01   0.0000000e+00   6.2786549e-02   9.3721345e-01
   4.0333759e-01   0.0000000e+00   6.4421493e-02   9.3557851e-01
   4.0333777e-01   0.0000000e+00   6.4405524e-02   9.3559448e-01
   4.0333821e-01   0.0000000e+00   6.2703223e-02   9.3729678e-01
   4.0333829e-01   0.0000000e+00   6.3040572e-02   9.3695943e-01
   4.0333831e-01   0.0000000e+00   6.3048118e-02   9.3695188e-01
   4.0333888e-01   0.0000000e+00   6.4058791e-02   9.3594121e-01
   4.0333993e-01   0.0000000e+00   6.3133578e-02   9.3686642e-01
   4.0334155e-01   0.0000000e+00   6.3964376e-02   9.3603562e-01
   4.0334182e-01   0.0000000e+00   6.3791614e-02   9.3620839e-01
   4.0334195e-01   0.0000000e+00   6.3148010e-02   9.3685199e-01
   4.0334201e-01   0.0000000e+00   6.2424065e-02   9.3757593e-01
   4.0334213e-01   0.0000000e+00   6.3809748e-02   9.3619025e-01
   4.0334219e-01   0.0000000e+00   6.4240900e-02   9.3575910e-01
   4.0334232e-01   0.0000000e+00   6.4109744e-02   9.3589026e-01
   4.0334247e-01   0.0000000e+00   6.3099998e-02   9.3690000e-01
   4.0334267e-01   0.0000000e+00   6.4916026e-02   9.3508397e-01
   4.0334379e-01   0.0000000e+00   6.3499518e-02   9.3650048e-01
   4.0334388e-01   0.0000000e+00   6.2792636e-02   9.3720736e-01
   4.0334393e-01   0.0000000e+00   6.1971060e-02   9.3802894e-01
   4.0334393e-01   0.0000000e+00   6.3375933e-02   9.3662407e-01
   4.0334430e-01   0.0000000e+00   6.3937731e-02   9.3606227e-01
   4.0334574e-01   0.0000000e+00   6.3100312e-02   9.3689969e-01
   4.0334648e-01   0.0000000e+00   6.3556593e-02   9.3644341e-01
   4.0334709e-01   0.0000000e+00   6.4048750e-02   9.3595125e-01
   4.0334731e-01   0.0000000e+00   6.3565909e-02   9.3643409e-01
   4.0334770e-01   0.0000000e+00   6.4017184e-02   9.3598282e-01
   4.0334778e-01   0.0000000e+00   6.4318983e-02   9.3568102e-01
   4.0334879e-01   0.0000000e+00   6.2049231e-02   9.3795077e-01
   4.0334949e-01   0.0000000e+00   6.2767463e-02   9.3723254e-01
   4.0334960e-01   0.0000000e+00   6.3643315e-02   9.3635669e-01
   4.0334975e-01   0.0000000e+00   6.3853908e-02   9.3614609e-01
   4.0335000e-01   0.0000000e+00   6.4333231e-02   9.3566677e-01
   4.0335069e-01   0.0000000e+00   6.3274624e-02   9.3672538e-01
   4.0335075e-01   0.0000000e+00   6.3949880e-02   9.3605012e-01
   4.0335094e-01   0.0000000e+00   6.4162636e-02   9.3583736e-01
   4.0335113e-01   0.0000000e+00   6.4364106e-02   9.3563589e-01
   4.0335144e-01   0.0000000e+00   6.4301111e-02   9.3569889e-01
   4.0335192e-01   0.0000000e+00   6.3998069e-02   9.3600193e-01
   4.0335298e-01   0.0000000e+00   6.4281514e-02   9.3571849e-01
   4.0335407e-01   0.0000000e+00   6.2869829e-02   9.3713017e-01
   4.0335416e-01   0.0000000e+00   6.4101269e-02   9.3589873e-01
   4.0335645e-01   0.0000000e+00   6.3488838e-02   9.3651116e-01
   4.0335769e-01   0.0000000e+00   6.2865808e-02   9.3713419e-01
   4.0335772e-01   0.0000000e+00   6.3804658e-02   9.3619534e-01
   4.0335783e-01   0.0000000e+00   6.3373311e-02   9.3662669e-01
   4.0335992e-01   0.0000000e+00   6.3673380e-02   9.3632662e-01
   4.0336008e-01   0.0000000e+00   6.3282927e-02   9.3671707e-01
   4.0336051e-01   0.0000000e+00   6.3194719e-02   9.3680528e-01
   4.0336075e-01   0.0000000e+00   6.3822240e-02   9.3617776e-01
   4.0336226e-01   0.0000000e+00   6.2311576e-02   9.3768842e-01
   4.0336252e-01   0.0000000e+00   6.3828258e-02   9.3617174e-01
   4.0336321e-01   0.0000000e+00   6.3316931e-02   9.3668307e-01
   4.0336355e-01   0.0000000e+00   6.3311899e-02   9.3668810e-01
   4.0336370e-01   0.0000000e+00   6.4984956e-02   9.3501504e-01
   4.0336532e-01   0.0000000e+00   6.4519873e-02   9.3548013e-01
   4.0336564e-01   0.0000000e+00   6.2492814e-02   9.3750719e-01
   4.0336632e-01   0.0000000e+00   6.3883357e-02   9.3611664e-01
   4.0336714e-01   0.0000000e+00   6.2654196e-02   9.3734580e-01
   4.0336727e-01   0.0000000e+00   6.4791896e-02   9.3520810e-01
   4.0336808e-01   0.0000000e+00   6.4656180e-02   9.3534382e-01
   4.0336838e-01   0.0000000e+00   6.2474041e-02   9.3752596e-01
   4.0336873e-01   0.0000000e+00   6.3240943e-02   9.3675906e-01
   4.0336940e-01   0.0000000e+00   6.5454184e-02   9.3454582e-01
   4.0337047e-01   0.0000000e+00   6.4601648e-02   9.3539835e-01
   4.0337070e-01   0.0000000e+00   6.2848173e-02   9.3715183e-01
   4.0337097e-01   0.0000000e+00   6.5058866e-02   9.3494113e-01
   4.0337117e-01   0.0000000e+00   6.2872669e-02   9.3712733e-01
   4.0337263e-01   0.0000000e+00   6.3180896e-02   9.3681910e-01
   4.0337296e-01   0.0000000e+00   6.3717992e-02   9.3628201e-01
   4.0337310e-01   0.0000000e+00   6.2926739e-02   9.3707326e-01
   4.0337369e-01   0.0000000e+00   6.4434870e-02   9.3556513e-01
   4.0337410e-01   0.0000000e+00   6.4655296e-02   9.3534470e-01
   4.0337461e-01   0.0000000e+00   6.4214358e-02   9.3578564e-01
   4.0337499e-01   0.0000000e+00   6.4273795e-02   9.3572620e-01
   4.0337593e-01   0.0000000e+00   6.2266497e-02   9.3773350e-01
   4.0337664e-01   0.0000000e+00   6.4942547e-02   9.3505745e-01
   4.0337724e-01   0.0000000e+00   6.1985326e-02   9.3801467e-01
   4.0337758e-01   0.0000000e+00   6.3799621e-02   9.3620038e-01
   4.0337903e-01   0.0000000e+00   6.4083805e-02   9.3591620e-01
   4.0337958e-01   0.0000000e+00   6.3980363e-02   9.3601964e-01
   4.0338045e-01   0.0000000e+00   6.4901055e-02   9.3509894e-01
   4.0338062e-01   0.0000000e+00   6.4302118e-02   9.3569788e-01
   4.0338083e-01   0.0000000e+00   6.3853084e-02   9.3614692e-01
   4.0338234e-01   0.0000000e+00   6.4869035e-02   9.3513096e-01
   4.0338324e-01   0.0000000e+00   6.4363153e-02   9.3563685e-01
   4.0338511e-01   0.0000000e+00   6.4990368e-02   9.3500963e-01
   4.0338576e-01   0.0000000e+00   6.4109841e-02   9.3589016e-01
   4.0338607e-01   0.0000000e+00   6.3682114e-02   9.3631789e-01
   4.0338745e-01   0.0000000e+00   6.2984979e-02   9.3701502e-01
   4.0338776e-01   0.0000000e+00   6.4306407e-02   9.3569359e-01
   4.0338795e-01   0.0000000e+00   6.5331978e-02   9.3466802e-01
   4.0338924e-01   0.0000000e+00   6.3710882e-02   9.3628912e-01
   4.0338925e-01   0.0000000e+00   6.2727397e-02   9.3727260e-01
   4.0338999e-01   0.0000000e+00   6.2742051e-02   9.3725795e-01
   4.0339010e-01   0.0000000e+00   6.3889622e-02   9.3611038e-01
   4.0339068e-01   0.0000000e+00   6.2983646e-02   9.3701635e-01
   4.0339113e-01   0.0000000e+00   6.3665795e-02   9.3633420e-01
   4.0339149e-01   0.0000000e+00   6.3688798e-02   9.3631120e-01
   4.0339231e-01   0.0000000e+00   6.5719683e-02   9.3428032e-01
   4.0339270e-01   0.0000000e+00   6.4224062e-02   9.3577594e-01
   4.0339419e-01   0.0000000e+00   6.3560207e-02   9.3643979e-01
   4.0339423e-01   0.0000000e+00   6.3860190e-02   9.3613981e-01
   4.0339428e-01   0.0000000e+00   6.4400487e-02   9.3559951e-01
   4.0339431e-01   0.0000000e+00   6.2239187e-02   9.3776081e-01
   4.0339521e-01   0.0000000e+00   6.3715483e-02   9.3628452e-01
   4.0339830e-01   0.0000000e+00   6.2144394e-02   9.3785561e-01
   4.0339932e-01   0.0000000e+00   6.3558827e-02   9.3644117e-01
   4.0339983e-01   0.0000000e+00   6.3103031e-02   9.3689697e-01
   4.0340283e-01   0.0000000e+00   6.3588682e-02   9.3641132e-01
   4.0340499e-01   0.0000000e+00   6.4275360e-02   9.3572464e-01
   4.0340521e-01   0.0000000e+00   6.4761750e-02   9.3523825e-01
   4.0340552e-01   0.0000000e+00   6.2453318e-02   9.3754668e-01
   4.0341511e-01   0.0000000e+00   6.4625467e-02   9.3537453e-01
   4.0341634e-01   0.0000000e+00   6.3499849e-02   9.3650015e-01
   4.0341837e-01   0.0000000e+00   6.3482071e-02   9.3651793e-01
   4.0341843e-01   0.0000000e+00   6.4022710e-02   9.3597729e-01
   4.0341860e-01   0.0000000e+00   6.5137985e-02   9.3486202e-01
   4.0341916e-01   0.0000000e+00   6.4220918e-02   9.3577908e-01
   4.0341923e-01   0.0000000e+00   6.3863732e-02   9.3613627e-01
   4.0341956e-01   0.0000000e+00   6.3676591e-02   9.3632341e-01
   4.0342123e-01   0.0000000e+00   6.3714415e-02   9.3628558e-01
   4.0342586e-01   0.0000000e+00   6.4226133e-02   9.3577387e-01
   4.0342641e-01   0.0000000e+00   6.2189041e-02   9.3781096e-01
   4.0342737e-01   0.0000000e+00   6.5469211e-02   9.3453079e-01
   4.0342814e-01   0.0000000e+00   6.3189155e-02   9.3681085e-01
   4.0342833e-01   0.0000000e+00   6.4481890e-02   9.3551811e-01
   4.0342950e-01   0.0000000e+00   6.3798114e-02   9.3620189e-01
   4.0342993e-01   0.0000000e+00   6.4432015e-02   9.3556799e-01
   4.0343207e-01   0.0000000e+00   6.1999865e-02   9.3800014e-01
   4.0343558e-01   0.0000000e+00   6.4206670e-02   9.3579333e-01
   4.0343689e-01   0.0000000e+00   6.4038091e-02   9.3596191e-01
   4.0343779e-01   0.0000000e+00   6.4761355e-02   9.3523864e-01
   4.0343806e-01   0.0000000e+00   6.4887992e-02   9.3511201e-01
   4.0343932e-01   0.0000000e+00   6.3216409e-02   9.3678359e-01
   4.0344176e-01   0.0000000e+00   6.5313913e-02   9.3468609e-01
   4.0344242e-01   0.0000000e+00   6.3627414e-02   9.3637259e-01
   4.0344382e-01   0.0000000e+00   6.3828365e-02   9.3617164e-01
   4.0344445e-01   0.0000000e+00   6.3170364e-02   9.3682964e-01
   4.0344786e-01   0.0000000e+00   6.5119385e-02   9.3488061e-01
   4.0344819e-01   0.0000000e+00   6.4783037e-02   9.3521696e-01
   4.0344824e-01   0.0000000e+00   6.5275225e-02   9.3472477e-01
   4.0344896e-01   0.0000000e+00   6.4997244e-02   9.3500276e-01
   4.0344953e-01   0.0000000e+00   6.5247857e-02   9.3475214e-01
   4.0345082e-01   0.0000000e+00   6.3712777e-02   9.3628722e-01
   4.0345085e-01   0.0000000e+00   6.3387682e-02   9.3661232e-01
   4.0345457e-01   0.0000000e+00   6.5389130e-02   9.3461087e-01
   4.0345508e-01   0.0000000e+00   6.3962509e-02   9.3603749e-01
   4.0345684e-01   0.0000000e+00   6.4548158e-02   9.3545184e-01
   4.0345753e-01   0.0000000e+00   6.4561185e-02   9.3543881e-01
   4.0345999e-01   0.0000000e+00   6.4202919e-02   9.3579708e-01
   4.0346117e-01   0.0000000e+00   6.4992544e-02   9.3500746e-01
   4.0346215e-01   0.0000000e+00   6.5348905e-02   9.3465109e-01
   4.0346248e-01   0.0000000e+00   6.4348453e-02   9.3565155e-01
   4.0346278e-01   0.0000000e+00   6.5653353e-02   9.3434665e-01
   4.0346480e-01   0.0000000e+00   6.5509890e-02   9.3449011e-01
   4.0346582e-01   0.0000000e+00   6.5734505e-02   9.3426550e-01
   4.0346723e-01   0.0000000e+00   6.4878538e-02   9.3512146e-01
   4.0346883e-01   0.0000000e+00   6.4254607e-02   9.3574539e-01
   4.0347013e-01   0.0000000e+00   6.5647879e-02   9.3435212e-01
   4.0347205e-01   0.0000000e+00   6.4911597e-02   9.3508840e-01
   4.0347443e-01   0.0000000e+00   6.4777304e-02   9.3522270e-01
   4.0347457e-01   0.0000000e+00   6.5449731e-02   9.3455027e-01
   4.0347495e-01   0.0000000e+00   6.1479892e-02   9.3852011e-01
   4.0347509e-01   0.0000000e+00   6.3327417e-02   9.3667258e-01
   4.0347515e-01   0.0000000e+00   6.4382469e-02   9.3561753e-01
   4.0347611e-01   0.0000000e+00   6.6209166e-02   9.3379083e-01
   4.0347888e-01   0.0000000e+00   6.2860466e-02   9.3713953e-01
   4.0347969e-01   0.0000000e+00   6.5158975e-02   9.3484103e-01
   4.0348094e-01   0.0000000e+00   6.5086101e-02   9.3491390e-01
   4.0348094e-01   0.0000000e+00   6.3968437e-02   9.3603156e-01
   4.0348169e-01   0.0000000e+00   6.4071396e-02   9.3592860e-01
   4.0348511e-01   0.0000000e+00   6.5738060e-02   9.3426194e-01
   4.0348681e-01   0.0000000e+00   6.4439723e-02   9.3556028e-01
   4.0348914e-01   0.0000000e+00   6.6833826e-02   9.3316617e-01
   4.0348941e-01   0.0000000e+00   6.4874372e-02   9.3512563e-01
   4.0349223e-01   0.0000000e+00   6.1981174e-02   9.3801883e-01
   4.0349275e-01   0.0000000e+00   6.5001156e-02   9.3499884e-01
   4.0349661e-01   0.0000000e+00   6.6001368e-02   9.3399863e-01
   4.0349993e-01   0.0000000e+00   6.4624079e-02   9.3537592e-01
   4.0350373e-01   0.0000000e+00   6.3096861e-02   9.3690314e-01
   4.0350883e-01   0.0000000e+00   6.6083899e-02   9.3391610e-01
   4.0351785e-01   0.0000000e+00   6.4964003e-02   9.3503600e-01
   4.0351827e-01   0.0000000e+00   6.3247384e-02   9.3675262e-01
   4.0351845e-01   0.0000000e+00   6.5175753e-02   9.3482425e-01
   4.0351944e-01   0.0000000e+00   6.6376555e-02   9.3362344e-01
   4.0352448e-01   0.0000000e+00   6.4674130e-02   9.3532587e-01
   4.0352610e-01   0.0000000e+00   6.5659369e-02   9.3434063e-01
   4.0353164e-01   0.0000000e+00   6.4067117e-02   9.3593288e-01
   4.0353230e-01   0.0000000e+00   6.6586413e-02   9.3341359e-01
   4.0353284e-01   0.0000000e+00   6.6221662e-02   9.3377834e-01
   4.0353402e-01   0.0000000e+00   6.3830364e-02   9.3616964e-01
   4.0353429e-01   0.0000000e+00   6.3488763e-02   9.3651124e-01
   4.0353483e-01   0.0000000e+00   6.2659688e-02   9.3734031e-01
   4.0353741e-01   0.0000000e+00   6.5990904e-02   9.3400910e-01
   4.0353785e-01   0.0000000e+00   6.3618235e-02   9.3638177e-01
   4.0353861e-01   0.0000000e+00   6.4550372e-02   9.3544963e-01
   4.0354370e-01   0.0000000e+00   6.5754859e-02   9.3424514e-01
   4.0354877e-01   0.0000000e+00   6.3494621e-02   9.3650538e-01
   4.0355152e-01   0.0000000e+00   6.4746585e-02   9.3525342e-01
   4.0355526e-01   0.0000000e+00   6.6591958e-02   9.3340804e-01
   4.0355675e-01   0.0000000e+00   6.4229364e-02   9.3577064e-01
   4.0355702e-01   0.0000000e+00   6.6428622e-02   9.3357138e-01
   4.0356954e-01   0.0000000e+00   6.3176642e-02   9.3682336e-01
   4.0357075e-01   0.0000000e+00   6.6870536e-02   9.3312946e-01
   4.0357288e-01   0.0000000e+00   6.6858425e-02   9.3314158e-01
   4.0358419e-01   0.0000000e+00   6.4718467e-02   9.3528153e-01
   4.0358851e-01   0.0000000e+00   6.7179562e-02   9.3282044e-01
   4.0359128e-01   0.0000000e+00   6.2094212e-02   9.3790579e-01
   4.0360359e-01   0.0000000e+00   6.5643235e-02   9.3435676e-01
   4.0360424e-01   0.0000000e+00   6.6522114e-02   9.3347789e-01
   4.0360641e-01   0.0000000e+00   6.6820014e-02   9.3317999e-01
   4.0360692e-01   0.0000000e+00   6.2612976e-02   9.3738702e-01
   4.0360792e-01   0.0000000e+00   6.2896916e-02   9.3710308e-01
   4.0361223e-01   0.0000000e+00   6.7013257e-02   9.3298674e-01
   4.0361536e-01   0.0000000e+00   6.5576404e-02   9.3442360e-01
   4.0362238e-01   0.0000000e+00   6.6287790e-02   9.3371221e-01
   4.0362312e-01   0.0000000e+00   6.3406394e-02   9.3659361e-01
   4.0362554e-01   0.0000000e+00   6.5354323e-02   9.3464568e-01
   4.0362965e-01   0.0000000e+00   6.2735978e-02   9.3726402e-01
   4.0363148e-01   0.0000000e+00   6.6654671e-02   9.3334533e-01
   4.0363463e-01   0.0000000e+00   6.6426926e-02   9.3357307e-01
   4.0364058e-01   0.0000000e+00   6.4037343e-02   9.3596266e-01
   4.0364156e-01   0.0000000e+00   6.6366702e-02   9.3363330e-01
   4.0365308e-01   0.0000000e+00   6.3139337e-02   9.3686066e-01
   4.0365576e-01   0.0000000e+00   6.6382274e-02   9.3361773e-01
   4.0365794e-01   0.0000000e+00   6.2926572e-02   9.3707343e-01
   4.0366094e-01   0.0000000e+00   6.6015505e-02   9.3398450e-01
   4.0366667e-01   0.0000000e+00   6.5448576e-02   9.3455142e-01
   4.0367119e-01   0.0000000e+00   6.8206211e-02   9.3179379e-01
   4.0367319e-01   0.0000000e+00   6.4011186e-02   9.3598881e-01
   4.0367430e-01   0.0000000e+00   6.6964515e-02   9.3303549e-01
   4.0367978e-01   0.0000000e+00   6.6953187e-02   9.3304681e-01
   4.0369512e-01   0.0000000e+00   6.7515141e-02   9.3248486e-01
   4.0371075e-01   0.0000000e+00   6.7101500e-02   9.3289850e-01
   4.0371375e-01   0.0000000e+00   6.7962815e-02   9.3203719e-01
   4.0372452e-01   0.0000000e+00   6.6521930e-02   9.3347807e-01
   4.0372572e-01   0.0000000e+00   6.7889269e-02   9.3211073e-01
   4.0373209e-01   0.0000000e+00   6.7203791e-02   9.3279621e-01
   4.0373917e-01   0.0000000e+00   6.6930610e-02   9.3306939e-01
   4.0374936e-01   0.0000000e+00   6.1375152e-02   9.3862485e-01
   4.0376879e-01   0.0000000e+00   6.6830897e-02   9.3316910e-01
   4.0377501e-01   0.0000000e+00   6.6372287e-02   9.3362771e-01
   4.0377695e-01   0.0000000e+00   6.6467842e-02   9.3353216e-01
   4.0380348e-01   0.0000000e+00   6.6977542e-02   9.3302246e-01
   4.0381412e-01   0.0000000e+00   6.2099840e-02   9.3790016e-01
   4.0382591e-01   0.0000000e+00   6.4563003e-02   9.3543700e-01
   4.0383827e-01   0.0000000e+00   6.5900108e-02   9.3409989e-01
   4.0384891e-01   0.0000000e+00   6.3873726e-02   9.3612627e-01
   4.0386041e-01   0.0000000e+00   6.4907229e-02   9.3509277e-01
   4.0386709e-01   0.0000000e+00   6.7568997e-02   9.3243100e-01
   4.0386830e-01   0.0000000e+00   6.8060881e-02   9.3193912e-01
   4.0388219e-01   0.0000000e+00   6.7215285e-02   9.3278472e-01
   4.0388411e-01   0.0000000e+00   6.7713336e-02   9.3228666e-01
   4.0388781e-01   0.0000000e+00   6.7626649e-02   9.3237335e-01
   4.0390759e-01   0.0000000e+00   6.9185806e-02   9.3081419e-01
   4.0391800e-01   0.0000000e+00   6.0645898e-02   9.3935410e-01
   4.0392762e-01   0.0000000e+00   6.7220807e-02   9.3277919e-01
   4.0396553e-01   0.0000000e+00   6.7020641e-02   9.3297936e-01
   4.0396830e-01   0.0000000e+00   6.7364362e-02   9.3263564e-01
   4.0398235e-01   0.0000000e+00   6.6653112e-02   9.3334689e-01
   4.0398729e-01   0.0000000e+00   6.4414868e-02   9.3558513e-01
   4.0402031e-01   0.0000000e+00   6.9610712e-02   9.3038929e-01
   4.0405799e-01   0.0000000e+00   6.3653065e-02   9.3634694e-01
   4.0405886e-01   0.0000000e+00   6.9045869e-02   9.3095413e-01
   4.0407165e-01   0.0000000e+00   7.0382509e-02   9.2961749e-01
   4.0419403e-01   0.0000000e+00   7.0113321e-02   9.2988668e-01
   4.0421937e-01   0.0000000e+00   6.9726861e-02   9.3027314e-01
   4.0422022e-01   0.0000000e+00   6.5616442e-02   9.3438356e-01
   4.0424732e-01   0.0000000e+00   6.6645342e-02   9.3335466e-01
   4.0424835e-01   0.0000000e+00   6.8027728e-02   9.3197227e-01
   4.0426039e-01   0.0000000e+00   6.9144197e-02   9.3085580e-01
   4.0426777e-01   0.0000000e+00   6.9027499e-02   9.3097250e-01
   4.0427688e-01   0.0000000e+00   6.7377863e-02   9.3262214e-01
   4.0427827e-01   0.0000000e+00   6.7862529e-02   9.3213747e-01
   4.0430775e-01   0.0000000e+00   6.8322542e-02   9.3167746e-01
   4.0434884e-01   0.0000000e+00   6.8311808e-02   9.3168819e-01
   4.0440030e-01   0.0000000e+00   6.8778449e-02   9.3122155e-01
   4.0443387e-01   0.0000000e+00   6.7735212e-02   9.3226479e-01
   4.0446331e-01   0.0000000e+00   7.0031658e-02   9.2996834e-01
   4.0446772e-01   0.0000000e+00   6.7730758e-02   9.3226924e-01
   4.0448364e-01   0.0000000e+00   7.0641231e-02   9.2935877e-01
   4.0449237e-01   0.0000000e+00   6.9268316e-02   9.3073168e-01
   4.0451045e-01   0.0000000e+00   6.8384946e-02   9.3161505e-01
   4.0455654e-01   0.0000000e+00   6.9995031e-02   9.3000497e-01
   4.0456905e-01   0.0000000e+00   7.1100027e-02   9.2889997e-01
   4.0457489e-01   0.0000000e+00   6.9746588e-02   9.3025341e-01
   4.0458532e-01   0.0000000e+00   6.7912380e-02   9.3208762e-01
   4.0459581e-01   0.0000000e+00   7.0372521e-02   9.2962748e-01
   4.0460612e-01   0.0000000e+00   6.9659906e-02   9.3034009e-01
   4.0461175e-01   0.0000000e+00   6.8501854e-02   9.3149815e-01
   4.0461524e-01   0.0000000e+00   6.6010060e-02   9.3398994e-01
   4.0461699e-01   0.0000000e+00   6.6616382e-02   9.3338362e-01
   4.0461951e-01   0.0000000e+00   6.9762775e-02   9.3023722e-01
   4.0465276e-01   0.0000000e+00   6.9682617e-02   9.3031738e-01
   4.0466471e-01   0.0000000e+00   7.0539816e-02   9.2946018e-01
   4.0466908e-01   0.0000000e+00   7.0661482e-02   9.2933852e-01
   4.0467232e-01   0.0000000e+00   7.0233231e-02   9.2976677e-01
   4.0467652e-01   0.0000000e+00   6.7812570e-02   9.3218743e-01
   4.0470010e-01   0.0000000e+00   7.0473544e-02   9.2952646e-01
   4.0470576e-01   0.0000000e+00   7.0281210e-02   9.2971879e-01
   4.0470615e-01   0.0000000e+00   6.8970189e-02   9.3102981e-01
   4.0471021e-01   0.0000000e+00   6.8480760e-02   9.3151924e-01
   4.0475431e-01   0.0000000e+00   6.8432157e-02   9.3156784e-01
   4.0476198e-01   0.0000000e+00   6.7896483e-02   9.3210352e-01
   4.0476241e-01   0.0000000e+00   7.0218994e-02   9.2978101e-01
   4.0477400e-01   0.0000000e+00   7.2917304e-02   9.2708270e-01
   4.0477773e-01   0.0000000e+00   6.7860721e-02   9.3213928e-01
   4.0478057e-01   0.0000000e+00   7.0080062e-02   9.2991994e-01
   4.0478723e-01   0.0000000e+00   7.0346340e-02   9.2965366e-01
   4.0480513e-01   0.0000000e+00   7.0884363e-02   9.2911564e-01
   4.0480680e-01   0.0000000e+00   6.9085295e-02   9.3091471e-01
   4.0481316e-01   0.0000000e+00   7.1144083e-02   9.2885592e-01
   4.0481878e-01   0.0000000e+00   7.1235678e-02   9.2876432e-01
   4.0484722e-01   0.0000000e+00   7.1985446e-02   9.2801455e-01
   4.0485135e-01   0.0000000e+00   6.8406599e-02   9.3159340e-01
   4.0489554e-01   0.0000000e+00   7.3424566e-02   9.2657543e-01
   4.0490600e-01   0.0000000e+00   7.0465437e-02   9.2953456e-01
   4.0490797e-01   0.0000000e+00   6.5216415e-02   9.3478359e-01
   4.0491213e-01   0.0000000e+00   7.1128926e-02   9.2887107e-01
   4.0492236e-01   0.0000000e+00   7.0816342e-02   9.2918366e-01
   4.0493739e-01   0.0000000e+00   6.7395513e-02   9.3260449e-01
   4.0494235e-01   0.0000000e+00   7.2520625e-02   9.2747937e-01
   4.0494337e-01   0.0000000e+00   7.1282900e-02   9.2871710e-01
   4.0494868e-01   0.0000000e+00   7.2044861e-02   9.2795514e-01
   4.0494877e-01   0.0000000e+00   7.1168495e-02   9.2883150e-01
   4.0496216e-01   0.0000000e+00   7.1821256e-02   9.2817874e-01
   4.0496730e-01   0.0000000e+00   7.2462510e-02   9.2753749e-01
   4.0499065e-01   0.0000000e+00   7.1671382e-02   9.2832862e-01
   4.0499839e-01   0.0000000e+00   7.2984005e-02   9.2701600e-01
   4.0504889e-01   0.0000000e+00   7.0705214e-02   9.2929479e-01
   4.0506293e-01   0.0000000e+00   7.1946391e-02   9.2805361e-01
   4.0506462e-01   0.0000000e+00   7.1953339e-02   9.2804666e-01
   4.0506942e-01   0.0000000e+00   7.3638097e-02   9.2636190e-01
   4.0507401e-01   0.0000000e+00   7.1526663e-02   9.2847334e-01
   4.0507523e-01   0.0000000e+00   7.0163660e-02   9.2983634e-01
   4.0508076e-01   0.0000000e+00   7.2107159e-02   9.2789284e-01
   4.0509648e-01   0.0000000e+00   7.1687556e-02   9.2831244e-01
   4.0509694e-01   0.0000000e+00   7.2722754e-02   9.2727725e-01
   4.0509746e-01   0.0000000e+00   7.3685553e-02   9.2631445e-01
   4.0516312e-01   0.0000000e+00   7.3887772e-02   9.2611223e-01
   4.0517872e-01   0.0000000e+00   7.1699000e-02   9.2830100e-01
   4.0518922e-01   0.0000000e+00   7.2166407e-02   9.2783359e-01
   4.0520672e-01   0.0000000e+00   7.1655528e-02   9.2834447e-01
   4.0520743e-01   0.0000000e+00   7.1936650e-02   9.2806335e-01
   4.0523821e-01   0.0000000e+00   7.4077893e-02   9.2592211e-01
   4.0523865e-01   0.0000000e+00   6.9848525e-02   9.3015147e-01
   4.0526366e-01   0.0000000e+00   7.3847802e-02   9.2615220e-01
   4.0527413e-01   0.0000000e+00   7.2086710e-02   9.2791329e-01
   4.0528252e-01   0.0000000e+00   6.9875331e-02   9.3012467e-01
   4.0528901e-01   0.0000000e+00   7.2978632e-02   9.2702137e-01
   4.0531165e-01   0.0000000e+00   7.1835074e-02   9.2816493e-01
   4.0533883e-01   0.0000000e+00   6.9537009e-02   9.3046299e-01
   4.0534387e-01   0.0000000e+00   7.1321923e-02   9.2867808e-01
   4.0535665e-01   0.0000000e+00   7.1218616e-02   9.2878138e-01
   4.0540262e-01   0.0000000e+00   7.1904268e-02   9.2809573e-01
   4.0540714e-01   0.0000000e+00   7.2148140e-02   9.2785186e-01
   4.0541573e-01   0.0000000e+00   7.0040494e-02   9.2995951e-01
   4.0542006e-01   0.0000000e+00   7.1298310e-02   9.2870169e-01
   4.0543315e-01   0.0000000e+00   7.2470178e-02   9.2752982e-01
   4.0544044e-01   0.0000000e+00   7.0692422e-02   9.2930758e-01
   4.0544280e-01   0.0000000e+00   7.2642848e-02   9.2735715e-01
   4.0544993e-01   0.0000000e+00   7.5647914e-02   9.2435209e-01
   4.0548065e-01   0.0000000e+00   7.3893644e-02   9.2610636e-01
   4.0548960e-01   0.0000000e+00   7.5184437e-02   9.2481556e-01
   4.0549361e-01   0.0000000e+00   7.3590354e-02   9.2640965e-01
   4.0551909e-01   0.0000000e+00   7.2113224e-02   9.2788678e-01
   4.0552311e-01   0.0000000e+00   7.2994411e-02   9.2700559e-01
   4.0552398e-01   0.0000000e+00   7.3707002e-02   9.2629300e-01
   4.0554231e-01   0.0000000e+00   7.3336079e-02   9.2666392e-01
   4.0556787e-01   0.0000000e+00   7.5075746e-02   9.2492425e-01
   4.0556944e-01   0.0000000e+00   7.5203804e-02   9.2479620e-01
   4.0557106e-01   0.0000000e+00   7.5325824e-02   9.2467418e-01
   4.0557619e-01   0.0000000e+00   6.9943621e-02   9.3005638e-01
   4.0557632e-01   0.0000000e+00   7.2959177e-02   9.2704082e-01
   4.0557961e-01   0.0000000e+00   7.1634297e-02   9.2836570e-01
   4.0559145e-01   0.0000000e+00   7.3328140e-02   9.2667186e-01
   4.0559936e-01   0.0000000e+00   7.0187316e-02   9.2981268e-01
   4.0560354e-01   0.0000000e+00   7.1214021e-02   9.2878598e-01
   4.0561537e-01   0.0000000e+00   7.5579317e-02   9.2442068e-01
   4.0562451e-01   0.0000000e+00   7.4265693e-02   9.2573431e-01
   4.0562716e-01   0.0000000e+00   6.9787446e-02   9.3021255e-01
   4.0563456e-01   0.0000000e+00   7.1527519e-02   9.2847248e-01
   4.0563864e-01   0.0000000e+00   7.3483195e-02   9.2651681e-01
   4.0565028e-01   0.0000000e+00   7.6460237e-02   9.2353976e-01
   4.0565270e-01   0.0000000e+00   7.4138694e-02   9.2586131e-01
   4.0566186e-01   0.0000000e+00   7.3269477e-02   9.2673052e-01
   4.0566538e-01   0.0000000e+00   7.5586491e-02   9.2441351e-01
   4.0567157e-01   0.0000000e+00   7.6802824e-02   9.2319718e-01
   4.0567742e-01   0.0000000e+00   7.1023462e-02   9.2897654e-01
   4.0570505e-01   0.0000000e+00   7.4894352e-02   9.2510565e-01
   4.0570815e-01   0.0000000e+00   7.5674614e-02   9.2432539e-01
   4.0572333e-01   0.0000000e+00   7.4986457e-02   9.2501354e-01
   4.0572642e-01   0.0000000e+00   7.5497912e-02   9.2450209e-01
   4.0577262e-01   0.0000000e+00   7.3827433e-02   9.2617257e-01
   4.0578682e-01   0.0000000e+00   7.3876087e-02   9.2612391e-01
   4.0579390e-01   0.0000000e+00   7.5308406e-02   9.2469159e-01
   4.0580358e-01   0.0000000e+00   7.2420533e-02   9.2757947e-01
   4.0580914e-01   0.0000000e+00   7.1981391e-02   9.2801861e-01
   4.0581653e-01   0.0000000e+00   7.4667265e-02   9.2533274e-01
   4.0583181e-01   0.0000000e+00   7.0733279e-02   9.2926672e-01
   4.0586525e-01   0.0000000e+00   7.2120891e-02   9.2787911e-01
   4.0589166e-01   0.0000000e+00   6.9227367e-02   9.3077263e-01
   4.0594159e-01   0.0000000e+00   7.5396125e-02   9.2460388e-01
   4.0594559e-01   0.0000000e+00   7.4458316e-02   9.2554168e-01
   4.0598256e-01   0.0000000e+00   6.6901594e-02   9.3309841e-01
   4.0599552e-01   0.0000000e+00   7.8029043e-02   9.2197096e-01
   4.0599682e-01   0.0000000e+00   7.2074746e-02   9.2792525e-01
   4.0600381e-01   0.0000000e+00   7.1050579e-02   9.2894942e-01
   4.0606852e-01   0.0000000e+00   7.7527817e-02   9.2247218e-01
   4.0607502e-01   0.0000000e+00   6.7306840e-02   9.3269316e-01
   4.0608656e-01   0.0000000e+00   7.3961905e-02   9.2603810e-01
   4.0609268e-01   0.0000000e+00   6.8929804e-02   9.3107020e-01
   4.0610349e-01   0.0000000e+00   7.1917330e-02   9.2808267e-01
   4.0611400e-01   0.0000000e+00   7.1639329e-02   9.2836067e-01
   4.0612865e-01   0.0000000e+00   6.7010601e-02   9.3298940e-01
   4.0617070e-01   0.0000000e+00   7.3176879e-02   9.2682312e-01
   4.0617622e-01   0.0000000e+00   7.7377087e-02   9.2262291e-01
   4.0617786e-01   0.0000000e+00   7.3426406e-02   9.2657359e-01
   4.0618767e-01   0.0000000e+00   7.3208723e-02   9.2679128e-01
   4.0619591e-01   0.0000000e+00   7.0421866e-02   9.2957813e-01
   4.0621655e-01   0.0000000e+00   6.9861534e-02   9.3013847e-01
   4.0622076e-01   0.0000000e+00   6.8306883e-02   9.3169312e-01
   4.0622442e-01   0.0000000e+00   7.3568380e-02   9.2643162e-01
   4.0628420e-01   0.0000000e+00   7.8526943e-02   9.2147306e-01
   4.0630428e-01   0.0000000e+00   7.0682654e-02   9.2931735e-01
   4.0631887e-01   0.0000000e+00   7.2080685e-02   9.2791931e-01
   4.0632508e-01   0.0000000e+00   7.4235769e-02   9.2576423e-01
   4.0632889e-01   0.0000000e+00   7.9204149e-02   9.2079585e-01
   4.0634288e-01   0.0000000e+00   7.1572739e-02   9.2842726e-01
   4.0639525e-01   0.0000000e+00   7.6895270e-02   9.2310473e-01
   4.0640246e-01   0.0000000e+00   7.7239344e-02   9.2276066e-01
   4.0642286e-01   0.0000000e+00   6.4970909e-02   9.3502909e-01
   4.0643212e-01   0.0000000e+00   7.1033465e-02   9.2896653e-01
   4.0649666e-01   0.0000000e+00   7.0770185e-02   9.2922981e-01
   4.0650120e-01   0.0000000e+00   7.4719944e-02   9.2528006e-01
   4.0651349e-01   0.0000000e+00   6.7797033e-02   9.3220297e-01
   4.0651900e-01   0.0000000e+00   8.0021007e-02   9.1997899e-01
   4.0653419e-01   0.0000000e+00   7.5971022e-02   9.2402898e-01
