   8.3942691e-01   0.0000000e+00   1.5562147e-01   8.4437853e-01
   8.3876237e-01   0.0000000e+00   1.5525033e-01   8.4474967e-01
   8.3965463e-01   0.0000000e+00   1.5591106e-01   8.4408894e-01
   8.4012039e-01   0.0000000e+00   1.5609563e-01   8.4390437e-01
   8.4000464e-01   0.0000000e+00   1.5611887e-01   8.4388113e-01
   8.3950228e-01   0.0000000e+00   1.5522074e-01   8.4477926e-01
   8.3985704e-01   0.0000000e+00   1.5589866e-01   8.4410134e-01
   8.3760156e-01   0.0000000e+00   1.5363387e-01   8.4636613e-01
   8.4022494e-01   0.0000000e+00   1.5746357e-01   8.4253643e-01
   8.3956772e-01   0.0000000e+00   1.5537350e-01   8.4462650e-01
   8.3980173e-01   0.0000000e+00   1.5483654e-01   8.4516346e-01
   8.3939955e-01   0.0000000e+00   1.5479521e-01   8.4520479e-01
   8.3868257e-01   0.0000000e+00   1.5412742e-01   8.4587258e-01
   8.3910494e-01   0.0000000e+00   1.5517309e-01   8.4482691e-01
   8.3890915e-01   0.0000000e+00   1.5490820e-01   8.4509180e-01
   8.3900127e-01   0.0000000e+00   1.5493159e-01   8.4506841e-01
   8.4036219e-01   0.0000000e+00   1.5608389e-01   8.4391611e-01
   8.3860072e-01   0.0000000e+00   1.5571330e-01   8.4428670e-01
   8.3888767e-01   0.0000000e+00   1.5535901e-01   8.4464099e-01
   8.3943000e-01   0.0000000e+00   1.5529745e-01   8.4470255e-01
   8.3909488e-01   0.0000000e+00   1.5479210e-01   8.4520790e-01
   8.3955000e-01   0.0000000e+00   1.5544293e-01   8.4455707e-01
   8.3969890e-01   0.0000000e+00   1.5552744e-01   8.4447256e-01
   8.4034521e-01   0.0000000e+00   1.5650291e-01   8.4349709e-01
   8.3958393e-01   0.0000000e+00   1.5532207e-01   8.4467793e-01
   8.3916596e-01   0.0000000e+00   1.5498620e-01   8.4501380e-01
   8.3949574e-01   0.0000000e+00   1.5540599e-01   8.4459401e-01
   8.4022292e-01   0.0000000e+00   1.5637210e-01   8.4362790e-01
   8.3821650e-01   0.0000000e+00   1.5400979e-01   8.4599021e-01
   8.3976487e-01   0.0000000e+00   1.5542766e-01   8.4457234e-01
   8.3730330e-01   0.0000000e+00   1.5288084e-01   8.4711916e-01
   8.3953993e-01   0.0000000e+00   1.5616472e-01   8.4383528e-01
   8.3891831e-01   0.0000000e+00   1.5514309e-01   8.4485691e-01
   8.3891491e-01   0.0000000e+00   1.5474544e-01   8.4525456e-01
   8.3880107e-01   0.0000000e+00   1.5447285e-01   8.4552715e-01
   8.3823487e-01   0.0000000e+00   1.5410126e-01   8.4589874e-01
   8.3917323e-01   0.0000000e+00   1.5534028e-01   8.4465972e-01
   8.3885941e-01   0.0000000e+00   1.5460406e-01   8.4539594e-01
   8.3933079e-01   0.0000000e+00   1.5505560e-01   8.4494440e-01
   8.4018581e-01   0.0000000e+00   1.5560879e-01   8.4439121e-01
   8.3954709e-01   0.0000000e+00   1.5515923e-01   8.4484077e-01
   8.3949383e-01   0.0000000e+00   1.5533347e-01   8.4466653e-01
   8.3952313e-01   0.0000000e+00   1.5517865e-01   8.4482135e-01
   8.3842237e-01   0.0000000e+00   1.5389866e-01   8.4610134e-01
   8.4112374e-01   0.0000000e+00   1.5747285e-01   8.4252715e-01
   8.3913525e-01   0.0000000e+00   1.5485714e-01   8.4514286e-01
   8.3886338e-01   0.0000000e+00   1.5437657e-01   8.4562343e-01
   8.4095130e-01   0.0000000e+00   1.5749680e-01   8.4250320e-01
   8.3774412e-01   0.0000000e+00   1.5442012e-01   8.4557988e-01
   8.4004141e-01   0.0000000e+00   1.5604534e-01   8.4395466e-01
   8.3901843e-01   0.0000000e+00   1.5498665e-01   8.4501335e-01
   8.3855065e-01   0.0000000e+00   1.5397215e-01   8.4602785e-01
   8.3964395e-01   0.0000000e+00   1.5507993e-01   8.4492007e-01
   8.4017172e-01   0.0000000e+00   1.5544942e-01   8.4455058e-01
   8.3850211e-01   0.0000000e+00   1.5410572e-01   8.4589428e-01
   8.3828176e-01   0.0000000e+00   1.5402099e-01   8.4597901e-01
   8.3902850e-01   0.0000000e+00   1.5471659e-01   8.4528341e-01
   8.3918099e-01   0.0000000e+00   1.5478728e-01   8.4521272e-01
   8.4056856e-01   0.0000000e+00   1.5614862e-01   8.4385138e-01
   8.3858853e-01   0.0000000e+00   1.5352229e-01   8.4647771e-01
   8.3720295e-01   0.0000000e+00   1.5274657e-01   8.4725343e-01
   8.3962228e-01   0.0000000e+00   1.5490012e-01   8.4509988e-01
   8.3790294e-01   0.0000000e+00   1.5337605e-01   8.4662395e-01
   8.3900562e-01   0.0000000e+00   1.5464534e-01   8.4535466e-01
   8.3988296e-01   0.0000000e+00   1.5602573e-01   8.4397427e-01
   8.3954692e-01   0.0000000e+00   1.5549324e-01   8.4450676e-01
   8.3936886e-01   0.0000000e+00   1.5502571e-01   8.4497429e-01
   8.3855077e-01   0.0000000e+00   1.5353864e-01   8.4646136e-01
   8.3946421e-01   0.0000000e+00   1.5488004e-01   8.4511996e-01
   8.3861939e-01   0.0000000e+00   1.5499284e-01   8.4500716e-01
   8.3971686e-01   0.0000000e+00   1.5577154e-01   8.4422846e-01
   8.3721644e-01   0.0000000e+00   1.5233808e-01   8.4766192e-01
   8.3856925e-01   0.0000000e+00   1.5391448e-01   8.4608552e-01
   8.3898441e-01   0.0000000e+00   1.5477999e-01   8.4522001e-01
   8.3825399e-01   0.0000000e+00   1.5447926e-01   8.4552074e-01
   8.3820649e-01   0.0000000e+00   1.5342287e-01   8.4657713e-01
   8.3724451e-01   0.0000000e+00   1.5222156e-01   8.4777844e-01
   8.3818574e-01   0.0000000e+00   1.5370257e-01   8.4629743e-01
   8.3547865e-01   0.0000000e+00   1.5082394e-01   8.4917606e-01
   8.3901894e-01   0.0000000e+00   1.5440105e-01   8.4559895e-01
   8.3868894e-01   0.0000000e+00   1.5423354e-01   8.4576646e-01
   8.3718583e-01   0.0000000e+00   1.5278729e-01   8.4721271e-01
   8.4010028e-01   0.0000000e+00   1.5508569e-01   8.4491431e-01
   8.4071982e-01   0.0000000e+00   1.5716035e-01   8.4283965e-01
   8.4100117e-01   0.0000000e+00   1.5575004e-01   8.4424996e-01
   8.4211017e-01   0.0000000e+00   1.5858167e-01   8.4141833e-01
   8.3937155e-01   0.0000000e+00   1.5439461e-01   8.4560539e-01
   8.3743011e-01   0.0000000e+00   1.5220129e-01   8.4779871e-01
   8.3785606e-01   0.0000000e+00   1.5339742e-01   8.4660258e-01
   8.3799466e-01   0.0000000e+00   1.5338994e-01   8.4661006e-01
   8.3901131e-01   0.0000000e+00   1.5447236e-01   8.4552764e-01
   8.3774033e-01   0.0000000e+00   1.5466795e-01   8.4533205e-01
   8.3681853e-01   0.0000000e+00   1.5203138e-01   8.4796862e-01
   8.3716320e-01   0.0000000e+00   1.5211702e-01   8.4788298e-01
   8.4110362e-01   0.0000000e+00   1.5612591e-01   8.4387409e-01
   8.3826264e-01   0.0000000e+00   1.5351172e-01   8.4648828e-01
   8.3775257e-01   0.0000000e+00   1.5454745e-01   8.4545255e-01
   8.3848770e-01   0.0000000e+00   1.5516293e-01   8.4483707e-01
   8.3848825e-01   0.0000000e+00   1.5560381e-01   8.4439619e-01
   8.4279181e-01   0.0000000e+00   1.5828043e-01   8.4171957e-01
   8.3789438e-01   0.0000000e+00   1.5285807e-01   8.4714193e-01
   8.3594866e-01   0.0000000e+00   1.5051720e-01   8.4948280e-01
   8.4130640e-01   0.0000000e+00   1.5779993e-01   8.4220007e-01
   8.3932918e-01   0.0000000e+00   1.5485495e-01   8.4514505e-01
   8.4284468e-01   0.0000000e+00   1.5905232e-01   8.4094768e-01
   8.3694605e-01   0.0000000e+00   1.5225705e-01   8.4774295e-01
   8.3573971e-01   0.0000000e+00   1.5185316e-01   8.4814684e-01
   8.4114121e-01   0.0000000e+00   1.5780246e-01   8.4219754e-01
   8.3892617e-01   0.0000000e+00   1.5503571e-01   8.4496429e-01
   8.3681024e-01   0.0000000e+00   1.5323968e-01   8.4676032e-01
   8.3678414e-01   0.0000000e+00   1.5276587e-01   8.4723413e-01
   8.3914253e-01   0.0000000e+00   1.5316125e-01   8.4683875e-01
   8.4015930e-01   0.0000000e+00   1.5659717e-01   8.4340283e-01
   8.3799392e-01   0.0000000e+00   1.5318589e-01   8.4681411e-01
   8.3668616e-01   0.0000000e+00   1.5204995e-01   8.4795005e-01
   8.3760247e-01   0.0000000e+00   1.5175854e-01   8.4824146e-01
   8.3920763e-01   0.0000000e+00   1.5567357e-01   8.4432643e-01
   8.3919096e-01   0.0000000e+00   1.5401926e-01   8.4598074e-01
   8.3902148e-01   0.0000000e+00   1.5398911e-01   8.4601089e-01
   8.3781223e-01   0.0000000e+00   1.5307483e-01   8.4692517e-01
   8.4161223e-01   0.0000000e+00   1.5888188e-01   8.4111812e-01
   8.3820786e-01   0.0000000e+00   1.5306562e-01   8.4693438e-01
   8.3889459e-01   0.0000000e+00   1.5292433e-01   8.4707567e-01
   8.3727740e-01   0.0000000e+00   1.5250783e-01   8.4749217e-01
   8.3713302e-01   0.0000000e+00   1.5200189e-01   8.4799811e-01
   8.3814116e-01   0.0000000e+00   1.5317279e-01   8.4682721e-01
   8.4031962e-01   0.0000000e+00   1.5582983e-01   8.4417017e-01
   8.3781769e-01   0.0000000e+00   1.5347355e-01   8.4652645e-01
   8.3597994e-01   0.0000000e+00   1.5137845e-01   8.4862155e-01
   8.3615709e-01   0.0000000e+00   1.5045857e-01   8.4954143e-01
   8.4318322e-01   0.0000000e+00   1.6006383e-01   8.3993617e-01
   8.3500525e-01   0.0000000e+00   1.5141414e-01   8.4858586e-01
   8.3934493e-01   0.0000000e+00   1.5365381e-01   8.4634619e-01
   8.3468311e-01   0.0000000e+00   1.5043997e-01   8.4956003e-01
   8.3441275e-01   0.0000000e+00   1.4923491e-01   8.5076509e-01
   8.3828274e-01   0.0000000e+00   1.5545561e-01   8.4454439e-01
   8.3402137e-01   0.0000000e+00   1.4975407e-01   8.5024593e-01
   8.3814843e-01   0.0000000e+00   1.5229035e-01   8.4770965e-01
   8.3784229e-01   0.0000000e+00   1.5432443e-01   8.4567557e-01
   8.3785818e-01   0.0000000e+00   1.5285183e-01   8.4714817e-01
   8.4028033e-01   0.0000000e+00   1.5443219e-01   8.4556781e-01
   8.3585985e-01   0.0000000e+00   1.5070304e-01   8.4929696e-01
   8.3677819e-01   0.0000000e+00   1.5155755e-01   8.4844245e-01
   8.3738429e-01   0.0000000e+00   1.5262447e-01   8.4737553e-01
   8.3993333e-01   0.0000000e+00   1.5631304e-01   8.4368696e-01
   8.3880560e-01   0.0000000e+00   1.5317646e-01   8.4682354e-01
   8.3511001e-01   0.0000000e+00   1.5021237e-01   8.4978763e-01
   8.3592132e-01   0.0000000e+00   1.5200775e-01   8.4799225e-01
   8.4002890e-01   0.0000000e+00   1.5600473e-01   8.4399527e-01
   8.3386706e-01   0.0000000e+00   1.4849937e-01   8.5150063e-01
   8.3833991e-01   0.0000000e+00   1.5302092e-01   8.4697908e-01
   8.3607703e-01   0.0000000e+00   1.4996979e-01   8.5003021e-01
   8.3858429e-01   0.0000000e+00   1.5331764e-01   8.4668236e-01
   8.3820789e-01   0.0000000e+00   1.5260257e-01   8.4739743e-01
   8.3845880e-01   0.0000000e+00   1.5400678e-01   8.4599322e-01
   8.3954902e-01   0.0000000e+00   1.5502025e-01   8.4497975e-01
   8.4001485e-01   0.0000000e+00   1.5642318e-01   8.4357682e-01
   8.3785126e-01   0.0000000e+00   1.5246792e-01   8.4753208e-01
   8.3596886e-01   0.0000000e+00   1.5046925e-01   8.4953075e-01
   8.3588546e-01   0.0000000e+00   1.5244799e-01   8.4755201e-01
   8.4421069e-01   0.0000000e+00   1.6042517e-01   8.3957483e-01
   8.3895178e-01   0.0000000e+00   1.5517143e-01   8.4482857e-01
   8.3570347e-01   0.0000000e+00   1.4939095e-01   8.5060905e-01
   8.3489493e-01   0.0000000e+00   1.5176994e-01   8.4823006e-01
   8.3828862e-01   0.0000000e+00   1.5257359e-01   8.4742641e-01
   8.3530955e-01   0.0000000e+00   1.5029235e-01   8.4970765e-01
   8.3334587e-01   0.0000000e+00   1.4850002e-01   8.5149998e-01
   8.3861387e-01   0.0000000e+00   1.5301583e-01   8.4698417e-01
   8.3892777e-01   0.0000000e+00   1.5637661e-01   8.4362339e-01
   8.3626888e-01   0.0000000e+00   1.5183364e-01   8.4816636e-01
   8.3951939e-01   0.0000000e+00   1.5502301e-01   8.4497699e-01
   8.3921855e-01   0.0000000e+00   1.5256237e-01   8.4743763e-01
   8.3475028e-01   0.0000000e+00   1.4976104e-01   8.5023896e-01
   8.3703654e-01   0.0000000e+00   1.5328514e-01   8.4671486e-01
   8.3530133e-01   0.0000000e+00   1.5073702e-01   8.4926298e-01
   8.3414618e-01   0.0000000e+00   1.4882531e-01   8.5117469e-01
   8.3480000e-01   0.0000000e+00   1.5237598e-01   8.4762402e-01
   8.3936854e-01   0.0000000e+00   1.5430986e-01   8.4569014e-01
   8.3893020e-01   0.0000000e+00   1.5188073e-01   8.4811927e-01
   8.3550181e-01   0.0000000e+00   1.4957177e-01   8.5042823e-01
   8.3630723e-01   0.0000000e+00   1.4924988e-01   8.5075012e-01
   8.4094745e-01   0.0000000e+00   1.5683359e-01   8.4316641e-01
   8.3616706e-01   0.0000000e+00   1.5226101e-01   8.4773899e-01
   8.3655262e-01   0.0000000e+00   1.5010986e-01   8.4989014e-01
   8.3463516e-01   0.0000000e+00   1.4802905e-01   8.5197095e-01
   8.3610201e-01   0.0000000e+00   1.4984322e-01   8.5015678e-01
   8.3478645e-01   0.0000000e+00   1.4817538e-01   8.5182462e-01
   8.3736059e-01   0.0000000e+00   1.5246916e-01   8.4753084e-01
   8.3804954e-01   0.0000000e+00   1.5345693e-01   8.4654307e-01
   8.3289448e-01   0.0000000e+00   1.4802450e-01   8.5197550e-01
   8.3480071e-01   0.0000000e+00   1.5002944e-01   8.4997056e-01
   8.3743156e-01   0.0000000e+00   1.5316294e-01   8.4683706e-01
   8.3593388e-01   0.0000000e+00   1.4941801e-01   8.5058199e-01
   8.3496736e-01   0.0000000e+00   1.4821599e-01   8.5178401e-01
   8.4187514e-01   0.0000000e+00   1.5677495e-01   8.4322505e-01
   8.3682409e-01   0.0000000e+00   1.4907602e-01   8.5092398e-01
   8.3325405e-01   0.0000000e+00   1.4879092e-01   8.5120908e-01
   8.3966703e-01   0.0000000e+00   1.5621740e-01   8.4378260e-01
   8.3446453e-01   0.0000000e+00   1.4841710e-01   8.5158290e-01
   8.3452724e-01   0.0000000e+00   1.5090458e-01   8.4909542e-01
   8.3266435e-01   0.0000000e+00   1.4788223e-01   8.5211777e-01
   8.3798785e-01   0.0000000e+00   1.5414202e-01   8.4585798e-01
   8.4107401e-01   0.0000000e+00   1.5489889e-01   8.4510111e-01
   8.4155316e-01   0.0000000e+00   1.5479452e-01   8.4520548e-01
   8.4111206e-01   0.0000000e+00   1.5539649e-01   8.4460351e-01
   8.3776314e-01   0.0000000e+00   1.5023525e-01   8.4976475e-01
   8.4059199e-01   0.0000000e+00   1.5597315e-01   8.4402685e-01
   8.3821028e-01   0.0000000e+00   1.5369100e-01   8.4630900e-01
   8.4099647e-01   0.0000000e+00   1.5364104e-01   8.4635896e-01
   8.4118556e-01   0.0000000e+00   1.5552484e-01   8.4447516e-01
   8.4018560e-01   0.0000000e+00   1.5603607e-01   8.4396393e-01
   8.3936586e-01   0.0000000e+00   1.5090492e-01   8.4909508e-01
   8.4129923e-01   0.0000000e+00   1.5604510e-01   8.4395490e-01
   8.3598380e-01   0.0000000e+00   1.5145320e-01   8.4854680e-01
   8.4156131e-01   0.0000000e+00   1.5552081e-01   8.4447919e-01
   8.3881779e-01   0.0000000e+00   1.5516281e-01   8.4483719e-01
   8.4224714e-01   0.0000000e+00   1.5581045e-01   8.4418955e-01
   8.3517717e-01   0.0000000e+00   1.5259567e-01   8.4740433e-01
   8.4243688e-01   0.0000000e+00   1.5751384e-01   8.4248616e-01
   8.3666153e-01   0.0000000e+00   1.4932879e-01   8.5067121e-01
   8.3998976e-01   0.0000000e+00   1.5394873e-01   8.4605127e-01
   8.4028443e-01   0.0000000e+00   1.5445268e-01   8.4554732e-01
   8.3940432e-01   0.0000000e+00   1.5275823e-01   8.4724177e-01
   8.3868112e-01   0.0000000e+00   1.5303638e-01   8.4696362e-01
   8.3885880e-01   0.0000000e+00   1.5591123e-01   8.4408877e-01
   8.3690264e-01   0.0000000e+00   1.5305304e-01   8.4694696e-01
   8.3819684e-01   0.0000000e+00   1.5264622e-01   8.4735378e-01
   8.3777482e-01   0.0000000e+00   1.5540788e-01   8.4459212e-01
   8.4226761e-01   0.0000000e+00   1.5826391e-01   8.4173609e-01
   8.3681939e-01   0.0000000e+00   1.5071349e-01   8.4928651e-01
   8.4196825e-01   0.0000000e+00   1.5720311e-01   8.4279689e-01
   8.4287582e-01   0.0000000e+00   1.5714144e-01   8.4285856e-01
   8.4106458e-01   0.0000000e+00   1.5624353e-01   8.4375647e-01
   8.3112398e-01   0.0000000e+00   1.4548870e-01   8.5451130e-01
   8.4182742e-01   0.0000000e+00   1.5786150e-01   8.4213850e-01
   8.4423370e-01   0.0000000e+00   1.6101707e-01   8.3898293e-01
   8.4047577e-01   0.0000000e+00   1.5733376e-01   8.4266624e-01
   8.3009045e-01   0.0000000e+00   1.4559505e-01   8.5440495e-01
   8.3947177e-01   0.0000000e+00   1.5214639e-01   8.4785361e-01
   8.4199943e-01   0.0000000e+00   1.5819728e-01   8.4180272e-01
   8.4158826e-01   0.0000000e+00   1.5787942e-01   8.4212058e-01
   8.3079840e-01   0.0000000e+00   1.4379020e-01   8.5620980e-01
   8.3045609e-01   0.0000000e+00   1.4469925e-01   8.5530075e-01
   8.4352945e-01   0.0000000e+00   1.5826895e-01   8.4173105e-01
   8.4360461e-01   0.0000000e+00   1.5805578e-01   8.4194422e-01
   8.3703305e-01   0.0000000e+00   1.5031136e-01   8.4968864e-01
   8.3970300e-01   0.0000000e+00   1.5867031e-01   8.4132969e-01
   8.4289534e-01   0.0000000e+00   1.5879349e-01   8.4120651e-01
   8.4364752e-01   0.0000000e+00   1.5549681e-01   8.4450319e-01
   8.3151208e-01   0.0000000e+00   1.4429445e-01   8.5570555e-01
   8.4395099e-01   0.0000000e+00   1.5845233e-01   8.4154767e-01
   8.4396813e-01   0.0000000e+00   1.5912248e-01   8.4087752e-01
   8.4479678e-01   0.0000000e+00   1.5896467e-01   8.4103533e-01
   8.4242922e-01   0.0000000e+00   1.5966181e-01   8.4033819e-01
   8.4432093e-01   0.0000000e+00   1.5888911e-01   8.4111089e-01
   8.4344769e-01   0.0000000e+00   1.5676064e-01   8.4323936e-01
   8.4451212e-01   0.0000000e+00   1.6009677e-01   8.3990323e-01
   8.4288206e-01   0.0000000e+00   1.5889006e-01   8.4110994e-01
   8.4367541e-01   0.0000000e+00   1.6020293e-01   8.3979707e-01
   8.4446976e-01   0.0000000e+00   1.5975896e-01   8.4024104e-01
   8.4493258e-01   0.0000000e+00   1.6115982e-01   8.3884018e-01
   8.4293860e-01   0.0000000e+00   1.5605850e-01   8.4394150e-01
   8.3498158e-01   0.0000000e+00   1.5020203e-01   8.4979797e-01
   8.4526814e-01   0.0000000e+00   1.5763963e-01   8.4236037e-01
   8.4552882e-01   0.0000000e+00   1.5948786e-01   8.4051214e-01
   8.4475628e-01   0.0000000e+00   1.6033242e-01   8.3966758e-01
   8.4532917e-01   0.0000000e+00   1.5953219e-01   8.4046781e-01
   8.4060788e-01   0.0000000e+00   1.5352227e-01   8.4647773e-01
   8.4498276e-01   0.0000000e+00   1.5733818e-01   8.4266182e-01
   8.4495709e-01   0.0000000e+00   1.6099668e-01   8.3900332e-01
   8.4447749e-01   0.0000000e+00   1.5934037e-01   8.4065963e-01
   8.4516190e-01   0.0000000e+00   1.6033160e-01   8.3966840e-01
   8.4596401e-01   0.0000000e+00   1.5981882e-01   8.4018118e-01
   8.4540237e-01   0.0000000e+00   1.5867877e-01   8.4132123e-01
   8.4596429e-01   0.0000000e+00   1.5926381e-01   8.4073619e-01
   8.4595570e-01   0.0000000e+00   1.5954786e-01   8.4045214e-01
   8.4108357e-01   0.0000000e+00   1.6007180e-01   8.3992820e-01
   8.4489956e-01   0.0000000e+00   1.6179949e-01   8.3820051e-01
   8.4540586e-01   0.0000000e+00   1.6139657e-01   8.3860343e-01
   8.4656835e-01   0.0000000e+00   1.6126559e-01   8.3873441e-01
   8.3461408e-01   0.0000000e+00   1.4953635e-01   8.5046365e-01
   8.4585426e-01   0.0000000e+00   1.6154373e-01   8.3845627e-01
   8.4617618e-01   0.0000000e+00   1.6159031e-01   8.3840969e-01
   8.4487692e-01   0.0000000e+00   1.6242123e-01   8.3757877e-01
   8.4496319e-01   0.0000000e+00   1.5960455e-01   8.4039545e-01
   8.4652324e-01   0.0000000e+00   1.6070119e-01   8.3929881e-01
   8.4638762e-01   0.0000000e+00   1.6014313e-01   8.3985687e-01
   8.4629741e-01   0.0000000e+00   1.5848054e-01   8.4151946e-01
   8.4679459e-01   0.0000000e+00   1.6115436e-01   8.3884564e-01
   8.4563684e-01   0.0000000e+00   1.6215425e-01   8.3784575e-01
   8.4667580e-01   0.0000000e+00   1.5903104e-01   8.4096896e-01
   8.3350443e-01   0.0000000e+00   1.4882214e-01   8.5117786e-01
   8.4712597e-01   0.0000000e+00   1.6177931e-01   8.3822069e-01
   8.4507065e-01   0.0000000e+00   1.6191115e-01   8.3808885e-01
   8.4667899e-01   0.0000000e+00   1.6160990e-01   8.3839010e-01
   8.4712107e-01   0.0000000e+00   1.5958956e-01   8.4041044e-01
   8.4681197e-01   0.0000000e+00   1.5859968e-01   8.4140032e-01
   8.4680478e-01   0.0000000e+00   1.6091241e-01   8.3908759e-01
   8.4727847e-01   0.0000000e+00   1.6025689e-01   8.3974311e-01
   8.4517842e-01   0.0000000e+00   1.6148699e-01   8.3851301e-01
   8.4707778e-01   0.0000000e+00   1.6114709e-01   8.3885291e-01
   8.4336135e-01   0.0000000e+00   1.5870880e-01   8.4129120e-01
   8.4728742e-01   0.0000000e+00   1.5958463e-01   8.4041537e-01
   8.4440889e-01   0.0000000e+00   1.6023596e-01   8.3976404e-01
   8.4730107e-01   0.0000000e+00   1.6197289e-01   8.3802711e-01
   8.4706180e-01   0.0000000e+00   1.6165401e-01   8.3834599e-01
   8.4651210e-01   0.0000000e+00   1.5985621e-01   8.4014379e-01
   8.4562383e-01   0.0000000e+00   1.6290719e-01   8.3709281e-01
   8.4738946e-01   0.0000000e+00   1.6131229e-01   8.3868771e-01
   8.4393656e-01   0.0000000e+00   1.5886763e-01   8.4113237e-01
   8.4747125e-01   0.0000000e+00   1.6101837e-01   8.3898163e-01
   8.4683346e-01   0.0000000e+00   1.6233721e-01   8.3766279e-01
   8.4785909e-01   0.0000000e+00   1.6123442e-01   8.3876558e-01
   8.4746245e-01   0.0000000e+00   1.6061846e-01   8.3938154e-01
   8.3486852e-01   0.0000000e+00   1.5152518e-01   8.4847482e-01
   8.3638950e-01   0.0000000e+00   1.5084236e-01   8.4915764e-01
   8.4742827e-01   0.0000000e+00   1.6226029e-01   8.3773971e-01
   8.4772222e-01   0.0000000e+00   1.6076512e-01   8.3923488e-01
   8.4769402e-01   0.0000000e+00   1.6337964e-01   8.3662036e-01
   8.4742472e-01   0.0000000e+00   1.6345740e-01   8.3654260e-01
   8.4744091e-01   0.0000000e+00   1.6260020e-01   8.3739980e-01
   8.4742476e-01   0.0000000e+00   1.6067028e-01   8.3932972e-01
   8.4387708e-01   0.0000000e+00   1.6110020e-01   8.3889980e-01
   8.4743985e-01   0.0000000e+00   1.6170624e-01   8.3829376e-01
   8.4623455e-01   0.0000000e+00   1.5943087e-01   8.4056913e-01
   8.4364204e-01   0.0000000e+00   1.6125955e-01   8.3874045e-01
   8.4556403e-01   0.0000000e+00   1.5799668e-01   8.4200332e-01
   8.4761992e-01   0.0000000e+00   1.6333040e-01   8.3666960e-01
   8.4804198e-01   0.0000000e+00   1.6258941e-01   8.3741059e-01
   8.4688960e-01   0.0000000e+00   1.6205245e-01   8.3794755e-01
   8.4804270e-01   0.0000000e+00   1.6038040e-01   8.3961960e-01
   8.4773160e-01   0.0000000e+00   1.6116853e-01   8.3883147e-01
   8.4538041e-01   0.0000000e+00   1.5673072e-01   8.4326928e-01
   8.4818718e-01   0.0000000e+00   1.6091544e-01   8.3908456e-01
   8.4824070e-01   0.0000000e+00   1.6307614e-01   8.3692386e-01
   8.4590011e-01   0.0000000e+00   1.6149924e-01   8.3850076e-01
   8.4709520e-01   0.0000000e+00   1.5710783e-01   8.4289217e-01
   8.4565669e-01   0.0000000e+00   1.6307480e-01   8.3692520e-01
   8.4830420e-01   0.0000000e+00   1.6107978e-01   8.3892022e-01
   8.4847403e-01   0.0000000e+00   1.6082452e-01   8.3917548e-01
   8.4510351e-01   0.0000000e+00   1.6250439e-01   8.3749561e-01
   8.4859552e-01   0.0000000e+00   1.6345504e-01   8.3654496e-01
   8.4576157e-01   0.0000000e+00   1.6397118e-01   8.3602882e-01
   8.4776943e-01   0.0000000e+00   1.5846007e-01   8.4153993e-01
   8.4876083e-01   0.0000000e+00   1.6195884e-01   8.3804116e-01
   8.4679554e-01   0.0000000e+00   1.6361752e-01   8.3638248e-01
   8.4655065e-01   0.0000000e+00   1.6354615e-01   8.3645385e-01
   8.4848331e-01   0.0000000e+00   1.6120117e-01   8.3879883e-01
   8.4533782e-01   0.0000000e+00   1.6116428e-01   8.3883572e-01
   8.4821510e-01   0.0000000e+00   1.6354362e-01   8.3645638e-01
   8.4876806e-01   0.0000000e+00   1.6096889e-01   8.3903111e-01
   8.4806345e-01   0.0000000e+00   1.6216187e-01   8.3783813e-01
   8.4867991e-01   0.0000000e+00   1.6323881e-01   8.3676119e-01
   8.4349694e-01   0.0000000e+00   1.5695529e-01   8.4304471e-01
   8.4817952e-01   0.0000000e+00   1.6343724e-01   8.3656276e-01
   8.4886342e-01   0.0000000e+00   1.6155025e-01   8.3844975e-01
   8.4930916e-01   0.0000000e+00   1.6212580e-01   8.3787420e-01
   8.4757967e-01   0.0000000e+00   1.6569902e-01   8.3430098e-01
   8.4868730e-01   0.0000000e+00   1.6286883e-01   8.3713117e-01
   8.4803118e-01   0.0000000e+00   1.6459798e-01   8.3540202e-01
   8.4401726e-01   0.0000000e+00   1.5732183e-01   8.4267817e-01
   8.4853997e-01   0.0000000e+00   1.6014437e-01   8.3985563e-01
   8.4856433e-01   0.0000000e+00   1.6060611e-01   8.3939389e-01
   8.4865419e-01   0.0000000e+00   1.6454699e-01   8.3545301e-01
   8.4921649e-01   0.0000000e+00   1.6029850e-01   8.3970150e-01
   8.4745417e-01   0.0000000e+00   1.5674695e-01   8.4325305e-01
   8.4743735e-01   0.0000000e+00   1.6301405e-01   8.3698595e-01
   8.4881407e-01   0.0000000e+00   1.5985388e-01   8.4014612e-01
   8.4884328e-01   0.0000000e+00   1.6043999e-01   8.3956001e-01
   8.4927589e-01   0.0000000e+00   1.6169740e-01   8.3830260e-01
   8.4882008e-01   0.0000000e+00   1.6021289e-01   8.3978711e-01
   8.4852109e-01   0.0000000e+00   1.5883338e-01   8.4116662e-01
   8.4949956e-01   0.0000000e+00   1.6247096e-01   8.3752904e-01
   8.4446327e-01   0.0000000e+00   1.6047025e-01   8.3952975e-01
   8.4900904e-01   0.0000000e+00   1.6029184e-01   8.3970816e-01
   8.4427801e-01   0.0000000e+00   1.6260728e-01   8.3739272e-01
   8.4635566e-01   0.0000000e+00   1.6565976e-01   8.3434024e-01
   8.4722737e-01   0.0000000e+00   1.6323164e-01   8.3676836e-01
   8.4899171e-01   0.0000000e+00   1.5962496e-01   8.4037504e-01
   8.4609191e-01   0.0000000e+00   1.6064464e-01   8.3935536e-01
   8.4478405e-01   0.0000000e+00   1.6350471e-01   8.3649529e-01
   8.4856754e-01   0.0000000e+00   1.6499767e-01   8.3500233e-01
   8.4875335e-01   0.0000000e+00   1.5825114e-01   8.4174886e-01
   8.4609643e-01   0.0000000e+00   1.6257891e-01   8.3742109e-01
   8.5003219e-01   0.0000000e+00   1.6313668e-01   8.3686332e-01
   8.4661402e-01   0.0000000e+00   1.6306147e-01   8.3693853e-01
   8.4883726e-01   0.0000000e+00   1.5874653e-01   8.4125347e-01
   8.4929299e-01   0.0000000e+00   1.5908177e-01   8.4091823e-01
   8.4975990e-01   0.0000000e+00   1.6066302e-01   8.3933698e-01
   8.4717039e-01   0.0000000e+00   1.6583623e-01   8.3416377e-01
   8.5035218e-01   0.0000000e+00   1.6392902e-01   8.3607098e-01
   8.5004693e-01   0.0000000e+00   1.5986129e-01   8.4013871e-01
   8.4507289e-01   0.0000000e+00   1.5977451e-01   8.4022549e-01
   8.4787541e-01   0.0000000e+00   1.6434726e-01   8.3565274e-01
   8.4939683e-01   0.0000000e+00   1.5958555e-01   8.4041445e-01
   8.5033010e-01   0.0000000e+00   1.6202737e-01   8.3797263e-01
   8.5030276e-01   0.0000000e+00   1.6127979e-01   8.3872021e-01
   8.4942301e-01   0.0000000e+00   1.5905027e-01   8.4094973e-01
   8.4938830e-01   0.0000000e+00   1.5939368e-01   8.4060632e-01
   8.4707104e-01   0.0000000e+00   1.5738757e-01   8.4261243e-01
   8.4714402e-01   0.0000000e+00   1.6210060e-01   8.3789940e-01
   8.4665195e-01   0.0000000e+00   1.6606872e-01   8.3393128e-01
   8.5022667e-01   0.0000000e+00   1.6070440e-01   8.3929560e-01
   8.4470110e-01   0.0000000e+00   1.6236569e-01   8.3763431e-01
   8.4966858e-01   0.0000000e+00   1.5912127e-01   8.4087873e-01
   8.4934427e-01   0.0000000e+00   1.6072400e-01   8.3927600e-01
   8.5065541e-01   0.0000000e+00   1.6039979e-01   8.3960021e-01
   8.5041829e-01   0.0000000e+00   1.6018322e-01   8.3981678e-01
   8.4757571e-01   0.0000000e+00   1.6417252e-01   8.3582748e-01
   8.4849140e-01   0.0000000e+00   1.5802372e-01   8.4197628e-01
   8.4993919e-01   0.0000000e+00   1.5901328e-01   8.4098672e-01
   8.5002684e-01   0.0000000e+00   1.5896951e-01   8.4103049e-01
   8.5021571e-01   0.0000000e+00   1.5919544e-01   8.4080456e-01
   8.5056748e-01   0.0000000e+00   1.6044495e-01   8.3955505e-01
   8.5009582e-01   0.0000000e+00   1.5866787e-01   8.4133213e-01
   8.5091444e-01   0.0000000e+00   1.6050678e-01   8.3949322e-01
   8.4987281e-01   0.0000000e+00   1.5972062e-01   8.4027938e-01
   8.5021905e-01   0.0000000e+00   1.5812246e-01   8.4187754e-01
   8.4893055e-01   0.0000000e+00   1.5679082e-01   8.4320918e-01
   8.4953867e-01   0.0000000e+00   1.5768286e-01   8.4231714e-01
   8.5040806e-01   0.0000000e+00   1.5989276e-01   8.4010724e-01
   8.4928017e-01   0.0000000e+00   1.5731219e-01   8.4268781e-01
   8.5006500e-01   0.0000000e+00   1.5814311e-01   8.4185689e-01
   8.4753225e-01   0.0000000e+00   1.6250438e-01   8.3749562e-01
   8.4998031e-01   0.0000000e+00   1.5806984e-01   8.4193016e-01
   8.5008345e-01   0.0000000e+00   1.5876226e-01   8.4123774e-01
   8.4928858e-01   0.0000000e+00   1.5811413e-01   8.4188587e-01
   8.5070801e-01   0.0000000e+00   1.5913706e-01   8.4086294e-01
   8.5066050e-01   0.0000000e+00   1.5883890e-01   8.4116110e-01
   8.4972856e-01   0.0000000e+00   1.6088555e-01   8.3911445e-01
   8.4890985e-01   0.0000000e+00   1.5692829e-01   8.4307171e-01
   8.4970810e-01   0.0000000e+00   1.5786755e-01   8.4213245e-01
   8.5177346e-01   0.0000000e+00   1.6094628e-01   8.3905372e-01
   8.4964960e-01   0.0000000e+00   1.5724659e-01   8.4275341e-01
   8.5079452e-01   0.0000000e+00   1.5944515e-01   8.4055485e-01
   8.5033980e-01   0.0000000e+00   1.5847164e-01   8.4152836e-01
   8.5075352e-01   0.0000000e+00   1.5865015e-01   8.4134985e-01
   8.4948893e-01   0.0000000e+00   1.5942981e-01   8.4057019e-01
   8.5061210e-01   0.0000000e+00   1.5840271e-01   8.4159729e-01
   8.5117730e-01   0.0000000e+00   1.5945578e-01   8.4054422e-01
   8.4961129e-01   0.0000000e+00   1.5820325e-01   8.4179675e-01
   8.5080736e-01   0.0000000e+00   1.5821778e-01   8.4178222e-01
   8.5025310e-01   0.0000000e+00   1.5770172e-01   8.4229828e-01
   8.5068856e-01   0.0000000e+00   1.5833161e-01   8.4166839e-01
   8.5070233e-01   0.0000000e+00   1.5861208e-01   8.4138792e-01
   8.5055381e-01   0.0000000e+00   1.5795190e-01   8.4204810e-01
   8.4786158e-01   0.0000000e+00   1.5872159e-01   8.4127841e-01
   8.4832653e-01   0.0000000e+00   1.5918915e-01   8.4081085e-01
   8.5049196e-01   0.0000000e+00   1.5780181e-01   8.4219819e-01
   8.4726294e-01   0.0000000e+00   1.5919224e-01   8.4080776e-01
   8.5050017e-01   0.0000000e+00   1.5775364e-01   8.4224636e-01
   8.5041257e-01   0.0000000e+00   1.6114523e-01   8.3885477e-01
   8.5003823e-01   0.0000000e+00   1.5658973e-01   8.4341027e-01
   8.5143327e-01   0.0000000e+00   1.5907943e-01   8.4092057e-01
   8.5152966e-01   0.0000000e+00   1.5906549e-01   8.4093451e-01
   8.5047004e-01   0.0000000e+00   1.5756945e-01   8.4243055e-01
   8.5168931e-01   0.0000000e+00   1.6001142e-01   8.3998858e-01
   8.5044052e-01   0.0000000e+00   1.5742990e-01   8.4257010e-01
   8.5083100e-01   0.0000000e+00   1.5799736e-01   8.4200264e-01
   8.4881274e-01   0.0000000e+00   1.5489411e-01   8.4510589e-01
   8.5112353e-01   0.0000000e+00   1.5867247e-01   8.4132753e-01
   8.5075296e-01   0.0000000e+00   1.5773651e-01   8.4226349e-01
   8.5070387e-01   0.0000000e+00   1.5766675e-01   8.4233325e-01
   8.4903722e-01   0.0000000e+00   1.5621505e-01   8.4378495e-01
   8.5026097e-01   0.0000000e+00   1.5676203e-01   8.4323797e-01
   8.5070995e-01   0.0000000e+00   1.5750650e-01   8.4249350e-01
   8.5074281e-01   0.0000000e+00   1.5738069e-01   8.4261931e-01
   8.5156516e-01   0.0000000e+00   1.5851354e-01   8.4148646e-01
   8.4943678e-01   0.0000000e+00   1.5587993e-01   8.4412007e-01
   8.5076486e-01   0.0000000e+00   1.5732359e-01   8.4267641e-01
   8.5094817e-01   0.0000000e+00   1.6005191e-01   8.3994809e-01
   8.5049872e-01   0.0000000e+00   1.5730176e-01   8.4269824e-01
   8.5065960e-01   0.0000000e+00   1.5710737e-01   8.4289263e-01
   8.5090969e-01   0.0000000e+00   1.5751984e-01   8.4248016e-01
   8.5194371e-01   0.0000000e+00   1.5977214e-01   8.4022786e-01
   8.5166155e-01   0.0000000e+00   1.5896480e-01   8.4103520e-01
   8.5125736e-01   0.0000000e+00   1.5798265e-01   8.4201735e-01
   8.5109112e-01   0.0000000e+00   1.5771097e-01   8.4228903e-01
   8.5011985e-01   0.0000000e+00   1.5634452e-01   8.4365548e-01
   8.5035377e-01   0.0000000e+00   1.6135667e-01   8.3864333e-01
   8.5100038e-01   0.0000000e+00   1.5756484e-01   8.4243516e-01
   8.4866590e-01   0.0000000e+00   1.5937550e-01   8.4062450e-01
   8.5056234e-01   0.0000000e+00   1.5686630e-01   8.4313370e-01
   8.4845326e-01   0.0000000e+00   1.5887526e-01   8.4112474e-01
   8.5050949e-01   0.0000000e+00   1.5664002e-01   8.4335998e-01
   8.4837529e-01   0.0000000e+00   1.5815619e-01   8.4184381e-01
   8.5149965e-01   0.0000000e+00   1.5799521e-01   8.4200479e-01
   8.5118340e-01   0.0000000e+00   1.5748328e-01   8.4251672e-01
   8.5236238e-01   0.0000000e+00   1.5990927e-01   8.4009073e-01
   8.5093437e-01   0.0000000e+00   1.5720007e-01   8.4279993e-01
   8.5078730e-01   0.0000000e+00   1.5657083e-01   8.4342917e-01
   8.5119749e-01   0.0000000e+00   1.5738595e-01   8.4261405e-01
   8.5173913e-01   0.0000000e+00   1.5823325e-01   8.4176675e-01
   8.5111972e-01   0.0000000e+00   1.5728327e-01   8.4271673e-01
   8.5035964e-01   0.0000000e+00   1.5766913e-01   8.4233087e-01
   8.5149301e-01   0.0000000e+00   1.5805531e-01   8.4194469e-01
   8.4942256e-01   0.0000000e+00   1.5780092e-01   8.4219908e-01
   8.4547513e-01   0.0000000e+00   1.6034490e-01   8.3965510e-01
   8.5297888e-01   0.0000000e+00   1.6170814e-01   8.3829186e-01
   8.4973630e-01   0.0000000e+00   1.5723603e-01   8.4276397e-01
   8.5107625e-01   0.0000000e+00   1.5712698e-01   8.4287302e-01
   8.4993952e-01   0.0000000e+00   1.5529205e-01   8.4470795e-01
   8.5009347e-01   0.0000000e+00   1.5724498e-01   8.4275502e-01
   8.5132981e-01   0.0000000e+00   1.5747410e-01   8.4252590e-01
   8.5130002e-01   0.0000000e+00   1.5746115e-01   8.4253885e-01
   8.5133908e-01   0.0000000e+00   1.5943282e-01   8.4056718e-01
   8.5258062e-01   0.0000000e+00   1.6028935e-01   8.3971065e-01
   8.4952634e-01   0.0000000e+00   1.5613799e-01   8.4386201e-01
   8.5082070e-01   0.0000000e+00   1.5672020e-01   8.4327980e-01
   8.5121629e-01   0.0000000e+00   1.5710429e-01   8.4289571e-01
   8.4919066e-01   0.0000000e+00   1.5899391e-01   8.4100609e-01
   8.5152540e-01   0.0000000e+00   1.5750527e-01   8.4249473e-01
   8.5122899e-01   0.0000000e+00   1.5741607e-01   8.4258393e-01
   8.5130051e-01   0.0000000e+00   1.5718826e-01   8.4281174e-01
   8.4961498e-01   0.0000000e+00   1.5800329e-01   8.4199671e-01
   8.4921360e-01   0.0000000e+00   1.5457935e-01   8.4542065e-01
   8.5124230e-01   0.0000000e+00   1.5703332e-01   8.4296668e-01
   8.5203151e-01   0.0000000e+00   1.5796471e-01   8.4203529e-01
   8.4958341e-01   0.0000000e+00   1.5858656e-01   8.4141344e-01
   8.4992221e-01   0.0000000e+00   1.5752822e-01   8.4247178e-01
   8.5134876e-01   0.0000000e+00   1.5709148e-01   8.4290852e-01
   8.5145964e-01   0.0000000e+00   1.5707790e-01   8.4292210e-01
   8.5187054e-01   0.0000000e+00   1.5765954e-01   8.4234046e-01
   8.5200541e-01   0.0000000e+00   1.5769934e-01   8.4230066e-01
   8.5140541e-01   0.0000000e+00   1.5686495e-01   8.4313505e-01
   8.5147625e-01   0.0000000e+00   1.5689668e-01   8.4310332e-01
   8.5146207e-01   0.0000000e+00   1.5684992e-01   8.4315008e-01
   8.5155408e-01   0.0000000e+00   1.5725372e-01   8.4274628e-01
   8.5246063e-01   0.0000000e+00   1.5846601e-01   8.4153399e-01
   8.5211229e-01   0.0000000e+00   1.5816356e-01   8.4183644e-01
   8.5164922e-01   0.0000000e+00   1.5725487e-01   8.4274513e-01
   8.5149130e-01   0.0000000e+00   1.5687104e-01   8.4312896e-01
   8.5057000e-01   0.0000000e+00   1.5590305e-01   8.4409695e-01
   8.5028009e-01   0.0000000e+00   1.5781065e-01   8.4218935e-01
   8.4895226e-01   0.0000000e+00   1.5627749e-01   8.4372251e-01
   8.5114781e-01   0.0000000e+00   1.5702604e-01   8.4297396e-01
   8.5262948e-01   0.0000000e+00   1.5819579e-01   8.4180421e-01
   8.4936607e-01   0.0000000e+00   1.5775493e-01   8.4224507e-01
   8.5185989e-01   0.0000000e+00   1.5700431e-01   8.4299569e-01
   8.5169275e-01   0.0000000e+00   1.5678602e-01   8.4321398e-01
   8.5161864e-01   0.0000000e+00   1.5644868e-01   8.4355132e-01
   8.4888427e-01   0.0000000e+00   1.5397486e-01   8.4602514e-01
   8.5170856e-01   0.0000000e+00   1.5651730e-01   8.4348270e-01
   8.5186829e-01   0.0000000e+00   1.5669805e-01   8.4330195e-01
   8.5190774e-01   0.0000000e+00   1.5679533e-01   8.4320467e-01
   8.5271724e-01   0.0000000e+00   1.5838955e-01   8.4161045e-01
   8.5193150e-01   0.0000000e+00   1.5673122e-01   8.4326878e-01
   8.5205241e-01   0.0000000e+00   1.5704301e-01   8.4295699e-01
   8.4998710e-01   0.0000000e+00   1.5611274e-01   8.4388726e-01
   8.5031197e-01   0.0000000e+00   1.5870488e-01   8.4129512e-01
   8.5204798e-01   0.0000000e+00   1.5672989e-01   8.4327011e-01
   8.5184972e-01   0.0000000e+00   1.5672417e-01   8.4327583e-01
   8.5054669e-01   0.0000000e+00   1.5476534e-01   8.4523466e-01
   8.5184692e-01   0.0000000e+00   1.5591272e-01   8.4408728e-01
   8.4889386e-01   0.0000000e+00   1.5938608e-01   8.4061392e-01
   8.5277350e-01   0.0000000e+00   1.5728143e-01   8.4271857e-01
   8.5185501e-01   0.0000000e+00   1.5642695e-01   8.4357305e-01
   8.5219952e-01   0.0000000e+00   1.5644991e-01   8.4355009e-01
   8.5403365e-01   0.0000000e+00   1.5888237e-01   8.4111763e-01
   8.5232368e-01   0.0000000e+00   1.5665956e-01   8.4334044e-01
   8.5207367e-01   0.0000000e+00   1.5617609e-01   8.4382391e-01
   8.5201602e-01   0.0000000e+00   1.5632987e-01   8.4367013e-01
   8.5236139e-01   0.0000000e+00   1.5674755e-01   8.4325245e-01
   8.5254106e-01   0.0000000e+00   1.5666772e-01   8.4333228e-01
   8.4953917e-01   0.0000000e+00   1.5779627e-01   8.4220373e-01
   8.5262155e-01   0.0000000e+00   1.5696604e-01   8.4303396e-01
   8.5022001e-01   0.0000000e+00   1.5925143e-01   8.4074857e-01
   8.4984435e-01   0.0000000e+00   1.5743831e-01   8.4256169e-01
   8.4958235e-01   0.0000000e+00   1.5273487e-01   8.4726513e-01
   8.5228569e-01   0.0000000e+00   1.5619078e-01   8.4380922e-01
   8.5221949e-01   0.0000000e+00   1.5601301e-01   8.4398699e-01
   8.5271843e-01   0.0000000e+00   1.5708344e-01   8.4291656e-01
   8.5047768e-01   0.0000000e+00   1.5877517e-01   8.4122483e-01
   8.5251232e-01   0.0000000e+00   1.5644664e-01   8.4355336e-01
   8.5216349e-01   0.0000000e+00   1.5517393e-01   8.4482607e-01
   8.5272101e-01   0.0000000e+00   1.6035078e-01   8.3964922e-01
   8.5194561e-01   0.0000000e+00   1.5580369e-01   8.4419631e-01
   8.5261905e-01   0.0000000e+00   1.5627400e-01   8.4372600e-01
   8.5011392e-01   0.0000000e+00   1.5121317e-01   8.4878683e-01
   8.5012567e-01   0.0000000e+00   1.5790971e-01   8.4209029e-01
   8.4998520e-01   0.0000000e+00   1.5750514e-01   8.4249486e-01
   8.5096945e-01   0.0000000e+00   1.5931028e-01   8.4068972e-01
   8.5373797e-01   0.0000000e+00   1.5752218e-01   8.4247782e-01
   8.5011265e-01   0.0000000e+00   1.5162668e-01   8.4837332e-01
   8.5271333e-01   0.0000000e+00   1.5562918e-01   8.4437082e-01
   8.5293926e-01   0.0000000e+00   1.5650767e-01   8.4349233e-01
   8.4949558e-01   0.0000000e+00   1.5731444e-01   8.4268556e-01
   8.4960729e-01   0.0000000e+00   1.5782077e-01   8.4217923e-01
   8.5129331e-01   0.0000000e+00   1.5859732e-01   8.4140268e-01
   8.4992070e-01   0.0000000e+00   1.5673886e-01   8.4326114e-01
   8.5088519e-01   0.0000000e+00   1.5884084e-01   8.4115916e-01
   8.5253179e-01   0.0000000e+00   1.5627540e-01   8.4372460e-01
   8.5040636e-01   0.0000000e+00   1.5809103e-01   8.4190897e-01
   8.5293945e-01   0.0000000e+00   1.5618785e-01   8.4381215e-01
   8.5292791e-01   0.0000000e+00   1.5624732e-01   8.4375268e-01
   8.5292386e-01   0.0000000e+00   1.5591852e-01   8.4408148e-01
   8.5294547e-01   0.0000000e+00   1.5620273e-01   8.4379727e-01
   8.5327664e-01   0.0000000e+00   1.5670737e-01   8.4329263e-01
   8.5034242e-01   0.0000000e+00   1.5816807e-01   8.4183193e-01
   8.5285559e-01   0.0000000e+00   1.5580204e-01   8.4419796e-01
   8.5008183e-01   0.0000000e+00   1.5703582e-01   8.4296418e-01
   8.3114528e-01   0.0000000e+00   1.4762354e-01   8.5237646e-01
   8.5340431e-01   0.0000000e+00   1.5630943e-01   8.4369057e-01
   8.5668241e-01   0.0000000e+00   1.6094821e-01   8.3905179e-01
   8.5354170e-01   0.0000000e+00   1.5692474e-01   8.4307526e-01
   8.5425540e-01   0.0000000e+00   1.5773448e-01   8.4226552e-01
   8.4919648e-01   0.0000000e+00   1.5845984e-01   8.4154016e-01
   8.5215939e-01   0.0000000e+00   1.5534037e-01   8.4465963e-01
   8.5324513e-01   0.0000000e+00   1.5589264e-01   8.4410736e-01
   8.5355204e-01   0.0000000e+00   1.5644813e-01   8.4355187e-01
   8.4985720e-01   0.0000000e+00   1.6014959e-01   8.3985041e-01
   8.5365121e-01   0.0000000e+00   1.5648327e-01   8.4351673e-01
   8.4868484e-01   0.0000000e+00   1.5825392e-01   8.4174608e-01
   8.5328790e-01   0.0000000e+00   1.5575851e-01   8.4424149e-01
   8.5396682e-01   0.0000000e+00   1.5747524e-01   8.4252476e-01
