   3.9052901e-01   5.4054832e-02   1.4675019e-01   7.9919498e-01
   3.9070101e-01   5.4031330e-02   1.4640826e-01   7.9956041e-01
   3.9055194e-01   5.4000880e-02   1.4703689e-01   7.9896223e-01
   3.9040769e-01   5.4044643e-02   1.4719730e-01   7.9875806e-01
   3.9061095e-01   5.3924063e-02   1.4724239e-01   7.9883354e-01
   3.9042651e-01   5.4104797e-02   1.4635951e-01   7.9953569e-01
   3.9051575e-01   5.4013022e-02   1.4701453e-01   7.9897245e-01
   3.9058330e-01   5.4227437e-02   1.4484335e-01   8.0092921e-01
   3.9093519e-01   5.3698307e-02   1.4856212e-01   7.9773958e-01
   3.9037482e-01   5.4121097e-02   1.4650238e-01   7.9937653e-01
   3.9027839e-01   5.4166143e-02   1.4598486e-01   7.9984900e-01
   3.9024376e-01   5.4244068e-02   1.4592800e-01   7.9982793e-01
   3.9026691e-01   5.4302433e-02   1.4529057e-01   8.0040700e-01
   3.9052890e-01   5.4058494e-02   1.4632545e-01   7.9961606e-01
   3.9062748e-01   5.4035990e-02   1.4607661e-01   7.9988740e-01
   3.9060316e-01   5.4043976e-02   1.4609631e-01   7.9985971e-01
   3.9031957e-01   5.4059673e-02   1.4718369e-01   7.9875664e-01
   3.9092295e-01   5.3880278e-02   1.4686841e-01   7.9925131e-01
   3.9076542e-01   5.3949163e-02   1.4652147e-01   7.9952936e-01
   3.9056089e-01   5.4022832e-02   1.4644360e-01   7.9953357e-01
   3.9049474e-01   5.4111499e-02   1.4595015e-01   7.9993835e-01
   3.9044779e-01   5.4059471e-02   1.4657665e-01   7.9936388e-01
   3.9060576e-01   5.3971351e-02   1.4667157e-01   7.9935708e-01
   3.9062040e-01   5.3870855e-02   1.4761298e-01   7.9851616e-01
   3.9052404e-01   5.4025201e-02   1.4646657e-01   7.9950823e-01
   3.9059805e-01   5.4028888e-02   1.4614868e-01   7.9982243e-01
   3.9054957e-01   5.3992770e-02   1.4655282e-01   7.9945441e-01
   3.9052332e-01   5.3972136e-02   1.4746775e-01   7.9856012e-01
   3.9048686e-01   5.4197203e-02   1.4519885e-01   8.0060395e-01
   3.9044625e-01   5.4049410e-02   1.4656022e-01   7.9939037e-01
   3.9067598e-01   5.4237790e-02   1.4412465e-01   8.0163756e-01
   3.9098830e-01   5.3757864e-02   1.4731942e-01   7.9892272e-01
   3.9078375e-01   5.3927713e-02   1.4631977e-01   7.9975252e-01
   3.9059309e-01   5.4051174e-02   1.4591750e-01   8.0003133e-01
   3.9059195e-01   5.4081417e-02   1.4565265e-01   8.0026594e-01
   3.9071260e-01   5.4084283e-02   1.4530146e-01   8.0061426e-01
   3.9065268e-01   5.3964545e-02   1.4649964e-01   7.9953582e-01
   3.9064301e-01   5.4047853e-02   1.4578069e-01   8.0017146e-01
   3.9056121e-01   5.4032307e-02   1.4621045e-01   7.9975724e-01
   3.9015578e-01   5.4191989e-02   1.4671009e-01   7.9909792e-01
   3.9055895e-01   5.4007407e-02   1.4631383e-01   7.9967876e-01
   3.9038686e-01   5.4085753e-02   1.4646790e-01   7.9944635e-01
   3.9058423e-01   5.4004863e-02   1.4633132e-01   7.9966382e-01
   3.9051063e-01   5.4187666e-02   1.4509058e-01   8.0072175e-01
   3.9046629e-01   5.3874041e-02   1.4853178e-01   7.9759418e-01
   3.9056240e-01   5.4055677e-02   1.4601848e-01   7.9992584e-01
   3.9056663e-01   5.4092832e-02   1.4555609e-01   8.0035108e-01
   3.9080073e-01   5.3684557e-02   1.4858924e-01   7.9772620e-01
   3.9106280e-01   5.3901196e-02   1.4564282e-01   8.0045598e-01
   3.9069717e-01   5.3855655e-02   1.4717973e-01   7.9896461e-01
   3.9041978e-01   5.4121603e-02   1.4613297e-01   7.9974543e-01
   3.9058278e-01   5.4122666e-02   1.4516800e-01   8.0070934e-01
   3.9043674e-01   5.4062243e-02   1.4622586e-01   7.9971190e-01
   3.9022486e-01   5.4158336e-02   1.4655968e-01   7.9928199e-01
   3.9063373e-01   5.4087533e-02   1.4529910e-01   8.0061336e-01
   3.9065762e-01   5.4097952e-02   1.4522184e-01   8.0068021e-01
   3.9058844e-01   5.4033593e-02   1.4588975e-01   8.0007666e-01
   3.9063057e-01   5.4015952e-02   1.4595583e-01   8.0002822e-01
   3.9059626e-01   5.3880073e-02   1.4727011e-01   7.9884982e-01
   3.9011403e-01   5.4429822e-02   1.4468798e-01   8.0088220e-01
   3.9037708e-01   5.4382278e-02   1.4397424e-01   8.0164348e-01
   3.9056669e-01   5.3999725e-02   1.4606671e-01   7.9993357e-01
   3.9069310e-01   5.4156702e-02   1.4459710e-01   8.0124620e-01
   3.9059555e-01   5.4052564e-02   1.4581569e-01   8.0013175e-01
   3.9061195e-01   5.3881421e-02   1.4716263e-01   7.9895595e-01
   3.9025949e-01   5.4121455e-02   1.4661409e-01   7.9926445e-01
   3.9065542e-01   5.3970950e-02   1.4619062e-01   7.9983843e-01
   3.9020459e-01   5.4333744e-02   1.4472109e-01   8.0094517e-01
   3.9066075e-01   5.3980876e-02   1.4604865e-01   7.9997047e-01
   3.9092977e-01   5.3856416e-02   1.4619007e-01   7.9995351e-01
   3.9065529e-01   5.3959999e-02   1.4690615e-01   7.9913385e-01
   3.9043303e-01   5.4404149e-02   1.4357677e-01   8.0201908e-01
   3.9061319e-01   5.4108215e-02   1.4511158e-01   8.0078020e-01
   3.9062301e-01   5.3987084e-02   1.4596332e-01   8.0004960e-01
   3.9087877e-01   5.3938278e-02   1.4568760e-01   8.0037412e-01
   3.9064883e-01   5.4137314e-02   1.4464231e-01   8.0122038e-01
   3.9046009e-01   5.4351109e-02   1.4347502e-01   8.0217387e-01
   3.9077494e-01   5.4056165e-02   1.4492196e-01   8.0102187e-01
   3.9087063e-01   5.4387945e-02   1.4215642e-01   8.0345564e-01
   3.9065894e-01   5.4029567e-02   1.4558229e-01   8.0038814e-01
   3.9069863e-01   5.4048945e-02   1.4542074e-01   8.0053032e-01
   3.9078872e-01   5.4168724e-02   1.4404049e-01   8.0179078e-01
   3.9028198e-01   5.4101356e-02   1.4621766e-01   7.9968099e-01
   3.9063198e-01   5.3733085e-02   1.4826696e-01   7.9799996e-01
   3.8993850e-01   5.4278965e-02   1.4681843e-01   7.9890261e-01
   3.9077659e-01   5.3541318e-02   1.4963779e-01   7.9682089e-01
   3.9074718e-01   5.3971886e-02   1.4558404e-01   8.0044408e-01
   3.9024280e-01   5.4467272e-02   1.4343127e-01   8.0210146e-01
   3.9078761e-01   5.4080272e-02   1.4463106e-01   8.0128867e-01
   3.9077962e-01   5.4071512e-02   1.4461714e-01   8.0131134e-01
   3.9081935e-01   5.3940565e-02   1.4566589e-01   8.0039354e-01
   3.9109331e-01   5.3889780e-02   1.4588187e-01   8.0022835e-01
   3.9077579e-01   5.4278099e-02   1.4329995e-01   8.0242196e-01
   3.9049915e-01   5.4398880e-02   1.4336050e-01   8.0224062e-01
   3.9061660e-01   5.3804966e-02   1.4725510e-01   7.9893993e-01
   3.9079316e-01   5.4049358e-02   1.4473605e-01   8.0121460e-01
   3.9116513e-01   5.3794342e-02   1.4578312e-01   8.0042254e-01
   3.9116403e-01   5.3727998e-02   1.4637351e-01   7.9989849e-01
   3.9130285e-01   5.3624236e-02   1.4681615e-01   7.9955962e-01
   3.9060438e-01   5.3640174e-02   1.4932808e-01   7.9703175e-01
   3.9077925e-01   5.4117704e-02   1.4410530e-01   8.0177700e-01
   3.9026948e-01   5.4710772e-02   1.4180324e-01   8.0348599e-01
   3.9086360e-01   5.3630385e-02   1.4887797e-01   7.9749164e-01
   3.9081541e-01   5.3953255e-02   1.4603341e-01   8.0001334e-01
   3.9016026e-01   5.3794320e-02   1.5003375e-01   7.9617193e-01
   3.9066850e-01   5.4253801e-02   1.4352111e-01   8.0222509e-01
   3.9055693e-01   5.4404178e-02   1.4312611e-01   8.0246971e-01
   3.9098563e-01   5.3487523e-02   1.4890659e-01   7.9760589e-01
   3.9113636e-01   5.3752916e-02   1.4623678e-01   8.0001030e-01
   3.9092303e-01   5.4086160e-02   1.4448045e-01   8.0143339e-01
   3.9118471e-01   5.3994932e-02   1.4405167e-01   8.0195340e-01
   3.8991388e-01   5.4548986e-02   1.4431589e-01   8.0113512e-01
   3.9093636e-01   5.3630368e-02   1.4774201e-01   7.9862762e-01
   3.9081538e-01   5.4069932e-02   1.4442655e-01   8.0150352e-01
   3.9093370e-01   5.4173035e-02   1.4333612e-01   8.0249085e-01
   3.8988367e-01   5.4656705e-02   1.4297872e-01   8.0236458e-01
   3.9131709e-01   5.3617778e-02   1.4686606e-01   7.9951616e-01
   3.9071042e-01   5.4016853e-02   1.4521033e-01   8.0077282e-01
   3.9081971e-01   5.3976283e-02   1.4519266e-01   8.0083105e-01
   3.9082874e-01   5.4118849e-02   1.4430153e-01   8.0157962e-01
   3.9129668e-01   5.3364606e-02   1.4995982e-01   7.9667557e-01
   3.9088648e-01   5.4023147e-02   1.4431104e-01   8.0166581e-01
   3.9050279e-01   5.4154498e-02   1.4415398e-01   8.0169152e-01
   3.9100570e-01   5.4057809e-02   1.4378438e-01   8.0215781e-01
   3.9080067e-01   5.4177762e-02   1.4328384e-01   8.0253840e-01
   3.9093546e-01   5.3997388e-02   1.4441937e-01   8.0158324e-01
   3.9122858e-01   5.3596630e-02   1.4700885e-01   7.9939452e-01
   3.9116467e-01   5.3878531e-02   1.4473304e-01   8.0138843e-01
   3.9107352e-01   5.4194895e-02   1.4269646e-01   8.0310864e-01
   3.9078255e-01   5.4386188e-02   1.4178344e-01   8.0383037e-01
   3.9083661e-01   5.3321099e-02   1.5108567e-01   7.9559323e-01
   3.9108707e-01   5.4205755e-02   1.4274752e-01   8.0304672e-01
   3.9096996e-01   5.3918204e-02   1.4487807e-01   8.0120373e-01
   3.9055061e-01   5.4562994e-02   1.4176315e-01   8.0367385e-01
   3.9076841e-01   5.4638116e-02   1.4059470e-01   8.0476718e-01
   3.9162568e-01   5.3584258e-02   1.4667999e-01   7.9973575e-01
   3.9063799e-01   5.4608259e-02   1.4110325e-01   8.0428849e-01
   3.9092495e-01   5.4064142e-02   1.4355772e-01   8.0237814e-01
   3.9143239e-01   5.3683551e-02   1.4558181e-01   8.0073464e-01
   3.9116554e-01   5.3917169e-02   1.4412492e-01   8.0195791e-01
   3.9055299e-01   5.4026168e-02   1.4558356e-01   8.0039028e-01
   3.9081875e-01   5.4322114e-02   1.4203218e-01   8.0364571e-01
   3.9101220e-01   5.4135396e-02   1.4286668e-01   8.0299792e-01
   3.9062031e-01   5.4284433e-02   1.4386051e-01   8.0185505e-01
   3.9144234e-01   5.3472825e-02   1.4749038e-01   7.9903680e-01
   3.9094558e-01   5.4002960e-02   1.4440569e-01   8.0159135e-01
   3.9114388e-01   5.4266464e-02   1.4158063e-01   8.0415291e-01
   3.9142012e-01   5.3928603e-02   1.4334346e-01   8.0272793e-01
   3.9134815e-01   5.3443791e-02   1.4720556e-01   7.9935065e-01
   3.9093671e-01   5.4569736e-02   1.3991336e-01   8.0551691e-01
   3.9137807e-01   5.3823117e-02   1.4430517e-01   8.0187172e-01
   3.9068952e-01   5.4436644e-02   1.4130615e-01   8.0425721e-01
   3.9101674e-01   5.3910729e-02   1.4456760e-01   8.0152167e-01
   3.9109805e-01   5.3975816e-02   1.4386730e-01   8.0215688e-01
   3.9139841e-01   5.3700373e-02   1.4525961e-01   8.0104002e-01
   3.9084553e-01   5.3828402e-02   1.4619033e-01   7.9998127e-01
   3.9145275e-01   5.3459907e-02   1.4759326e-01   7.9894683e-01
   3.9110676e-01   5.3968395e-02   1.4374742e-01   8.0228418e-01
   3.9107939e-01   5.4228841e-02   1.4181551e-01   8.0395565e-01
   3.9170533e-01   5.3818702e-02   1.4378789e-01   8.0239341e-01
   3.9088628e-01   5.3210693e-02   1.5143231e-01   7.9535700e-01
   3.9131338e-01   5.3572180e-02   1.4638848e-01   8.0003934e-01
   3.9087297e-01   5.4440565e-02   1.4075333e-01   8.0480610e-01
   3.9160973e-01   5.3970124e-02   1.4311926e-01   8.0291061e-01
   3.9114250e-01   5.3899453e-02   1.4385305e-01   8.0224749e-01
   3.9125946e-01   5.4185997e-02   1.4166334e-01   8.0415066e-01
   3.9071344e-01   5.4727919e-02   1.3991153e-01   8.0536055e-01
   3.9125048e-01   5.3841767e-02   1.4428206e-01   8.0187617e-01
   3.9174923e-01   5.3347535e-02   1.4759510e-01   7.9905736e-01
   3.9149430e-01   5.3889048e-02   1.4317969e-01   8.0293126e-01
   3.9157261e-01   5.3502453e-02   1.4625858e-01   8.0023897e-01
   3.9076317e-01   5.4080264e-02   1.4379688e-01   8.0212286e-01
   3.9124430e-01   5.4263252e-02   1.4114979e-01   8.0458696e-01
   3.9084959e-01   5.4151120e-02   1.4452135e-01   8.0132753e-01
   3.9147854e-01   5.4052518e-02   1.4211517e-01   8.0383231e-01
   3.9103793e-01   5.4516381e-02   1.4022035e-01   8.0526327e-01
   3.9169026e-01   5.3810872e-02   1.4373341e-01   8.0245572e-01
   3.9136452e-01   5.3643265e-02   1.4554531e-01   8.0081142e-01
   3.9067226e-01   5.4241767e-02   1.4312587e-01   8.0263236e-01
   3.9090689e-01   5.4404168e-02   1.4093285e-01   8.0466299e-01
   3.9056943e-01   5.4523259e-02   1.4059377e-01   8.0488298e-01
   3.9142803e-01   5.3355874e-02   1.4799523e-01   7.9864890e-01
   3.9173982e-01   5.3759389e-02   1.4361335e-01   8.0262726e-01
   3.9080835e-01   5.4401920e-02   1.4143070e-01   8.0416738e-01
   3.9087379e-01   5.4565066e-02   1.3945289e-01   8.0598204e-01
   3.9097041e-01   5.4323710e-02   1.4119847e-01   8.0447782e-01
   3.9060217e-01   5.4692985e-02   1.3955961e-01   8.0574740e-01
   3.9165789e-01   5.3719616e-02   1.4380212e-01   8.0247826e-01
   3.9157742e-01   5.3699479e-02   1.4473619e-01   8.0156433e-01
   3.9117250e-01   5.4528786e-02   1.3947615e-01   8.0599506e-01
   3.9159741e-01   5.4100124e-02   1.4144411e-01   8.0445576e-01
   3.9164710e-01   5.3689323e-02   1.4446922e-01   8.0184146e-01
   3.9095687e-01   5.4368691e-02   1.4078535e-01   8.0484596e-01
   3.9063283e-01   5.4649729e-02   1.3960559e-01   8.0574468e-01
   3.9113137e-01   5.3489485e-02   1.4789905e-01   7.9861147e-01
   3.9060103e-01   5.4558104e-02   1.4041235e-01   8.0502954e-01
   3.9136350e-01   5.4361188e-02   1.4022590e-01   8.0541291e-01
   3.9183675e-01   5.3320061e-02   1.4742503e-01   7.9925491e-01
   3.9077862e-01   5.4606373e-02   1.3980812e-01   8.0558551e-01
   3.9185681e-01   5.3903929e-02   1.4231625e-01   8.0377982e-01
   3.9124006e-01   5.4515285e-02   1.3933907e-01   8.0614564e-01
   3.9192942e-01   5.3503912e-02   1.4543170e-01   8.0106439e-01
   3.9113623e-01   5.3576032e-02   1.4609592e-01   8.0032805e-01
   3.9102452e-01   5.3669219e-02   1.4597525e-01   8.0035553e-01
   3.9132590e-01   5.3516366e-02   1.4658576e-01   7.9989788e-01
   3.9048313e-01   5.4497019e-02   1.4151354e-01   8.0398944e-01
   3.9157794e-01   5.3379701e-02   1.4716626e-01   7.9945404e-01
   3.9164451e-01   5.3627270e-02   1.4497057e-01   8.0140217e-01
   3.9106565e-01   5.3779312e-02   1.4486477e-01   8.0135592e-01
   3.9144535e-01   5.3462668e-02   1.4671493e-01   7.9982241e-01
   3.9176757e-01   5.3304364e-02   1.4724504e-01   7.9945060e-01
   3.9077371e-01   5.4287709e-02   1.4217629e-01   8.0353600e-01
   3.9147343e-01   5.3390939e-02   1.4722426e-01   7.9938480e-01
   3.9160085e-01   5.3841776e-02   1.4282814e-01   8.0333008e-01
   3.9135462e-01   5.3479817e-02   1.4670472e-01   7.9981547e-01
   3.9208948e-01   5.3318124e-02   1.4643170e-01   8.0025017e-01
   3.9110497e-01   5.3565665e-02   1.4695421e-01   7.9948012e-01
   3.9225966e-01   5.3612384e-02   1.4397923e-01   8.0240839e-01
   3.9150725e-01   5.3206340e-02   1.4864869e-01   7.9814497e-01
   3.9106306e-01   5.4358001e-02   1.4069801e-01   8.0494399e-01
   3.9123732e-01   5.3671228e-02   1.4518740e-01   8.0114137e-01
   3.9136980e-01   5.3609138e-02   1.4567040e-01   8.0072046e-01
   3.9130558e-01   5.3841329e-02   1.4402559e-01   8.0213309e-01
   3.9137511e-01   5.3758769e-02   1.4431685e-01   8.0192438e-01
   3.9214506e-01   5.3172463e-02   1.4717857e-01   7.9964897e-01
   3.9176395e-01   5.3628754e-02   1.4437791e-01   8.0199333e-01
   3.9134057e-01   5.3819880e-02   1.4393848e-01   8.0224164e-01
   3.9222826e-01   5.3228806e-02   1.4670200e-01   8.0006920e-01
   3.9197042e-01   5.2995877e-02   1.4941833e-01   7.9758579e-01
   3.9133612e-01   5.4079418e-02   1.4206837e-01   8.0385221e-01
   3.9173306e-01   5.3206312e-02   1.4836194e-01   7.9843175e-01
   3.9143217e-01   5.3234097e-02   1.4828018e-01   7.9848572e-01
   3.9179519e-01   5.3199244e-02   1.4745072e-01   7.9935003e-01
   3.9080258e-01   5.4993089e-02   1.3699439e-01   8.0801252e-01
   3.9181999e-01   5.3090587e-02   1.4901022e-01   7.9789920e-01
   3.9162443e-01   5.2814207e-02   1.5205842e-01   7.9512737e-01
   3.9212706e-01   5.3046835e-02   1.4852988e-01   7.9842328e-01
   3.9127893e-01   5.4886760e-02   1.3712887e-01   8.0798437e-01
   3.9085457e-01   5.4020816e-02   1.4340791e-01   8.0257127e-01
   3.9192914e-01   5.2958033e-02   1.4935569e-01   7.9768627e-01
   3.9212159e-01   5.2916175e-02   1.4906455e-01   7.9801928e-01
   3.9079409e-01   5.5212871e-02   1.3534365e-01   8.0944348e-01
   3.9108637e-01   5.4972528e-02   1.3625335e-01   8.0877412e-01
   3.9169086e-01   5.3071668e-02   1.4938464e-01   7.9754369e-01
   3.9165077e-01   5.3067237e-02   1.4917965e-01   7.9775311e-01
   3.9100668e-01   5.4176710e-02   1.4165662e-01   8.0416667e-01
   3.9267480e-01   5.2770502e-02   1.4987976e-01   7.9734974e-01
   3.9192004e-01   5.2927893e-02   1.4991596e-01   7.9715614e-01
   3.9090861e-01   5.3631402e-02   1.4662340e-01   7.9974520e-01
   3.9108448e-01   5.4975709e-02   1.3585160e-01   8.0917269e-01
   3.9154382e-01   5.3094190e-02   1.4954693e-01   7.9735888e-01
   3.9172910e-01   5.2930101e-02   1.5021813e-01   7.9685177e-01
   3.9146785e-01   5.3030417e-02   1.5003731e-01   7.9693227e-01
   3.9236105e-01   5.2690036e-02   1.5080659e-01   7.9650338e-01
   3.9162030e-01   5.2997144e-02   1.4997196e-01   7.9703090e-01
   3.9126529e-01   5.3374035e-02   1.4787650e-01   7.9874947e-01
   3.9180308e-01   5.2822187e-02   1.5116449e-01   7.9601332e-01
   3.9207033e-01   5.2805471e-02   1.5003732e-01   7.9715721e-01
   3.9199056e-01   5.2791960e-02   1.5128147e-01   7.9592657e-01
   3.9184500e-01   5.2908199e-02   1.5082882e-01   7.9626298e-01
   3.9199473e-01   5.2658468e-02   1.5221297e-01   7.9512857e-01
   3.9118195e-01   5.3376552e-02   1.4721752e-01   7.9940593e-01
   3.9166692e-01   5.3912825e-02   1.4163095e-01   8.0445623e-01
   3.9107092e-01   5.3258938e-02   1.4871884e-01   7.9802222e-01
   3.9137910e-01   5.3044878e-02   1.5051897e-01   7.9643615e-01
   3.9183787e-01   5.2692396e-02   1.5141116e-01   7.9589645e-01
   3.9171822e-01   5.2876283e-02   1.5060542e-01   7.9651829e-01
   3.9114508e-01   5.3692566e-02   1.4476289e-01   8.0154454e-01
   3.9120018e-01   5.3310229e-02   1.4842192e-01   7.9826785e-01
   3.9201318e-01   5.2644092e-02   1.5205606e-01   7.9529985e-01
   3.9179200e-01   5.2912730e-02   1.5042158e-01   7.9666569e-01
   3.9191157e-01   5.2773392e-02   1.5139026e-01   7.9583634e-01
   3.9155825e-01   5.2864544e-02   1.5087284e-01   7.9626262e-01
   3.9128144e-01   5.3083998e-02   1.4973626e-01   7.9717974e-01
   3.9126865e-01   5.3064966e-02   1.5029560e-01   7.9663944e-01
   3.9147154e-01   5.2985704e-02   1.5058703e-01   7.9642726e-01
   3.9292451e-01   5.2470758e-02   1.5125590e-01   7.9627335e-01
   3.9239401e-01   5.2416018e-02   1.5287662e-01   7.9470736e-01
   3.9211800e-01   5.2511529e-02   1.5246233e-01   7.9502614e-01
   3.9163125e-01   5.2770079e-02   1.5226468e-01   7.9496524e-01
   3.9162256e-01   5.4000790e-02   1.4098636e-01   8.0501285e-01
   3.9193553e-01   5.2594298e-02   1.5257695e-01   7.9482875e-01
   3.9189878e-01   5.2657065e-02   1.5260376e-01   7.9473918e-01
   3.9242733e-01   5.2388563e-02   1.5347338e-01   7.9413806e-01
   3.9179857e-01   5.2914980e-02   1.5066815e-01   7.9641687e-01
   3.9164686e-01   5.2783577e-02   1.5172194e-01   7.9549448e-01
   3.9149015e-01   5.2860591e-02   1.5117428e-01   7.9596513e-01
   3.9115559e-01   5.3179269e-02   1.4952202e-01   7.9729872e-01
   3.9157245e-01   5.2761230e-02   1.5214943e-01   7.9508934e-01
   3.9232723e-01   5.2457405e-02   1.5319027e-01   7.9435233e-01
   3.9124768e-01   5.3106143e-02   1.5005945e-01   7.9683441e-01
   3.9150836e-01   5.4171110e-02   1.4028077e-01   8.0554812e-01
   3.9172082e-01   5.2608324e-02   1.5278231e-01   7.9460937e-01
   3.9246649e-01   5.2314593e-02   1.5300228e-01   7.9468312e-01
   3.9184740e-01   5.2581366e-02   1.5263188e-01   7.9478676e-01
   3.9116887e-01   5.3066443e-02   1.5059174e-01   7.9634182e-01
   3.9088791e-01   5.3261935e-02   1.4960897e-01   7.9712909e-01
   3.9165041e-01   5.2707390e-02   1.5193111e-01   7.9536150e-01
   3.9126853e-01   5.2974491e-02   1.5124703e-01   7.9577848e-01
   3.9226882e-01   5.2530620e-02   1.5254525e-01   7.9492413e-01
   3.9160945e-01   5.2733280e-02   1.5214971e-01   7.9511701e-01
   3.9202358e-01   5.2893561e-02   1.4983456e-01   7.9727188e-01
   3.9124948e-01   5.2962053e-02   1.5060767e-01   7.9643027e-01
   3.9216805e-01   5.2696623e-02   1.5132404e-01   7.9597934e-01
   3.9192238e-01   5.2607912e-02   1.5297016e-01   7.9442193e-01
   3.9174314e-01   5.2625101e-02   1.5265862e-01   7.9471628e-01
   3.9123957e-01   5.3064362e-02   1.5085236e-01   7.9608327e-01
   3.9251674e-01   5.2334271e-02   1.5393902e-01   7.9372671e-01
   3.9160411e-01   5.2704679e-02   1.5231042e-01   7.9498490e-01
   3.9187440e-01   5.2939951e-02   1.4996941e-01   7.9709063e-01
   3.9149284e-01   5.2769843e-02   1.5201521e-01   7.9521495e-01
   3.9202790e-01   5.2446609e-02   1.5335333e-01   7.9420006e-01
   3.9129268e-01   5.2830831e-02   1.5220386e-01   7.9496531e-01
   3.9134350e-01   5.2865842e-02   1.5161067e-01   7.9552349e-01
   3.9197959e-01   5.3727293e-02   1.4292147e-01   8.0335124e-01
   3.9155706e-01   5.3840705e-02   1.4223124e-01   8.0392805e-01
   3.9184509e-01   5.2501409e-02   1.5325353e-01   7.9424506e-01
   3.9134948e-01   5.2864351e-02   1.5174956e-01   7.9538609e-01
   3.9209771e-01   5.2357216e-02   1.5436287e-01   7.9327991e-01
   3.9213587e-01   5.2347555e-02   1.5443737e-01   7.9321508e-01
   3.9192023e-01   5.2472614e-02   1.5359107e-01   7.9393632e-01
   3.9139515e-01   5.2830084e-02   1.5166701e-01   7.9550291e-01
   3.9233548e-01   5.2551648e-02   1.5218472e-01   7.9526363e-01
   3.9167078e-01   5.2643343e-02   1.5269808e-01   7.9465858e-01
   3.9140158e-01   5.2929917e-02   1.5047937e-01   7.9659072e-01
   3.9268830e-01   5.2420269e-02   1.5237004e-01   7.9520969e-01
   3.9101335e-01   5.3344755e-02   1.4902584e-01   7.9762940e-01
   3.9206444e-01   5.2397372e-02   1.5430364e-01   7.9329899e-01
   3.9177134e-01   5.2491170e-02   1.5356810e-01   7.9394073e-01
   3.9193941e-01   5.2498304e-02   1.5306507e-01   7.9443663e-01
   3.9125900e-01   5.2901309e-02   1.5137010e-01   7.9572859e-01
   3.9155198e-01   5.2706428e-02   1.5216632e-01   7.9512725e-01
   3.9104308e-01   5.3343352e-02   1.4782796e-01   7.9882869e-01
   3.9131653e-01   5.2812096e-02   1.5189751e-01   7.9529040e-01
   3.9179969e-01   5.2471024e-02   1.5403053e-01   7.9349844e-01
   3.9204406e-01   5.2503502e-02   1.5255090e-01   7.9494560e-01
   3.9070497e-01   5.3464975e-02   1.4814323e-01   7.9839179e-01
   3.9262988e-01   5.2286927e-02   1.5410892e-01   7.9360416e-01
   3.9131164e-01   5.2810306e-02   1.5205314e-01   7.9513656e-01
   3.9119277e-01   5.2908985e-02   1.5178495e-01   7.9530606e-01
   3.9263997e-01   5.2331521e-02   1.5355987e-01   7.9410861e-01
   3.9174576e-01   5.2486909e-02   1.5438366e-01   7.9312943e-01
   3.9296819e-01   5.1969571e-02   1.5504458e-01   7.9298585e-01
   3.9071602e-01   5.3369020e-02   1.4944319e-01   7.9718779e-01
   3.9155619e-01   5.2594775e-02   1.5293854e-01   7.9446668e-01
   3.9258752e-01   5.2072906e-02   1.5466339e-01   7.9326370e-01
   3.9250593e-01   5.2144647e-02   1.5457673e-01   7.9327862e-01
   3.9131494e-01   5.2768360e-02   1.5217623e-01   7.9505541e-01
   3.9202333e-01   5.2651520e-02   1.5220456e-01   7.9514392e-01
   3.9197338e-01   5.2333421e-02   1.5451016e-01   7.9315642e-01
   3.9116272e-01   5.2931234e-02   1.5191175e-01   7.9515702e-01
   3.9163878e-01   5.2565073e-02   1.5313787e-01   7.9429706e-01
   3.9181161e-01   5.2388453e-02   1.5420343e-01   7.9340812e-01
   3.9146015e-01   5.3165663e-02   1.4809734e-01   7.9873700e-01
   3.9212909e-01   5.2247220e-02   1.5442739e-01   7.9332539e-01
   3.9130072e-01   5.2771180e-02   1.5250388e-01   7.9472494e-01
   3.9129456e-01   5.2745787e-02   1.5305539e-01   7.9419882e-01
   3.9280421e-01   5.1943751e-02   1.5666878e-01   7.9138747e-01
   3.9181189e-01   5.2425122e-02   1.5384115e-01   7.9373373e-01
   3.9235261e-01   5.2106400e-02   1.5557425e-01   7.9231935e-01
   3.9141331e-01   5.3161764e-02   1.4843755e-01   7.9840068e-01
   3.9105531e-01   5.2973629e-02   1.5112169e-01   7.9590468e-01
   3.9112099e-01   5.2920553e-02   1.5157198e-01   7.9550747e-01
   3.9218556e-01   5.2149972e-02   1.5550765e-01   7.9234238e-01
   3.9085104e-01   5.3107873e-02   1.5123540e-01   7.9565673e-01
   3.9055604e-01   5.3559366e-02   1.4777426e-01   7.9866638e-01
   3.9210093e-01   5.2329686e-02   1.5401370e-01   7.9365662e-01
   3.9088986e-01   5.3097584e-02   1.5081488e-01   7.9608753e-01
   3.9108107e-01   5.2905982e-02   1.5141021e-01   7.9568380e-01
   3.9131398e-01   5.2689971e-02   1.5265517e-01   7.9465486e-01
   3.9101479e-01   5.2949699e-02   1.5118732e-01   7.9586298e-01
   3.9077534e-01   5.3265398e-02   1.4980809e-01   7.9692652e-01
   3.9133567e-01   5.2719160e-02   1.5338243e-01   7.9389841e-01
   3.9221667e-01   5.2648591e-02   1.5155177e-01   7.9579964e-01
   3.9091031e-01   5.3165111e-02   1.5121185e-01   7.9562304e-01
   3.9295772e-01   5.2240656e-02   1.5368785e-01   7.9407149e-01
   3.9340502e-01   5.1787054e-02   1.5668491e-01   7.9152804e-01
   3.9228365e-01   5.2255944e-02   1.5424160e-01   7.9350245e-01
   3.9085714e-01   5.3112633e-02   1.5059086e-01   7.9629650e-01
   3.9177723e-01   5.2689687e-02   1.5168100e-01   7.9562931e-01
   3.9314723e-01   5.2098741e-02   1.5457458e-01   7.9332668e-01
   3.9234050e-01   5.2047022e-02   1.5595703e-01   7.9199594e-01
   3.9059029e-01   5.3442327e-02   1.4921727e-01   7.9734040e-01
   3.9242889e-01   5.2341989e-02   1.5361637e-01   7.9404164e-01
   3.9154401e-01   5.2399942e-02   1.5408145e-01   7.9351861e-01
   3.9238633e-01   5.2198074e-02   1.5408601e-01   7.9371592e-01
   3.9069534e-01   5.3245079e-02   1.4972452e-01   7.9703040e-01
   3.9062971e-01   5.3326156e-02   1.5002215e-01   7.9665169e-01
   3.9083845e-01   5.3111715e-02   1.5157076e-01   7.9531752e-01
   3.9324937e-01   5.1706282e-02   1.5685912e-01   7.9143459e-01
   3.9153020e-01   5.2421008e-02   1.5482696e-01   7.9275203e-01
   3.9068136e-01   5.3172481e-02   1.5080132e-01   7.9602619e-01
   3.9195259e-01   5.2730758e-02   1.5086153e-01   7.9640771e-01
   3.9245977e-01   5.2081976e-02   1.5534038e-01   7.9257764e-01
   3.9075099e-01   5.3084074e-02   1.5055015e-01   7.9636577e-01
   3.9108094e-01   5.2688912e-02   1.5295143e-01   7.9435966e-01
   3.9094900e-01   5.2935282e-02   1.5219293e-01   7.9487179e-01
   3.9064036e-01   5.3272292e-02   1.5000277e-01   7.9672494e-01
   3.9066040e-01   5.3251557e-02   1.5033224e-01   7.9641621e-01
   3.9079357e-01   5.3469496e-02   1.4840124e-01   7.9812926e-01
   3.9204285e-01   5.2427323e-02   1.5312205e-01   7.9445063e-01
   3.9350954e-01   5.1647807e-02   1.5710340e-01   7.9124879e-01
   3.9081265e-01   5.3060845e-02   1.5161554e-01   7.9532362e-01
   3.9273105e-01   5.2159535e-02   1.5345871e-01   7.9438175e-01
   3.9062762e-01   5.3212264e-02   1.5008128e-01   7.9670646e-01
   3.9116559e-01   5.2748863e-02   1.5170784e-01   7.9554330e-01
   3.9060822e-01   5.3254718e-02   1.5128595e-01   7.9545933e-01
   3.9063334e-01   5.3207333e-02   1.5108465e-01   7.9570802e-01
   3.9247798e-01   5.2115967e-02   1.5516811e-01   7.9271593e-01
   3.9059924e-01   5.3443459e-02   1.4899840e-01   7.9755814e-01
   3.9050517e-01   5.3257089e-02   1.4995859e-01   7.9678432e-01
   3.9047452e-01   5.3391692e-02   1.4989392e-01   7.9671439e-01
   3.9051178e-01   5.3325750e-02   1.5012336e-01   7.9655089e-01
   3.9066819e-01   5.3163463e-02   1.5133860e-01   7.9549793e-01
   3.9042063e-01   5.3416917e-02   1.4960091e-01   7.9698218e-01
   3.9059074e-01   5.3178811e-02   1.5139425e-01   7.9542694e-01
   3.9068119e-01   5.3218292e-02   1.5064324e-01   7.9613847e-01
   3.9032223e-01   5.3531065e-02   1.4906497e-01   7.9740397e-01
   3.9024541e-01   5.3822778e-02   1.4773797e-01   7.9843925e-01
   3.9033796e-01   5.3558246e-02   1.4863510e-01   7.9780665e-01
   3.9058163e-01   5.3288914e-02   1.5078944e-01   7.9592164e-01
   3.9029963e-01   5.3701155e-02   1.4825874e-01   7.9804010e-01
   3.9032430e-01   5.3577775e-02   1.4907048e-01   7.9735174e-01
   3.9210961e-01   5.2319539e-02   1.5352454e-01   7.9415592e-01
   3.9033012e-01   5.3533760e-02   1.4900723e-01   7.9745901e-01
   3.9047152e-01   5.3395212e-02   1.4968949e-01   7.9691529e-01
   3.9046207e-01   5.3509045e-02   1.4905736e-01   7.9743360e-01
   3.9042582e-01   5.3322651e-02   1.5006076e-01   7.9661659e-01
   3.9036455e-01   5.3391373e-02   1.4976417e-01   7.9684446e-01
   3.9096405e-01   5.2983718e-02   1.5179914e-01   7.9521714e-01
   3.9033569e-01   5.3754807e-02   1.4788657e-01   7.9835863e-01
   3.9033305e-01   5.3595416e-02   1.4880241e-01   7.9760218e-01
   3.9051430e-01   5.3136054e-02   1.5181308e-01   7.9505087e-01
   3.9025298e-01   5.3598353e-02   1.4820605e-01   7.9819559e-01
   3.9047990e-01   5.3246202e-02   1.5036170e-01   7.9639210e-01
   3.9029648e-01   5.3520535e-02   1.4938088e-01   7.9709858e-01
   3.9030440e-01   5.3481613e-02   1.4956196e-01   7.9695643e-01
   3.9072447e-01   5.3276934e-02   1.5035821e-01   7.9636486e-01
   3.9026991e-01   5.3568633e-02   1.4930722e-01   7.9712414e-01
   3.9037351e-01   5.3307958e-02   1.5035971e-01   7.9633233e-01
   3.9044175e-01   5.3472615e-02   1.4914820e-01   7.9737919e-01
   3.9021390e-01   5.3561689e-02   1.4913421e-01   7.9730410e-01
   3.9017617e-01   5.3703433e-02   1.4861580e-01   7.9768077e-01
   3.9028146e-01   5.3474294e-02   1.4926003e-01   7.9726568e-01
   3.9028316e-01   5.3503111e-02   1.4951740e-01   7.9697949e-01
   3.9023701e-01   5.3572708e-02   1.4888253e-01   7.9754476e-01
   3.9104566e-01   5.3165834e-02   1.4972558e-01   7.9710858e-01
   3.9097953e-01   5.3149804e-02   1.5016253e-01   7.9668766e-01
   3.9020701e-01   5.3591580e-02   1.4873430e-01   7.9767412e-01
   3.9126064e-01   5.2978443e-02   1.5021631e-01   7.9680525e-01
   3.9020009e-01   5.3622576e-02   1.4868156e-01   7.9769587e-01
   3.9094556e-01   5.2930886e-02   1.5205636e-01   7.9501275e-01
   3.9009112e-01   5.3799703e-02   1.4754249e-01   7.9865780e-01
   3.9029288e-01   5.3330669e-02   1.4999805e-01   7.9667128e-01
   3.9025343e-01   5.3513807e-02   1.4994688e-01   7.9653931e-01
   3.9014218e-01   5.3723447e-02   1.4848506e-01   7.9779149e-01
   3.9039368e-01   5.3159742e-02   1.5091056e-01   7.9592970e-01
   3.9016009e-01   5.3653726e-02   1.4836740e-01   7.9797888e-01
   3.9018572e-01   5.3582654e-02   1.4891889e-01   7.9749846e-01
   3.9000252e-01   5.4088852e-02   1.4587656e-01   8.0003459e-01
   3.9026351e-01   5.3469676e-02   1.4957982e-01   7.9695051e-01
   3.9016399e-01   5.3560354e-02   1.4867345e-01   7.9776620e-01
   3.9016366e-01   5.3613708e-02   1.4859788e-01   7.9778841e-01
   3.9024706e-01   5.3807863e-02   1.4718980e-01   7.9900234e-01
   3.9007436e-01   5.3847606e-02   1.4769280e-01   7.9845959e-01
   3.9010593e-01   5.3642566e-02   1.4843589e-01   7.9792154e-01
   3.9013568e-01   5.3642552e-02   1.4832033e-01   7.9803712e-01
   3.9020125e-01   5.3393588e-02   1.4943982e-01   7.9716659e-01
   3.9007283e-01   5.3788257e-02   1.4685977e-01   7.9935197e-01
   3.9010900e-01   5.3642335e-02   1.4826288e-01   7.9809478e-01
   3.9084678e-01   5.2754756e-02   1.5103433e-01   7.9621092e-01
   3.9009107e-01   5.3695718e-02   1.4822960e-01   7.9807468e-01
   3.9006991e-01   5.3729835e-02   1.4804107e-01   7.9822909e-01
   3.9011096e-01   5.3633693e-02   1.4844971e-01   7.9791660e-01
   3.9028430e-01   5.3273042e-02   1.5065367e-01   7.9607329e-01
   3.9023803e-01   5.3434008e-02   1.4985993e-01   7.9670606e-01
   3.9014767e-01   5.3516210e-02   1.4890999e-01   7.9757380e-01
   3.9012951e-01   5.3488090e-02   1.4865660e-01   7.9785531e-01
   3.8999762e-01   5.3919068e-02   1.4727988e-01   7.9880105e-01
   3.9109981e-01   5.2846465e-02   1.5228459e-01   7.9486895e-01
   3.9010870e-01   5.3571955e-02   1.4850150e-01   7.9792655e-01
   3.9098068e-01   5.3125300e-02   1.5034436e-01   7.9653034e-01
   3.9005950e-01   5.3867138e-02   1.4778680e-01   7.9834606e-01
   3.9092468e-01   5.3155991e-02   1.4985904e-01   7.9698497e-01
   3.9000857e-01   5.3801643e-02   1.4758009e-01   7.9861827e-01
   3.9076900e-01   5.3303644e-02   1.4914086e-01   7.9755550e-01
   3.9005579e-01   5.3595897e-02   1.4890445e-01   7.9749965e-01
   3.9006511e-01   5.3650678e-02   1.4840880e-01   7.9794053e-01
   3.9031978e-01   5.3290370e-02   1.5078246e-01   7.9592717e-01
   3.9005276e-01   5.3715804e-02   1.4812802e-01   7.9815617e-01
   3.8994988e-01   5.3873327e-02   1.4750069e-01   7.9862598e-01
   3.9005065e-01   5.3657489e-02   1.4831504e-01   7.9802747e-01
   3.9014992e-01   5.3427704e-02   1.4916181e-01   7.9741049e-01
   3.9004960e-01   5.3659169e-02   1.4821651e-01   7.9812432e-01
   3.9019236e-01   5.3632899e-02   1.4859136e-01   7.9777574e-01
   3.9012474e-01   5.3496122e-02   1.4897865e-01   7.9752522e-01
   3.9045622e-01   5.3445352e-02   1.4876018e-01   7.9779447e-01
   3.9212585e-01   5.2569055e-02   1.5142805e-01   7.9600289e-01
   3.9043558e-01   5.2921597e-02   1.5255315e-01   7.9452525e-01
   3.9021754e-01   5.3700578e-02   1.4816771e-01   7.9813171e-01
   3.9004229e-01   5.3670530e-02   1.4806489e-01   7.9826458e-01
   3.8990987e-01   5.4172521e-02   1.4623416e-01   7.9959332e-01
   3.9019259e-01   5.3761357e-02   1.4816844e-01   7.9807020e-01
   3.9005702e-01   5.3614617e-02   1.4840411e-01   7.9798128e-01
   3.9004562e-01   5.3634343e-02   1.4838697e-01   7.9797869e-01
   3.9043796e-01   5.3253917e-02   1.5034679e-01   7.9639930e-01
   3.9032569e-01   5.3291613e-02   1.5115009e-01   7.9555830e-01
   3.9009425e-01   5.3782453e-02   1.4710884e-01   7.9910871e-01
   3.9002716e-01   5.3611562e-02   1.4768570e-01   7.9870274e-01
   3.9001542e-01   5.3684150e-02   1.4803906e-01   7.9827679e-01
   3.9081693e-01   5.3220247e-02   1.4995773e-01   7.9682203e-01
   3.9004032e-01   5.3581361e-02   1.4843749e-01   7.9798115e-01
   3.9001457e-01   5.3587220e-02   1.4834819e-01   7.9806459e-01
   3.9004172e-01   5.3598458e-02   1.4813356e-01   7.9826799e-01
   3.9047125e-01   5.3531279e-02   1.4894094e-01   7.9752778e-01
   3.8989562e-01   5.4143983e-02   1.4555736e-01   8.0029865e-01
   3.9000535e-01   5.3676003e-02   1.4797121e-01   7.9835279e-01
   3.8999895e-01   5.3601259e-02   1.4887014e-01   7.9752860e-01
   3.9059813e-01   5.3330660e-02   1.4953771e-01   7.9713163e-01
   3.9029463e-01   5.3646623e-02   1.4845994e-01   7.9789343e-01
   3.9000450e-01   5.3656961e-02   1.4802830e-01   7.9831474e-01
   3.8998613e-01   5.3649453e-02   1.4801591e-01   7.9833463e-01
   3.9004361e-01   5.3512602e-02   1.4859251e-01   7.9789489e-01
   3.8999751e-01   5.3586147e-02   1.4861784e-01   7.9779601e-01
   3.8998213e-01   5.3653458e-02   1.4781232e-01   7.9853422e-01
   3.8998422e-01   5.3650681e-02   1.4784302e-01   7.9850630e-01
   3.8997476e-01   5.3650034e-02   1.4779826e-01   7.9855171e-01
   3.9000287e-01   5.3622215e-02   1.4818558e-01   7.9819220e-01
   3.9016671e-01   5.3254910e-02   1.4940338e-01   7.9734171e-01
   3.9004611e-01   5.3474345e-02   1.4907612e-01   7.9744953e-01
   3.9001141e-01   5.3577720e-02   1.4819415e-01   7.9822813e-01
   3.8996734e-01   5.3671351e-02   1.4781364e-01   7.9851501e-01
   3.8998381e-01   5.3574543e-02   1.4690426e-01   7.9952120e-01
   3.9029027e-01   5.3590543e-02   1.4873612e-01   7.9767334e-01
   3.9025052e-01   5.3802893e-02   1.4724182e-01   7.9895529e-01
   3.8995605e-01   5.3552433e-02   1.4797412e-01   7.9847345e-01
   3.9005161e-01   5.3337921e-02   1.4912982e-01   7.9753226e-01
   3.9049131e-01   5.3491377e-02   1.4871171e-01   7.9779691e-01
   3.8995831e-01   5.3582850e-02   1.4794927e-01   7.9846788e-01
   3.8994534e-01   5.3649346e-02   1.4772712e-01   7.9862354e-01
   3.8991246e-01   5.3708756e-02   1.4739740e-01   7.9889384e-01
   3.9004174e-01   5.4183131e-02   1.4499236e-01   8.0082451e-01
   3.8990087e-01   5.3662503e-02   1.4746914e-01   7.9886835e-01
   3.8997138e-01   5.3564188e-02   1.4765697e-01   7.9877884e-01
   3.8995931e-01   5.3580849e-02   1.4774658e-01   7.9867257e-01
   3.9001657e-01   5.3390789e-02   1.4929267e-01   7.9731654e-01
   3.8994244e-01   5.3570032e-02   1.4768533e-01   7.9874464e-01
   3.8997205e-01   5.3533176e-02   1.4798775e-01   7.9847907e-01
   3.9003011e-01   5.3939686e-02   1.4704857e-01   7.9901174e-01
   3.9050710e-01   5.3319230e-02   1.4963685e-01   7.9704392e-01
   3.8991573e-01   5.3631084e-02   1.4767342e-01   7.9869549e-01
   3.8995075e-01   5.3594936e-02   1.4767089e-01   7.9873417e-01
   3.8977892e-01   5.4116924e-02   1.4572404e-01   8.0015904e-01
   3.8985931e-01   5.3692926e-02   1.4688225e-01   7.9942482e-01
   3.9101794e-01   5.3039217e-02   1.5036003e-01   7.9660076e-01
   3.8993097e-01   5.3465773e-02   1.4822096e-01   7.9831327e-01
   3.8987143e-01   5.3680075e-02   1.4736700e-01   7.9895293e-01
   3.8988721e-01   5.3571301e-02   1.4740897e-01   7.9901973e-01
   3.9006827e-01   5.2999531e-02   1.4983336e-01   7.9716711e-01
   3.8991579e-01   5.3549410e-02   1.4761306e-01   7.9883753e-01
   3.8987436e-01   5.3683802e-02   1.4712875e-01   7.9918745e-01
   3.8988606e-01   5.3681099e-02   1.4727490e-01   7.9904400e-01
   3.9001780e-01   5.3408185e-02   1.4772804e-01   7.9886377e-01
   3.8990070e-01   5.3493430e-02   1.4763094e-01   7.9887563e-01
   3.9057112e-01   5.3474784e-02   1.4875221e-01   7.9777300e-01
   3.8993512e-01   5.3443220e-02   1.4792454e-01   7.9863224e-01
   3.9063289e-01   5.3188795e-02   1.5017836e-01   7.9663285e-01
   3.9038454e-01   5.3737667e-02   1.4835421e-01   7.9790812e-01
   3.8970358e-01   5.4158314e-02   1.4377560e-01   8.0206609e-01
   3.8985971e-01   5.3620332e-02   1.4715320e-01   7.9922647e-01
   3.8985194e-01   5.3684915e-02   1.4697328e-01   7.9934181e-01
   3.8996239e-01   5.3394483e-02   1.4804544e-01   7.9856008e-01
   3.9052739e-01   5.3349305e-02   1.4969845e-01   7.9695224e-01
   3.8990691e-01   5.3503682e-02   1.4742137e-01   7.9907495e-01
   3.8974442e-01   5.3577703e-02   1.4619056e-01   8.0023173e-01
   3.9040934e-01   5.3180782e-02   1.5122195e-01   7.9559726e-01
   3.8989976e-01   5.3585093e-02   1.4679249e-01   7.9962241e-01
   3.8985493e-01   5.3580261e-02   1.4723937e-01   7.9918037e-01
   3.8948525e-01   5.4447732e-02   1.4228815e-01   8.0326412e-01
   3.9045372e-01   5.3421368e-02   1.4885891e-01   7.9771973e-01
   3.9044672e-01   5.3433059e-02   1.4847239e-01   7.9809455e-01
   3.9056704e-01   5.3212273e-02   1.5022569e-01   7.9656204e-01
   3.8992646e-01   5.3311812e-02   1.4847725e-01   7.9821094e-01
   3.8943882e-01   5.4438930e-02   1.4267457e-01   8.0288650e-01
   3.8982939e-01   5.3579077e-02   1.4663177e-01   7.9978916e-01
   3.8990123e-01   5.3426734e-02   1.4749075e-01   7.9908252e-01
   3.9047134e-01   5.3470527e-02   1.4828463e-01   7.9824484e-01
   3.9057848e-01   5.3438672e-02   1.4877693e-01   7.9778440e-01
   3.9048247e-01   5.3400775e-02   1.4951647e-01   7.9708275e-01
   3.9025757e-01   5.3659302e-02   1.4769277e-01   7.9864793e-01
   3.9053393e-01   5.3263414e-02   1.4977120e-01   7.9696538e-01
   3.8979733e-01   5.3623528e-02   1.4721951e-01   7.9915697e-01
   3.9047424e-01   5.3352495e-02   1.4904116e-01   7.9760635e-01
   3.8988193e-01   5.3515105e-02   1.4717105e-01   7.9931384e-01
   3.8988035e-01   5.3452712e-02   1.4723732e-01   7.9930997e-01
   3.8985021e-01   5.3569922e-02   1.4690490e-01   7.9952518e-01
   3.8987405e-01   5.3543625e-02   1.4717848e-01   7.9927789e-01
   3.8992068e-01   5.3369043e-02   1.4769008e-01   7.9894088e-01
   3.9052737e-01   5.3211459e-02   1.4913849e-01   7.9765006e-01
   3.8984580e-01   5.3630331e-02   1.4678236e-01   7.9958731e-01
   3.9038067e-01   5.3550442e-02   1.4800008e-01   7.9844948e-01
   3.9223262e-01   5.4017060e-02   1.3918004e-01   8.0680290e-01
   3.8987450e-01   5.3426595e-02   1.4730071e-01   7.9927269e-01
   3.9024919e-01   5.2360308e-02   1.5192222e-01   7.9571747e-01
   3.8996657e-01   5.3317043e-02   1.4790804e-01   7.9877492e-01
   3.8991684e-01   5.3236303e-02   1.4868481e-01   7.9807889e-01
   3.9090412e-01   5.3149486e-02   1.4944661e-01   7.9740391e-01
   3.8993841e-01   5.3582669e-02   1.4635322e-01   8.0006411e-01
   3.8985463e-01   5.3435487e-02   1.4690511e-01   7.9965940e-01
   3.8987829e-01   5.3423214e-02   1.4743320e-01   7.9914358e-01
   3.9108207e-01   5.2899852e-02   1.5110063e-01   7.9599952e-01
   3.8989755e-01   5.3361139e-02   1.4747809e-01   7.9916077e-01
   3.9096701e-01   5.3138023e-02   1.4925374e-01   7.9760823e-01
   3.8984682e-01   5.3542644e-02   1.4675641e-01   7.9970094e-01
   3.9006530e-01   5.3158846e-02   1.4846410e-01   7.9837705e-01
