   9.9524506e-01   0.0000000e+00   3.8365578e-01   6.1634422e-01
   9.9524633e-01   0.0000000e+00   3.8331485e-01   6.1668515e-01
   9.9524634e-01   0.0000000e+00   3.8316775e-01   6.1683225e-01
   9.9524640e-01   0.0000000e+00   3.8372977e-01   6.1627023e-01
   9.9524710e-01   0.0000000e+00   3.8299306e-01   6.1700694e-01
   9.9524758e-01   0.0000000e+00   3.8331953e-01   6.1668047e-01
   9.9524759e-01   0.0000000e+00   3.8309515e-01   6.1690485e-01
   9.9524775e-01   0.0000000e+00   3.8315934e-01   6.1684066e-01
   9.9524788e-01   0.0000000e+00   3.8291293e-01   6.1708707e-01
   9.9524793e-01   0.0000000e+00   3.8319890e-01   6.1680110e-01
   9.9524799e-01   0.0000000e+00   3.8339052e-01   6.1660948e-01
   9.9524803e-01   0.0000000e+00   3.8346257e-01   6.1653743e-01
   9.9524812e-01   0.0000000e+00   3.8347933e-01   6.1652067e-01
   9.9524818e-01   0.0000000e+00   3.8275529e-01   6.1724471e-01
   9.9524818e-01   0.0000000e+00   3.8300037e-01   6.1699963e-01
   9.9524861e-01   0.0000000e+00   3.8241623e-01   6.1758377e-01
   9.9524875e-01   0.0000000e+00   3.8330741e-01   6.1669259e-01
   9.9524942e-01   0.0000000e+00   3.8222061e-01   6.1777939e-01
   9.9524942e-01   0.0000000e+00   3.8282463e-01   6.1717537e-01
   9.9524942e-01   0.0000000e+00   3.8305292e-01   6.1694708e-01
   9.9524949e-01   0.0000000e+00   3.8256150e-01   6.1743850e-01
   9.9524956e-01   0.0000000e+00   3.8282012e-01   6.1717988e-01
   9.9524959e-01   0.0000000e+00   3.8300440e-01   6.1699560e-01
   9.9524966e-01   0.0000000e+00   3.8226195e-01   6.1773805e-01
   9.9524983e-01   0.0000000e+00   3.8296593e-01   6.1703407e-01
   9.9524988e-01   0.0000000e+00   3.8300015e-01   6.1699985e-01
   9.9524999e-01   0.0000000e+00   3.8216153e-01   6.1783847e-01
   9.9525003e-01   0.0000000e+00   3.8290599e-01   6.1709401e-01
   9.9525008e-01   0.0000000e+00   3.8237621e-01   6.1762379e-01
   9.9525019e-01   0.0000000e+00   3.8231988e-01   6.1768012e-01
   9.9525029e-01   0.0000000e+00   3.8221309e-01   6.1778691e-01
   9.9525031e-01   0.0000000e+00   3.8300883e-01   6.1699117e-01
   9.9525046e-01   0.0000000e+00   3.8182782e-01   6.1817218e-01
   9.9525060e-01   0.0000000e+00   3.8172135e-01   6.1827865e-01
   9.9525065e-01   0.0000000e+00   3.8238866e-01   6.1761134e-01
   9.9525076e-01   0.0000000e+00   3.8386687e-01   6.1613313e-01
   9.9525077e-01   0.0000000e+00   3.8310268e-01   6.1689732e-01
   9.9525080e-01   0.0000000e+00   3.8194112e-01   6.1805888e-01
   9.9525096e-01   0.0000000e+00   3.8164083e-01   6.1835917e-01
   9.9525113e-01   0.0000000e+00   3.8233930e-01   6.1766070e-01
   9.9525124e-01   0.0000000e+00   3.8327387e-01   6.1672613e-01
   9.9525132e-01   0.0000000e+00   3.8184920e-01   6.1815080e-01
   9.9525134e-01   0.0000000e+00   3.8284361e-01   6.1715639e-01
   9.9525137e-01   0.0000000e+00   3.8192727e-01   6.1807273e-01
   9.9525140e-01   0.0000000e+00   3.8188850e-01   6.1811150e-01
   9.9525142e-01   0.0000000e+00   3.8278501e-01   6.1721499e-01
   9.9525148e-01   0.0000000e+00   3.8193879e-01   6.1806121e-01
   9.9525173e-01   0.0000000e+00   3.8283135e-01   6.1716865e-01
   9.9525205e-01   0.0000000e+00   3.8301362e-01   6.1698638e-01
   9.9525213e-01   0.0000000e+00   3.8400867e-01   6.1599133e-01
   9.9525256e-01   0.0000000e+00   3.8120094e-01   6.1879906e-01
   9.9525257e-01   0.0000000e+00   3.8142923e-01   6.1857077e-01
   9.9525272e-01   0.0000000e+00   3.8180982e-01   6.1819018e-01
   9.9525292e-01   0.0000000e+00   3.8163382e-01   6.1836618e-01
   9.9525320e-01   0.0000000e+00   3.8135300e-01   6.1864700e-01
   9.9525327e-01   0.0000000e+00   3.8143652e-01   6.1856348e-01
   9.9525339e-01   0.0000000e+00   3.8109176e-01   6.1890824e-01
   9.9525341e-01   0.0000000e+00   3.8083366e-01   6.1916634e-01
   9.9525345e-01   0.0000000e+00   3.8113110e-01   6.1886890e-01
   9.9525353e-01   0.0000000e+00   3.8156624e-01   6.1843376e-01
   9.9525380e-01   0.0000000e+00   3.8123660e-01   6.1876340e-01
   9.9525396e-01   0.0000000e+00   3.8244021e-01   6.1755979e-01
   9.9525417e-01   0.0000000e+00   3.8070314e-01   6.1929686e-01
   9.9525420e-01   0.0000000e+00   3.8056915e-01   6.1943085e-01
   9.9525434e-01   0.0000000e+00   3.8320450e-01   6.1679550e-01
   9.9525439e-01   0.0000000e+00   3.8131171e-01   6.1868829e-01
   9.9525459e-01   0.0000000e+00   3.8148340e-01   6.1851660e-01
   9.9525477e-01   0.0000000e+00   3.8146761e-01   6.1853239e-01
   9.9525478e-01   0.0000000e+00   3.8177748e-01   6.1822252e-01
   9.9525503e-01   0.0000000e+00   3.8034091e-01   6.1965909e-01
   9.9525504e-01   0.0000000e+00   3.8082240e-01   6.1917760e-01
   9.9525511e-01   0.0000000e+00   3.8137939e-01   6.1862061e-01
   9.9525515e-01   0.0000000e+00   3.8141157e-01   6.1858843e-01
   9.9525523e-01   0.0000000e+00   3.8059096e-01   6.1940904e-01
   9.9525538e-01   0.0000000e+00   3.8046994e-01   6.1953006e-01
   9.9525542e-01   0.0000000e+00   3.8152060e-01   6.1847940e-01
   9.9525555e-01   0.0000000e+00   3.8290426e-01   6.1709574e-01
   9.9525559e-01   0.0000000e+00   3.8202778e-01   6.1797222e-01
   9.9525562e-01   0.0000000e+00   3.8011785e-01   6.1988215e-01
   9.9525568e-01   0.0000000e+00   3.8432192e-01   6.1567808e-01
   9.9525584e-01   0.0000000e+00   3.8059044e-01   6.1940956e-01
   9.9525592e-01   0.0000000e+00   3.8030910e-01   6.1969090e-01
   9.9525596e-01   0.0000000e+00   3.8042976e-01   6.1957024e-01
   9.9525617e-01   0.0000000e+00   3.8042756e-01   6.1957244e-01
   9.9525621e-01   0.0000000e+00   3.8005035e-01   6.1994965e-01
   9.9525707e-01   0.0000000e+00   3.8052116e-01   6.1947884e-01
   9.9525716e-01   0.0000000e+00   3.8052013e-01   6.1947987e-01
   9.9525763e-01   0.0000000e+00   3.8021966e-01   6.1978034e-01
   9.9525800e-01   0.0000000e+00   3.7957574e-01   6.2042426e-01
   9.9525806e-01   0.0000000e+00   3.7982122e-01   6.2017878e-01
   9.9525816e-01   0.0000000e+00   3.7964848e-01   6.2035152e-01
   9.9525831e-01   0.0000000e+00   3.8001102e-01   6.1998898e-01
   9.9525847e-01   0.0000000e+00   3.8166766e-01   6.1833234e-01
   9.9525854e-01   0.0000000e+00   3.8059975e-01   6.1940025e-01
   9.9525873e-01   0.0000000e+00   3.7929728e-01   6.2070272e-01
   9.9525891e-01   0.0000000e+00   3.8026731e-01   6.1973269e-01
   9.9525925e-01   0.0000000e+00   3.7914487e-01   6.2085513e-01
   9.9525932e-01   0.0000000e+00   3.7930227e-01   6.2069773e-01
   9.9525937e-01   0.0000000e+00   3.7937382e-01   6.2062618e-01
   9.9525963e-01   0.0000000e+00   3.8106109e-01   6.1893891e-01
   9.9526015e-01   0.0000000e+00   3.7933116e-01   6.2066884e-01
   9.9526021e-01   0.0000000e+00   3.7995420e-01   6.2004580e-01
   9.9526026e-01   0.0000000e+00   3.7917036e-01   6.2082964e-01
   9.9526102e-01   0.0000000e+00   3.7908630e-01   6.2091370e-01
   9.9526124e-01   0.0000000e+00   3.7914310e-01   6.2085690e-01
   9.9526169e-01   0.0000000e+00   3.7929963e-01   6.2070037e-01
   9.9526190e-01   0.0000000e+00   3.7874154e-01   6.2125846e-01
   9.9526212e-01   0.0000000e+00   3.7911596e-01   6.2088404e-01
   9.9526246e-01   0.0000000e+00   3.7851160e-01   6.2148840e-01
   9.9526264e-01   0.0000000e+00   3.7963070e-01   6.2036930e-01
   9.9526279e-01   0.0000000e+00   3.7860068e-01   6.2139932e-01
   9.9526282e-01   0.0000000e+00   3.7921888e-01   6.2078112e-01
   9.9526291e-01   0.0000000e+00   3.7813959e-01   6.2186041e-01
   9.9526457e-01   0.0000000e+00   3.7837013e-01   6.2162987e-01
   9.9526489e-01   0.0000000e+00   3.7865799e-01   6.2134201e-01
   9.9526541e-01   0.0000000e+00   3.7757601e-01   6.2242399e-01
   9.9526640e-01   0.0000000e+00   3.7875159e-01   6.2124841e-01
   9.9526659e-01   0.0000000e+00   3.8113967e-01   6.1886033e-01
   9.9526666e-01   0.0000000e+00   3.7803289e-01   6.2196711e-01
   9.9526667e-01   0.0000000e+00   3.7763279e-01   6.2236721e-01
   9.9526728e-01   0.0000000e+00   3.7778713e-01   6.2221287e-01
   9.9526803e-01   0.0000000e+00   3.7721881e-01   6.2278119e-01
   9.9526845e-01   0.0000000e+00   3.7712575e-01   6.2287425e-01
   9.9526861e-01   0.0000000e+00   3.7813939e-01   6.2186061e-01
   9.9526865e-01   0.0000000e+00   3.8143917e-01   6.1856083e-01
   9.9526866e-01   0.0000000e+00   3.7758059e-01   6.2241941e-01
   9.9526888e-01   0.0000000e+00   3.7833064e-01   6.2166936e-01
   9.9526907e-01   0.0000000e+00   3.7817626e-01   6.2182374e-01
   9.9526925e-01   0.0000000e+00   3.7818576e-01   6.2181424e-01
   9.9526966e-01   0.0000000e+00   3.7708795e-01   6.2291205e-01
   9.9526971e-01   0.0000000e+00   3.7655325e-01   6.2344675e-01
   9.9526990e-01   0.0000000e+00   3.7720380e-01   6.2279620e-01
   9.9527016e-01   0.0000000e+00   3.7927158e-01   6.2072842e-01
   9.9527035e-01   0.0000000e+00   3.7718101e-01   6.2281899e-01
   9.9527041e-01   0.0000000e+00   3.7821886e-01   6.2178114e-01
   9.9527074e-01   0.0000000e+00   3.7765803e-01   6.2234197e-01
   9.9527110e-01   0.0000000e+00   3.7839139e-01   6.2160861e-01
   9.9527120e-01   0.0000000e+00   3.7661662e-01   6.2338338e-01
   9.9527138e-01   0.0000000e+00   3.7737721e-01   6.2262279e-01
   9.9527147e-01   0.0000000e+00   3.7705395e-01   6.2294605e-01
   9.9527175e-01   0.0000000e+00   3.7674834e-01   6.2325166e-01
   9.9527185e-01   0.0000000e+00   3.7678048e-01   6.2321952e-01
   9.9527207e-01   0.0000000e+00   3.7687967e-01   6.2312033e-01
   9.9527261e-01   0.0000000e+00   3.7720161e-01   6.2279839e-01
   9.9527289e-01   0.0000000e+00   3.7724256e-01   6.2275744e-01
   9.9527329e-01   0.0000000e+00   3.7732106e-01   6.2267894e-01
   9.9527335e-01   0.0000000e+00   3.7719882e-01   6.2280118e-01
   9.9527364e-01   0.0000000e+00   3.7763704e-01   6.2236296e-01
   9.9527384e-01   0.0000000e+00   3.7691103e-01   6.2308897e-01
   9.9527394e-01   0.0000000e+00   3.7574391e-01   6.2425609e-01
   9.9527397e-01   0.0000000e+00   3.7633891e-01   6.2366109e-01
   9.9527404e-01   0.0000000e+00   3.7725200e-01   6.2274800e-01
   9.9527411e-01   0.0000000e+00   3.7743344e-01   6.2256656e-01
   9.9527419e-01   0.0000000e+00   3.7648359e-01   6.2351641e-01
   9.9527424e-01   0.0000000e+00   3.7658269e-01   6.2341731e-01
   9.9527439e-01   0.0000000e+00   3.7766401e-01   6.2233599e-01
   9.9527482e-01   0.0000000e+00   3.7676363e-01   6.2323637e-01
   9.9527482e-01   0.0000000e+00   3.7770563e-01   6.2229437e-01
   9.9527532e-01   0.0000000e+00   3.7670855e-01   6.2329145e-01
   9.9527539e-01   0.0000000e+00   3.7751358e-01   6.2248642e-01
   9.9527558e-01   0.0000000e+00   3.7739422e-01   6.2260578e-01
   9.9527569e-01   0.0000000e+00   3.7720043e-01   6.2279957e-01
   9.9527573e-01   0.0000000e+00   3.7761530e-01   6.2238470e-01
   9.9527593e-01   0.0000000e+00   3.7728606e-01   6.2271394e-01
   9.9527599e-01   0.0000000e+00   3.7704080e-01   6.2295920e-01
   9.9527619e-01   0.0000000e+00   3.7649068e-01   6.2350932e-01
   9.9527631e-01   0.0000000e+00   3.7723107e-01   6.2276893e-01
   9.9527662e-01   0.0000000e+00   3.7692882e-01   6.2307118e-01
   9.9527697e-01   0.0000000e+00   3.7757800e-01   6.2242200e-01
   9.9527701e-01   0.0000000e+00   3.7835291e-01   6.2164709e-01
   9.9527704e-01   0.0000000e+00   3.7919307e-01   6.2080693e-01
   9.9527723e-01   0.0000000e+00   3.7756928e-01   6.2243072e-01
   9.9527765e-01   0.0000000e+00   3.7673415e-01   6.2326585e-01
   9.9527785e-01   0.0000000e+00   3.7655651e-01   6.2344349e-01
   9.9527788e-01   0.0000000e+00   3.7671964e-01   6.2328036e-01
   9.9527822e-01   0.0000000e+00   3.7623357e-01   6.2376643e-01
   9.9527823e-01   0.0000000e+00   3.7691941e-01   6.2308059e-01
   9.9527831e-01   0.0000000e+00   3.7575757e-01   6.2424243e-01
   9.9527840e-01   0.0000000e+00   3.7664284e-01   6.2335716e-01
   9.9527861e-01   0.0000000e+00   3.7686772e-01   6.2313228e-01
   9.9527879e-01   0.0000000e+00   3.7724400e-01   6.2275600e-01
   9.9527886e-01   0.0000000e+00   3.7678906e-01   6.2321094e-01
   9.9527946e-01   0.0000000e+00   3.7661772e-01   6.2338228e-01
   9.9527954e-01   0.0000000e+00   3.7627864e-01   6.2372136e-01
   9.9527958e-01   0.0000000e+00   3.7697462e-01   6.2302538e-01
   9.9527962e-01   0.0000000e+00   3.7615081e-01   6.2384919e-01
   9.9527975e-01   0.0000000e+00   3.7782084e-01   6.2217916e-01
   9.9528030e-01   0.0000000e+00   3.7627258e-01   6.2372742e-01
   9.9528037e-01   0.0000000e+00   3.7765539e-01   6.2234461e-01
   9.9528047e-01   0.0000000e+00   3.7704318e-01   6.2295682e-01
   9.9528067e-01   0.0000000e+00   3.7658910e-01   6.2341090e-01
   9.9528069e-01   0.0000000e+00   3.7683403e-01   6.2316597e-01
   9.9528103e-01   0.0000000e+00   3.7484592e-01   6.2515408e-01
   9.9528114e-01   0.0000000e+00   3.7676472e-01   6.2323528e-01
   9.9528144e-01   0.0000000e+00   3.7671637e-01   6.2328363e-01
   9.9528169e-01   0.0000000e+00   3.7685252e-01   6.2314748e-01
   9.9528210e-01   0.0000000e+00   3.7724269e-01   6.2275731e-01
   9.9528224e-01   0.0000000e+00   3.7634809e-01   6.2365191e-01
   9.9528245e-01   0.0000000e+00   3.7609940e-01   6.2390060e-01
   9.9528316e-01   0.0000000e+00   3.7712095e-01   6.2287905e-01
   9.9528338e-01   0.0000000e+00   3.7566486e-01   6.2433514e-01
   9.9528384e-01   0.0000000e+00   3.7659627e-01   6.2340373e-01
   9.9528453e-01   0.0000000e+00   3.7662871e-01   6.2337129e-01
   9.9528562e-01   0.0000000e+00   3.7644048e-01   6.2355952e-01
   9.9528579e-01   0.0000000e+00   3.7444256e-01   6.2555744e-01
   9.9528584e-01   0.0000000e+00   3.7672053e-01   6.2327947e-01
   9.9528644e-01   0.0000000e+00   3.7555840e-01   6.2444160e-01
   9.9528696e-01   0.0000000e+00   3.7569645e-01   6.2430355e-01
   9.9528699e-01   0.0000000e+00   3.7728757e-01   6.2271243e-01
   9.9528707e-01   0.0000000e+00   3.7740232e-01   6.2259768e-01
   9.9528762e-01   0.0000000e+00   3.7756803e-01   6.2243197e-01
   9.9528795e-01   0.0000000e+00   3.7628240e-01   6.2371760e-01
   9.9528808e-01   0.0000000e+00   3.7457402e-01   6.2542598e-01
   9.9528832e-01   0.0000000e+00   3.7473148e-01   6.2526852e-01
   9.9528846e-01   0.0000000e+00   3.7682521e-01   6.2317479e-01
   9.9528846e-01   0.0000000e+00   3.7691122e-01   6.2308878e-01
   9.9528855e-01   0.0000000e+00   3.7916702e-01   6.2083298e-01
   9.9528858e-01   0.0000000e+00   3.7618682e-01   6.2381318e-01
   9.9528880e-01   0.0000000e+00   3.7881697e-01   6.2118303e-01
   9.9528908e-01   0.0000000e+00   3.7646810e-01   6.2353190e-01
   9.9528946e-01   0.0000000e+00   3.7912320e-01   6.2087680e-01
   9.9528954e-01   0.0000000e+00   3.7638264e-01   6.2361736e-01
   9.9528974e-01   0.0000000e+00   3.7721190e-01   6.2278810e-01
   9.9528984e-01   0.0000000e+00   3.7630432e-01   6.2369568e-01
   9.9528992e-01   0.0000000e+00   3.7907120e-01   6.2092880e-01
   9.9529001e-01   0.0000000e+00   3.7612406e-01   6.2387594e-01
   9.9529029e-01   0.0000000e+00   3.7614493e-01   6.2385507e-01
   9.9529050e-01   0.0000000e+00   3.7582825e-01   6.2417175e-01
   9.9529069e-01   0.0000000e+00   3.7659772e-01   6.2340228e-01
   9.9529075e-01   0.0000000e+00   3.7633161e-01   6.2366839e-01
   9.9529101e-01   0.0000000e+00   3.7731678e-01   6.2268322e-01
   9.9529111e-01   0.0000000e+00   3.7835006e-01   6.2164994e-01
   9.9529134e-01   0.0000000e+00   3.7656541e-01   6.2343459e-01
   9.9529145e-01   0.0000000e+00   3.7663035e-01   6.2336965e-01
   9.9529147e-01   0.0000000e+00   3.7650461e-01   6.2349539e-01
   9.9529153e-01   0.0000000e+00   3.7470070e-01   6.2529930e-01
   9.9529181e-01   0.0000000e+00   3.7662901e-01   6.2337099e-01
   9.9529217e-01   0.0000000e+00   3.7808343e-01   6.2191657e-01
   9.9529221e-01   0.0000000e+00   3.7662574e-01   6.2337426e-01
   9.9529240e-01   0.0000000e+00   3.7733631e-01   6.2266369e-01
   9.9529246e-01   0.0000000e+00   3.7802100e-01   6.2197900e-01
   9.9529289e-01   0.0000000e+00   3.7617315e-01   6.2382685e-01
   9.9529302e-01   0.0000000e+00   3.7697364e-01   6.2302636e-01
   9.9529321e-01   0.0000000e+00   3.7529443e-01   6.2470557e-01
   9.9529354e-01   0.0000000e+00   3.7610130e-01   6.2389870e-01
   9.9529358e-01   0.0000000e+00   3.7604919e-01   6.2395081e-01
   9.9529363e-01   0.0000000e+00   3.7744917e-01   6.2255083e-01
   9.9529366e-01   0.0000000e+00   3.7580774e-01   6.2419226e-01
   9.9529388e-01   0.0000000e+00   3.7639644e-01   6.2360356e-01
   9.9529422e-01   0.0000000e+00   3.7583716e-01   6.2416284e-01
   9.9529423e-01   0.0000000e+00   3.7544179e-01   6.2455821e-01
   9.9529449e-01   0.0000000e+00   3.7580863e-01   6.2419137e-01
   9.9529451e-01   0.0000000e+00   3.7634812e-01   6.2365188e-01
   9.9529454e-01   0.0000000e+00   3.7646550e-01   6.2353450e-01
   9.9529458e-01   0.0000000e+00   3.7643304e-01   6.2356696e-01
   9.9529492e-01   0.0000000e+00   3.7522655e-01   6.2477345e-01
   9.9529529e-01   0.0000000e+00   3.7607442e-01   6.2392558e-01
   9.9529533e-01   0.0000000e+00   3.7670633e-01   6.2329367e-01
   9.9529540e-01   0.0000000e+00   3.7675995e-01   6.2324005e-01
   9.9529548e-01   0.0000000e+00   3.7756104e-01   6.2243896e-01
   9.9529569e-01   0.0000000e+00   3.7795104e-01   6.2204896e-01
   9.9529589e-01   0.0000000e+00   3.7623475e-01   6.2376525e-01
   9.9529601e-01   0.0000000e+00   3.7685349e-01   6.2314651e-01
   9.9529601e-01   0.0000000e+00   3.7861708e-01   6.2138292e-01
   9.9529610e-01   0.0000000e+00   3.7479673e-01   6.2520327e-01
   9.9529614e-01   0.0000000e+00   3.7435457e-01   6.2564543e-01
   9.9529626e-01   0.0000000e+00   3.7551196e-01   6.2448804e-01
   9.9529646e-01   0.0000000e+00   3.7545782e-01   6.2454218e-01
   9.9529649e-01   0.0000000e+00   3.7433940e-01   6.2566060e-01
   9.9529669e-01   0.0000000e+00   3.7591007e-01   6.2408993e-01
   9.9529675e-01   0.0000000e+00   3.7531600e-01   6.2468400e-01
   9.9529686e-01   0.0000000e+00   3.7634166e-01   6.2365834e-01
   9.9529694e-01   0.0000000e+00   3.7915004e-01   6.2084996e-01
   9.9529714e-01   0.0000000e+00   3.7649594e-01   6.2350406e-01
   9.9529716e-01   0.0000000e+00   3.7727994e-01   6.2272006e-01
   9.9529734e-01   0.0000000e+00   3.7866089e-01   6.2133911e-01
   9.9529747e-01   0.0000000e+00   3.7582034e-01   6.2417966e-01
   9.9529756e-01   0.0000000e+00   3.7628414e-01   6.2371586e-01
   9.9529785e-01   0.0000000e+00   3.7514305e-01   6.2485695e-01
   9.9529812e-01   0.0000000e+00   3.7692690e-01   6.2307310e-01
   9.9529822e-01   0.0000000e+00   3.7551872e-01   6.2448128e-01
   9.9529849e-01   0.0000000e+00   3.7470322e-01   6.2529678e-01
   9.9529880e-01   0.0000000e+00   3.7524574e-01   6.2475426e-01
   9.9529886e-01   0.0000000e+00   3.7791826e-01   6.2208174e-01
   9.9529888e-01   0.0000000e+00   3.7456596e-01   6.2543404e-01
   9.9529899e-01   0.0000000e+00   3.7671307e-01   6.2328693e-01
   9.9529907e-01   0.0000000e+00   3.7789438e-01   6.2210562e-01
   9.9529929e-01   0.0000000e+00   3.7475689e-01   6.2524311e-01
   9.9529936e-01   0.0000000e+00   3.7598168e-01   6.2401832e-01
   9.9529949e-01   0.0000000e+00   3.7578496e-01   6.2421504e-01
   9.9529951e-01   0.0000000e+00   3.7431959e-01   6.2568041e-01
   9.9529996e-01   0.0000000e+00   3.7589751e-01   6.2410249e-01
   9.9529997e-01   0.0000000e+00   3.7616662e-01   6.2383338e-01
   9.9530000e-01   0.0000000e+00   3.7739932e-01   6.2260068e-01
   9.9530005e-01   0.0000000e+00   3.7380078e-01   6.2619922e-01
   9.9530006e-01   0.0000000e+00   3.7826280e-01   6.2173720e-01
   9.9530009e-01   0.0000000e+00   3.7426193e-01   6.2573807e-01
   9.9530012e-01   0.0000000e+00   3.7563749e-01   6.2436251e-01
   9.9530029e-01   0.0000000e+00   3.7491379e-01   6.2508621e-01
   9.9530095e-01   0.0000000e+00   3.7482901e-01   6.2517099e-01
   9.9530124e-01   0.0000000e+00   3.7826325e-01   6.2173675e-01
   9.9530133e-01   0.0000000e+00   3.7469754e-01   6.2530246e-01
   9.9530149e-01   0.0000000e+00   3.7260019e-01   6.2739981e-01
   9.9530168e-01   0.0000000e+00   3.7670623e-01   6.2329377e-01
   9.9530189e-01   0.0000000e+00   3.7435215e-01   6.2564785e-01
   9.9530246e-01   0.0000000e+00   3.7588323e-01   6.2411677e-01
   9.9530254e-01   0.0000000e+00   3.7568685e-01   6.2431315e-01
   9.9530268e-01   0.0000000e+00   3.7401605e-01   6.2598395e-01
   9.9530281e-01   0.0000000e+00   3.7672653e-01   6.2327347e-01
   9.9530281e-01   0.0000000e+00   3.7427410e-01   6.2572590e-01
   9.9530294e-01   0.0000000e+00   3.7715371e-01   6.2284629e-01
   9.9530316e-01   0.0000000e+00   3.8171507e-01   6.1828493e-01
   9.9530322e-01   0.0000000e+00   3.7522174e-01   6.2477826e-01
   9.9530327e-01   0.0000000e+00   3.6996715e-01   6.3003285e-01
   9.9530343e-01   0.0000000e+00   3.7537575e-01   6.2462425e-01
   9.9530354e-01   0.0000000e+00   3.7953742e-01   6.2046258e-01
   9.9530361e-01   0.0000000e+00   3.7314049e-01   6.2685951e-01
   9.9530381e-01   0.0000000e+00   3.7536108e-01   6.2463892e-01
   9.9530382e-01   0.0000000e+00   3.7513249e-01   6.2486751e-01
   9.9530392e-01   0.0000000e+00   3.7289429e-01   6.2710571e-01
   9.9530481e-01   0.0000000e+00   3.7433449e-01   6.2566551e-01
   9.9530496e-01   0.0000000e+00   3.7429606e-01   6.2570394e-01
   9.9530500e-01   0.0000000e+00   3.7457792e-01   6.2542208e-01
   9.9530509e-01   0.0000000e+00   3.7475674e-01   6.2524326e-01
   9.9530511e-01   0.0000000e+00   3.7477915e-01   6.2522085e-01
   9.9530556e-01   0.0000000e+00   3.7506437e-01   6.2493563e-01
   9.9530574e-01   0.0000000e+00   3.7516406e-01   6.2483594e-01
   9.9530583e-01   0.0000000e+00   3.7268263e-01   6.2731737e-01
   9.9530584e-01   0.0000000e+00   3.7410445e-01   6.2589555e-01
   9.9530584e-01   0.0000000e+00   3.7837108e-01   6.2162892e-01
   9.9530587e-01   0.0000000e+00   3.7680726e-01   6.2319274e-01
   9.9530624e-01   0.0000000e+00   3.7460305e-01   6.2539695e-01
   9.9530736e-01   0.0000000e+00   3.7993847e-01   6.2006153e-01
   9.9530760e-01   0.0000000e+00   3.7400453e-01   6.2599547e-01
   9.9530770e-01   0.0000000e+00   3.8037641e-01   6.1962359e-01
   9.9530779e-01   0.0000000e+00   3.7772848e-01   6.2227152e-01
   9.9530784e-01   0.0000000e+00   3.7685201e-01   6.2314799e-01
   9.9530852e-01   0.0000000e+00   3.7356417e-01   6.2643583e-01
   9.9530969e-01   0.0000000e+00   3.7984882e-01   6.2015118e-01
   9.9530993e-01   0.0000000e+00   3.7693434e-01   6.2306566e-01
   9.9531025e-01   0.0000000e+00   3.6948143e-01   6.3051857e-01
   9.9531136e-01   0.0000000e+00   3.7298148e-01   6.2701852e-01
   9.9531170e-01   0.0000000e+00   3.7511598e-01   6.2488402e-01
   9.9531232e-01   0.0000000e+00   3.7762129e-01   6.2237871e-01
   9.9531244e-01   0.0000000e+00   3.7574699e-01   6.2425301e-01
   9.9531269e-01   0.0000000e+00   3.6949340e-01   6.3050660e-01
   9.9531351e-01   0.0000000e+00   3.7285334e-01   6.2714666e-01
   9.9531398e-01   0.0000000e+00   3.7433672e-01   6.2566328e-01
   9.9531407e-01   0.0000000e+00   3.7892642e-01   6.2107358e-01
   9.9531426e-01   0.0000000e+00   3.7029831e-01   6.2970169e-01
   9.9531444e-01   0.0000000e+00   3.7349436e-01   6.2650564e-01
   9.9531515e-01   0.0000000e+00   3.7361944e-01   6.2638056e-01
   9.9531540e-01   0.0000000e+00   3.7439789e-01   6.2560211e-01
   9.9531549e-01   0.0000000e+00   3.8008528e-01   6.1991472e-01
   9.9531617e-01   0.0000000e+00   3.7439402e-01   6.2560598e-01
   9.9531651e-01   0.0000000e+00   3.7475996e-01   6.2524004e-01
   9.9531698e-01   0.0000000e+00   3.7787125e-01   6.2212875e-01
   9.9531725e-01   0.0000000e+00   3.7255229e-01   6.2744771e-01
   9.9531731e-01   0.0000000e+00   3.7309760e-01   6.2690240e-01
   9.9531765e-01   0.0000000e+00   3.7419534e-01   6.2580466e-01
   9.9531845e-01   0.0000000e+00   3.7259656e-01   6.2740344e-01
   9.9531955e-01   0.0000000e+00   3.6459092e-01   6.3540908e-01
   9.9532019e-01   0.0000000e+00   3.7527776e-01   6.2472224e-01
   9.9532059e-01   0.0000000e+00   3.7260141e-01   6.2739859e-01
   9.9532097e-01   0.0000000e+00   3.7103074e-01   6.2896926e-01
   9.9532102e-01   0.0000000e+00   3.7188096e-01   6.2811904e-01
   9.9532147e-01   0.0000000e+00   3.7202947e-01   6.2797053e-01
   9.9532225e-01   0.0000000e+00   3.7845723e-01   6.2154277e-01
   9.9532233e-01   0.0000000e+00   3.7536556e-01   6.2463444e-01
   9.9532249e-01   0.0000000e+00   3.7336057e-01   6.2663943e-01
   9.9532495e-01   0.0000000e+00   3.7620098e-01   6.2379902e-01
   9.9532499e-01   0.0000000e+00   3.7396846e-01   6.2603154e-01
   9.9532609e-01   0.0000000e+00   3.7201030e-01   6.2798970e-01
   9.9532739e-01   0.0000000e+00   3.8034530e-01   6.1965470e-01
   9.9532824e-01   0.0000000e+00   3.7225071e-01   6.2774929e-01
   9.9532832e-01   0.0000000e+00   3.7094203e-01   6.2905797e-01
   9.9532837e-01   0.0000000e+00   3.7168226e-01   6.2831774e-01
   9.9533022e-01   0.0000000e+00   3.7349735e-01   6.2650265e-01
   9.9533024e-01   0.0000000e+00   3.7343641e-01   6.2656359e-01
   9.9533090e-01   0.0000000e+00   3.7059016e-01   6.2940984e-01
   9.9533202e-01   0.0000000e+00   3.7202784e-01   6.2797216e-01
   9.9533370e-01   0.0000000e+00   3.7317086e-01   6.2682914e-01
   9.9533529e-01   0.0000000e+00   3.7153193e-01   6.2846807e-01
   9.9533589e-01   0.0000000e+00   3.7250033e-01   6.2749967e-01
   9.9533599e-01   0.0000000e+00   3.7160705e-01   6.2839295e-01
   9.9533701e-01   0.0000000e+00   3.7837028e-01   6.2162972e-01
   9.9533709e-01   0.0000000e+00   3.6779188e-01   6.3220812e-01
   9.9533765e-01   0.0000000e+00   3.8133839e-01   6.1866161e-01
   9.9533809e-01   0.0000000e+00   3.7661242e-01   6.2338758e-01
   9.9533865e-01   0.0000000e+00   3.6822296e-01   6.3177704e-01
   9.9533868e-01   0.0000000e+00   3.7677015e-01   6.2322985e-01
   9.9533940e-01   0.0000000e+00   3.7436550e-01   6.2563450e-01
   9.9533990e-01   0.0000000e+00   3.7176650e-01   6.2823350e-01
   9.9533997e-01   0.0000000e+00   3.6972122e-01   6.3027878e-01
   9.9534068e-01   0.0000000e+00   3.7713477e-01   6.2286523e-01
   9.9534076e-01   0.0000000e+00   3.7051979e-01   6.2948021e-01
   9.9534148e-01   0.0000000e+00   3.6819027e-01   6.3180973e-01
   9.9534324e-01   0.0000000e+00   3.6901584e-01   6.3098416e-01
   9.9534339e-01   0.0000000e+00   3.7542063e-01   6.2457937e-01
   9.9534525e-01   0.0000000e+00   3.7855800e-01   6.2144200e-01
   9.9534674e-01   0.0000000e+00   3.7763245e-01   6.2236755e-01
   9.9534701e-01   0.0000000e+00   3.7277375e-01   6.2722625e-01
   9.9534792e-01   0.0000000e+00   3.7726188e-01   6.2273812e-01
   9.9534851e-01   0.0000000e+00   3.7415805e-01   6.2584195e-01
   9.9534867e-01   0.0000000e+00   3.7351380e-01   6.2648620e-01
   9.9535194e-01   0.0000000e+00   3.6993619e-01   6.3006381e-01
   9.9535244e-01   0.0000000e+00   3.7147564e-01   6.2852436e-01
   9.9535486e-01   0.0000000e+00   3.7073435e-01   6.2926565e-01
   9.9535579e-01   0.0000000e+00   3.6892144e-01   6.3107856e-01
   9.9535713e-01   0.0000000e+00   3.6882354e-01   6.3117646e-01
   9.9535768e-01   0.0000000e+00   3.7618924e-01   6.2381076e-01
   9.9535989e-01   0.0000000e+00   3.7634206e-01   6.2365794e-01
   9.9536167e-01   0.0000000e+00   3.6928388e-01   6.3071612e-01
   9.9536223e-01   0.0000000e+00   3.6824450e-01   6.3175550e-01
   9.9536259e-01   0.0000000e+00   3.7536070e-01   6.2463930e-01
   9.9536269e-01   0.0000000e+00   3.6754737e-01   6.3245263e-01
   9.9536293e-01   0.0000000e+00   3.7790908e-01   6.2209092e-01
   9.9536320e-01   0.0000000e+00   3.7573584e-01   6.2426416e-01
   9.9536896e-01   0.0000000e+00   3.7854931e-01   6.2145069e-01
   9.9536904e-01   0.0000000e+00   3.7635028e-01   6.2364972e-01
   9.9536940e-01   0.0000000e+00   3.7082745e-01   6.2917255e-01
   9.9537048e-01   0.0000000e+00   3.6862912e-01   6.3137088e-01
   9.9537056e-01   0.0000000e+00   3.6821804e-01   6.3178196e-01
   9.9537075e-01   0.0000000e+00   3.7736524e-01   6.2263476e-01
   9.9537188e-01   0.0000000e+00   3.6844648e-01   6.3155352e-01
   9.9537215e-01   0.0000000e+00   3.8063779e-01   6.1936221e-01
   9.9537685e-01   0.0000000e+00   3.6421472e-01   6.3578528e-01
   9.9537806e-01   0.0000000e+00   3.7495906e-01   6.2504094e-01
   9.9537853e-01   0.0000000e+00   3.6572079e-01   6.3427921e-01
   9.9537874e-01   0.0000000e+00   3.6230051e-01   6.3769949e-01
   9.9537885e-01   0.0000000e+00   3.7133857e-01   6.2866143e-01
   9.9538060e-01   0.0000000e+00   3.6494528e-01   6.3505472e-01
   9.9538285e-01   0.0000000e+00   3.6838589e-01   6.3161411e-01
   9.9538373e-01   0.0000000e+00   3.8277406e-01   6.1722594e-01
   9.9538710e-01   0.0000000e+00   3.7844944e-01   6.2155056e-01
   9.9539060e-01   0.0000000e+00   3.7449250e-01   6.2550750e-01
   9.9539067e-01   0.0000000e+00   3.7136733e-01   6.2863267e-01
   9.9539409e-01   0.0000000e+00   3.7173871e-01   6.2826129e-01
   9.9539495e-01   0.0000000e+00   3.7386624e-01   6.2613376e-01
   9.9539700e-01   0.0000000e+00   3.8190212e-01   6.1809788e-01
   9.9539770e-01   0.0000000e+00   3.6994903e-01   6.3005097e-01
   9.9539871e-01   0.0000000e+00   3.7379966e-01   6.2620034e-01
   9.9539944e-01   0.0000000e+00   3.7886626e-01   6.2113374e-01
   9.9539957e-01   0.0000000e+00   3.7007430e-01   6.2992570e-01
   9.9539963e-01   0.0000000e+00   3.6631353e-01   6.3368647e-01
   9.9540090e-01   0.0000000e+00   3.6811597e-01   6.3188403e-01
   9.9540140e-01   0.0000000e+00   3.5904535e-01   6.4095465e-01
   9.9540160e-01   0.0000000e+00   3.7260817e-01   6.2739183e-01
   9.9540502e-01   0.0000000e+00   3.8167848e-01   6.1832152e-01
   9.9540732e-01   0.0000000e+00   3.7958178e-01   6.2041822e-01
   9.9540758e-01   0.0000000e+00   3.7936597e-01   6.2063403e-01
   9.9541107e-01   0.0000000e+00   3.6614005e-01   6.3385995e-01
   9.9541159e-01   0.0000000e+00   3.7484732e-01   6.2515268e-01
   9.9541311e-01   0.0000000e+00   3.6382645e-01   6.3617355e-01
   9.9541555e-01   0.0000000e+00   3.7196794e-01   6.2803206e-01
   9.9541953e-01   0.0000000e+00   3.6859600e-01   6.3140400e-01
   9.9541962e-01   0.0000000e+00   3.7506860e-01   6.2493140e-01
   9.9542646e-01   0.0000000e+00   3.7441013e-01   6.2558987e-01
   9.9542697e-01   0.0000000e+00   3.6913170e-01   6.3086830e-01
   9.9542761e-01   0.0000000e+00   3.7246840e-01   6.2753160e-01
   9.9542986e-01   0.0000000e+00   3.6660175e-01   6.3339825e-01
   9.9543063e-01   0.0000000e+00   3.7256858e-01   6.2743142e-01
   9.9543469e-01   0.0000000e+00   3.7750158e-01   6.2249842e-01
   9.9543791e-01   0.0000000e+00   3.6575167e-01   6.3424833e-01
   9.9543955e-01   0.0000000e+00   3.5629981e-01   6.4370019e-01
   9.9543987e-01   0.0000000e+00   3.6897438e-01   6.3102562e-01
   9.9544019e-01   0.0000000e+00   3.6496629e-01   6.3503371e-01
   9.9544051e-01   0.0000000e+00   3.6846405e-01   6.3153595e-01
   9.9544054e-01   0.0000000e+00   3.5930116e-01   6.4069884e-01
   9.9544300e-01   0.0000000e+00   3.5935897e-01   6.4064103e-01
   9.9544393e-01   0.0000000e+00   3.6706099e-01   6.3293901e-01
   9.9544501e-01   0.0000000e+00   3.7034118e-01   6.2965882e-01
   9.9544505e-01   0.0000000e+00   3.7015135e-01   6.2984865e-01
   9.9544728e-01   0.0000000e+00   3.6852731e-01   6.3147269e-01
   9.9544919e-01   0.0000000e+00   3.6721871e-01   6.3278129e-01
   9.9545189e-01   0.0000000e+00   3.6166832e-01   6.3833168e-01
   9.9545484e-01   0.0000000e+00   3.6554252e-01   6.3445748e-01
   9.9545798e-01   0.0000000e+00   3.5889024e-01   6.4110976e-01
   9.9546003e-01   0.0000000e+00   3.5757647e-01   6.4242353e-01
   9.9546034e-01   0.0000000e+00   3.5991079e-01   6.4008921e-01
   9.9546186e-01   0.0000000e+00   3.5399017e-01   6.4600983e-01
   9.9546324e-01   0.0000000e+00   3.6508922e-01   6.3491078e-01
   9.9546343e-01   0.0000000e+00   3.7435423e-01   6.2564577e-01
   9.9546522e-01   0.0000000e+00   3.5905715e-01   6.4094285e-01
   9.9547298e-01   0.0000000e+00   3.6119846e-01   6.3880154e-01
   9.9547381e-01   0.0000000e+00   3.7914838e-01   6.2085162e-01
   9.9547394e-01   0.0000000e+00   3.6874640e-01   6.3125360e-01
   9.9547529e-01   0.0000000e+00   3.6630874e-01   6.3369126e-01
   9.9547614e-01   0.0000000e+00   3.6059491e-01   6.3940509e-01
   9.9547823e-01   0.0000000e+00   3.6444192e-01   6.3555808e-01
   9.9548118e-01   0.0000000e+00   3.6534638e-01   6.3465362e-01
   9.9548289e-01   0.0000000e+00   3.6405927e-01   6.3594073e-01
   9.9548420e-01   0.0000000e+00   3.6252291e-01   6.3747709e-01
   9.9548449e-01   0.0000000e+00   3.7665359e-01   6.2334641e-01
   9.9548718e-01   0.0000000e+00   3.7519838e-01   6.2480162e-01
   9.9548767e-01   0.0000000e+00   3.7503064e-01   6.2496936e-01
   9.9548915e-01   0.0000000e+00   3.6879154e-01   6.3120846e-01
   9.9548916e-01   0.0000000e+00   3.7156061e-01   6.2843939e-01
   9.9549056e-01   0.0000000e+00   3.5681427e-01   6.4318573e-01
   9.9549082e-01   0.0000000e+00   3.7185866e-01   6.2814134e-01
   9.9549163e-01   0.0000000e+00   3.5871473e-01   6.4128527e-01
   9.9549163e-01   0.0000000e+00   3.6978144e-01   6.3021856e-01
   9.9549286e-01   0.0000000e+00   3.7184424e-01   6.2815576e-01
   9.9549456e-01   0.0000000e+00   3.5652185e-01   6.4347815e-01
   9.9549656e-01   0.0000000e+00   3.7381836e-01   6.2618164e-01
   9.9549700e-01   0.0000000e+00   3.5460228e-01   6.4539772e-01
   9.9549715e-01   0.0000000e+00   3.6103808e-01   6.3896192e-01
   9.9549799e-01   0.0000000e+00   3.6340240e-01   6.3659760e-01
   9.9549857e-01   0.0000000e+00   3.5903316e-01   6.4096684e-01
   9.9549859e-01   0.0000000e+00   3.6676544e-01   6.3323456e-01
   9.9549874e-01   0.0000000e+00   3.6802806e-01   6.3197194e-01
   9.9550100e-01   0.0000000e+00   3.6195236e-01   6.3804764e-01
   9.9550162e-01   0.0000000e+00   3.5068328e-01   6.4931672e-01
   9.9550243e-01   0.0000000e+00   3.6983903e-01   6.3016097e-01
   9.9550407e-01   0.0000000e+00   3.6479348e-01   6.3520652e-01
   9.9550467e-01   0.0000000e+00   3.5788303e-01   6.4211697e-01
   9.9550668e-01   0.0000000e+00   3.5903909e-01   6.4096091e-01
   9.9550840e-01   0.0000000e+00   3.5658034e-01   6.4341966e-01
   9.9550913e-01   0.0000000e+00   3.5786336e-01   6.4213664e-01
   9.9551005e-01   0.0000000e+00   3.6136884e-01   6.3863116e-01
   9.9551047e-01   0.0000000e+00   3.6885843e-01   6.3114157e-01
   9.9551075e-01   0.0000000e+00   3.7759356e-01   6.2240644e-01
   9.9551118e-01   0.0000000e+00   3.5459756e-01   6.4540244e-01
   9.9551425e-01   0.0000000e+00   3.6033170e-01   6.3966830e-01
   9.9551515e-01   0.0000000e+00   3.5741646e-01   6.4258354e-01
   9.9551541e-01   0.0000000e+00   3.6381507e-01   6.3618493e-01
   9.9551554e-01   0.0000000e+00   3.5786543e-01   6.4213457e-01
   9.9551745e-01   0.0000000e+00   3.5397933e-01   6.4602067e-01
   9.9551745e-01   0.0000000e+00   3.5653965e-01   6.4346035e-01
   9.9551760e-01   0.0000000e+00   3.6238051e-01   6.3761949e-01
   9.9551806e-01   0.0000000e+00   3.5559273e-01   6.4440727e-01
   9.9551850e-01   0.0000000e+00   3.6996904e-01   6.3003096e-01
   9.9551856e-01   0.0000000e+00   3.6638762e-01   6.3361238e-01
   9.9551980e-01   0.0000000e+00   3.5992821e-01   6.4007179e-01
   9.9552007e-01   0.0000000e+00   3.6426945e-01   6.3573055e-01
   9.9552035e-01   0.0000000e+00   3.5973261e-01   6.4026739e-01
   9.9552080e-01   0.0000000e+00   3.6008222e-01   6.3991778e-01
   9.9552155e-01   0.0000000e+00   3.5553728e-01   6.4446272e-01
   9.9552271e-01   0.0000000e+00   3.5658997e-01   6.4341003e-01
   9.9552339e-01   0.0000000e+00   3.6491621e-01   6.3508379e-01
   9.9552437e-01   0.0000000e+00   3.6683135e-01   6.3316865e-01
   9.9552469e-01   0.0000000e+00   3.5549735e-01   6.4450265e-01
   9.9552570e-01   0.0000000e+00   3.6332603e-01   6.3667397e-01
   9.9552573e-01   0.0000000e+00   3.6801552e-01   6.3198448e-01
   9.9552615e-01   0.0000000e+00   3.5223656e-01   6.4776344e-01
   9.9552657e-01   0.0000000e+00   3.5530737e-01   6.4469263e-01
   9.9552791e-01   0.0000000e+00   3.5732584e-01   6.4267416e-01
   9.9552806e-01   0.0000000e+00   3.6443239e-01   6.3556761e-01
   9.9552856e-01   0.0000000e+00   3.5904458e-01   6.4095542e-01
   9.9552940e-01   0.0000000e+00   3.5487932e-01   6.4512068e-01
   9.9552944e-01   0.0000000e+00   3.5549091e-01   6.4450909e-01
   9.9553077e-01   0.0000000e+00   3.5216867e-01   6.4783133e-01
   9.9553100e-01   0.0000000e+00   3.5881544e-01   6.4118456e-01
   9.9553181e-01   0.0000000e+00   3.5252878e-01   6.4747122e-01
   9.9553216e-01   0.0000000e+00   3.5160296e-01   6.4839704e-01
   9.9553416e-01   0.0000000e+00   3.6353526e-01   6.3646474e-01
   9.9553447e-01   0.0000000e+00   3.4931559e-01   6.5068441e-01
   9.9553458e-01   0.0000000e+00   3.5494645e-01   6.4505355e-01
   9.9553584e-01   0.0000000e+00   3.5523089e-01   6.4476911e-01
   9.9553672e-01   0.0000000e+00   3.5497476e-01   6.4502524e-01
   9.9553746e-01   0.0000000e+00   3.4753374e-01   6.5246626e-01
   9.9553818e-01   0.0000000e+00   3.5524086e-01   6.4475914e-01
   9.9553831e-01   0.0000000e+00   3.6038746e-01   6.3961254e-01
   9.9554050e-01   0.0000000e+00   3.5326881e-01   6.4673119e-01
   9.9554127e-01   0.0000000e+00   3.6182483e-01   6.3817517e-01
   9.9554207e-01   0.0000000e+00   3.5904543e-01   6.4095457e-01
   9.9554216e-01   0.0000000e+00   3.6573873e-01   6.3426127e-01
   9.9554242e-01   0.0000000e+00   3.5738760e-01   6.4261240e-01
   9.9554287e-01   0.0000000e+00   3.5182124e-01   6.4817876e-01
   9.9554292e-01   0.0000000e+00   3.5874629e-01   6.4125371e-01
   9.9554351e-01   0.0000000e+00   3.5594691e-01   6.4405309e-01
   9.9554352e-01   0.0000000e+00   3.5845199e-01   6.4154801e-01
   9.9554394e-01   0.0000000e+00   3.5417169e-01   6.4582831e-01
   9.9554545e-01   0.0000000e+00   3.5590598e-01   6.4409402e-01
   9.9554625e-01   0.0000000e+00   3.5290592e-01   6.4709408e-01
   9.9554630e-01   0.0000000e+00   3.5885767e-01   6.4114233e-01
   9.9554802e-01   0.0000000e+00   3.5035742e-01   6.4964258e-01
   9.9554816e-01   0.0000000e+00   3.4922674e-01   6.5077326e-01
   9.9554869e-01   0.0000000e+00   3.5297195e-01   6.4702805e-01
   9.9554873e-01   0.0000000e+00   3.5249629e-01   6.4750371e-01
   9.9554882e-01   0.0000000e+00   3.4885015e-01   6.5114985e-01
   9.9554916e-01   0.0000000e+00   3.5709012e-01   6.4290988e-01
   9.9555362e-01   0.0000000e+00   3.5106593e-01   6.4893407e-01
   9.9555400e-01   0.0000000e+00   3.5028989e-01   6.4971011e-01
   9.9555411e-01   0.0000000e+00   3.6227674e-01   6.3772326e-01
   9.9555661e-01   0.0000000e+00   3.5464417e-01   6.4535583e-01
   9.9555694e-01   0.0000000e+00   3.5314641e-01   6.4685359e-01
   9.9555899e-01   0.0000000e+00   3.5564284e-01   6.4435716e-01
   9.9555914e-01   0.0000000e+00   3.5297962e-01   6.4702038e-01
   9.9555936e-01   0.0000000e+00   3.5134084e-01   6.4865916e-01
   9.9556024e-01   0.0000000e+00   3.4866671e-01   6.5133329e-01
   9.9556111e-01   0.0000000e+00   3.5521432e-01   6.4478568e-01
   9.9556128e-01   0.0000000e+00   3.4901541e-01   6.5098459e-01
   9.9556156e-01   0.0000000e+00   3.5667450e-01   6.4332550e-01
   9.9556194e-01   0.0000000e+00   3.5594767e-01   6.4405233e-01
   9.9556207e-01   0.0000000e+00   3.4933310e-01   6.5066690e-01
   9.9556270e-01   0.0000000e+00   3.7047694e-01   6.2952306e-01
   9.9556291e-01   0.0000000e+00   3.5080778e-01   6.4919222e-01
   9.9556310e-01   0.0000000e+00   3.6335958e-01   6.3664042e-01
   9.9556317e-01   0.0000000e+00   3.5945274e-01   6.4054726e-01
   9.9556364e-01   0.0000000e+00   3.5074565e-01   6.4925435e-01
   9.9556400e-01   0.0000000e+00   3.5972446e-01   6.4027554e-01
   9.9556425e-01   0.0000000e+00   3.5328027e-01   6.4671973e-01
   9.9556491e-01   0.0000000e+00   3.5228807e-01   6.4771193e-01
   9.9556551e-01   0.0000000e+00   3.5664670e-01   6.4335330e-01
   9.9556589e-01   0.0000000e+00   3.5209069e-01   6.4790931e-01
   9.9556739e-01   0.0000000e+00   3.5711166e-01   6.4288834e-01
   9.9556800e-01   0.0000000e+00   3.5234431e-01   6.4765569e-01
   9.9556827e-01   0.0000000e+00   3.5167482e-01   6.4832518e-01
   9.9556894e-01   0.0000000e+00   3.4367174e-01   6.5632826e-01
   9.9556898e-01   0.0000000e+00   3.5164682e-01   6.4835318e-01
   9.9556906e-01   0.0000000e+00   3.5417103e-01   6.4582897e-01
   9.9556952e-01   0.0000000e+00   3.5070190e-01   6.4929810e-01
   9.9557088e-01   0.0000000e+00   3.4932640e-01   6.5067360e-01
   9.9557147e-01   0.0000000e+00   3.4627403e-01   6.5372597e-01
