   3.3130351e-01   1.8607601e-02   1.5805898e-01   8.2333342e-01
   3.3130470e-01   1.8532378e-02   1.5683095e-01   8.2463667e-01
   3.3130947e-01   1.8619370e-02   1.5849962e-01   8.2288101e-01
   3.3130968e-01   1.8599818e-02   1.5785022e-01   8.2354996e-01
   3.3131316e-01   1.8550985e-02   1.5562320e-01   8.2582582e-01
   3.3131347e-01   1.8559775e-02   1.5554127e-01   8.2589895e-01
   3.3131953e-01   1.8839540e-02   1.5753089e-01   8.2362957e-01
   3.3131972e-01   1.8797055e-02   1.5718982e-01   8.2401313e-01
   3.3132000e-01   1.8764930e-02   1.5726425e-01   8.2397082e-01
   3.3132074e-01   1.8724588e-02   1.5738008e-01   8.2389533e-01
   3.3132075e-01   1.8693392e-02   1.5601030e-01   8.2529631e-01
   3.3132126e-01   1.8917209e-02   1.5740772e-01   8.2367507e-01
   3.3132143e-01   1.8448087e-02   1.5753109e-01   8.2402082e-01
   3.3132227e-01   1.8840193e-02   1.5801433e-01   8.2314547e-01
   3.3132233e-01   1.8790306e-02   1.5756319e-01   8.2364651e-01
   3.3132282e-01   1.8997149e-02   1.5633944e-01   8.2466341e-01
   3.3132357e-01   1.8821519e-02   1.5719491e-01   8.2398357e-01
   3.3132370e-01   1.8794618e-02   1.5696970e-01   8.2423568e-01
   3.3132373e-01   1.8811559e-02   1.5683391e-01   8.2435453e-01
   3.3132382e-01   1.8731190e-02   1.5742369e-01   8.2384512e-01
   3.3132385e-01   1.8798350e-02   1.5748976e-01   8.2371189e-01
   3.3132409e-01   1.8753570e-02   1.5664968e-01   8.2459675e-01
   3.3132424e-01   1.8885804e-02   1.5740116e-01   8.2371304e-01
   3.3132424e-01   1.8913034e-02   1.5802620e-01   8.2306077e-01
   3.3132428e-01   1.8786959e-02   1.5665910e-01   8.2455394e-01
   3.3132437e-01   1.8852293e-02   1.5752619e-01   8.2362151e-01
   3.3132438e-01   1.8870942e-02   1.5763250e-01   8.2349656e-01
   3.3132443e-01   1.8955237e-02   1.5659650e-01   8.2444826e-01
   3.3132444e-01   1.8902249e-02   1.5698369e-01   8.2411407e-01
   3.3132445e-01   1.8884439e-02   1.5706003e-01   8.2405553e-01
   3.3132446e-01   1.8835103e-02   1.5605961e-01   8.2510529e-01
   3.3132453e-01   1.8693458e-02   1.5785437e-01   8.2345217e-01
   3.3132465e-01   1.8443068e-02   1.5715126e-01   8.2440567e-01
   3.3132473e-01   1.8849910e-02   1.5741215e-01   8.2373794e-01
   3.3132482e-01   1.8834907e-02   1.5740696e-01   8.2375814e-01
   3.3132533e-01   1.8862815e-02   1.5701612e-01   8.2412107e-01
   3.3132549e-01   1.8803032e-02   1.5724131e-01   8.2395566e-01
   3.3132559e-01   1.8842670e-02   1.5806283e-01   8.2309450e-01
   3.3132564e-01   1.8835621e-02   1.5778718e-01   8.2337720e-01
   3.3132565e-01   1.8925416e-02   1.5825694e-01   8.2281765e-01
   3.3132569e-01   1.8904450e-02   1.5698495e-01   8.2411060e-01
   3.3132581e-01   1.8860019e-02   1.5684503e-01   8.2429495e-01
   3.3132596e-01   1.8739508e-02   1.5799771e-01   8.2326278e-01
   3.3132644e-01   1.8914138e-02   1.5754151e-01   8.2354435e-01
   3.3132703e-01   1.8968006e-02   1.5732459e-01   8.2370741e-01
   3.3132715e-01   1.8910184e-02   1.5735011e-01   8.2373971e-01
   3.3132726e-01   1.9073703e-02   1.5745999e-01   8.2346630e-01
   3.3132730e-01   1.8930372e-02   1.5650091e-01   8.2456871e-01
   3.3132735e-01   1.8919397e-02   1.5758000e-01   8.2350060e-01
   3.3132776e-01   1.8939079e-02   1.5749091e-01   8.2357001e-01
   3.3132825e-01   1.9010740e-02   1.5645340e-01   8.2453586e-01
   3.3132831e-01   1.8940662e-02   1.5699984e-01   8.2405950e-01
   3.3132850e-01   1.9086024e-02   1.5890779e-01   8.2200618e-01
   3.3132870e-01   1.8923618e-02   1.5832552e-01   8.2275087e-01
   3.3132876e-01   1.8911875e-02   1.5888394e-01   8.2220419e-01
   3.3132919e-01   1.9052182e-02   1.5625985e-01   8.2468797e-01
   3.3132922e-01   1.9013000e-02   1.5629794e-01   8.2468906e-01
   3.3132932e-01   1.8728870e-02   1.5798181e-01   8.2328932e-01
   3.3132935e-01   1.8969342e-02   1.5606399e-01   8.2496667e-01
   3.3132972e-01   1.8659394e-02   1.5608396e-01   8.2525665e-01
   3.3133002e-01   1.9025212e-02   1.5729566e-01   8.2367913e-01
   3.3133009e-01   1.8665664e-02   1.5576997e-01   8.2556437e-01
   3.3133019e-01   1.8980883e-02   1.5774537e-01   8.2327375e-01
   3.3133033e-01   1.9032789e-02   1.5918793e-01   8.2177928e-01
   3.3133040e-01   1.9037623e-02   1.5690564e-01   8.2405674e-01
   3.3133045e-01   1.8920484e-02   1.5745047e-01   8.2362905e-01
   3.3133054e-01   1.9127782e-02   1.5679721e-01   8.2407501e-01
   3.3133068e-01   1.9032855e-02   1.5689642e-01   8.2407072e-01
   3.3133093e-01   1.9022211e-02   1.5762741e-01   8.2335038e-01
   3.3133098e-01   1.8891603e-02   1.5800657e-01   8.2310183e-01
   3.3133102e-01   1.8823085e-02   1.5890571e-01   8.2227120e-01
   3.3133116e-01   1.8812792e-02   1.5571710e-01   8.2547011e-01
   3.3133124e-01   1.9015011e-02   1.5706058e-01   8.2392441e-01
   3.3133132e-01   1.8635332e-02   1.5559853e-01   8.2576614e-01
   3.3133148e-01   1.9012247e-02   1.5755024e-01   8.2343751e-01
   3.3133176e-01   1.9071048e-02   1.5662193e-01   8.2430702e-01
   3.3133182e-01   1.9035195e-02   1.5768615e-01   8.2327865e-01
   3.3133185e-01   1.8725368e-02   1.5533413e-01   8.2594050e-01
   3.3133204e-01   1.8710364e-02   1.5774612e-01   8.2354352e-01
   3.3133246e-01   1.8913872e-02   1.5928329e-01   8.2180284e-01
   3.3133263e-01   1.9162266e-02   1.5891743e-01   8.2192031e-01
   3.3133335e-01   1.9028377e-02   1.5637100e-01   8.2460063e-01
   3.3133343e-01   1.9025314e-02   1.5616861e-01   8.2480608e-01
   3.3133358e-01   1.8961999e-02   1.5719869e-01   8.2383931e-01
   3.3133364e-01   1.8952884e-02   1.5545049e-01   8.2559663e-01
   3.3133379e-01   1.9126800e-02   1.5722953e-01   8.2364367e-01
   3.3133428e-01   1.9009954e-02   1.5810618e-01   8.2288386e-01
   3.3133447e-01   1.9118399e-02   1.5577440e-01   8.2510721e-01
   3.3133453e-01   1.9111583e-02   1.5671633e-01   8.2417209e-01
   3.3133481e-01   1.9172867e-02   1.5580479e-01   8.2502234e-01
   3.3133489e-01   1.9023541e-02   1.5669635e-01   8.2428011e-01
   3.3133495e-01   1.8981418e-02   1.5735608e-01   8.2366250e-01
   3.3133550e-01   1.9105547e-02   1.5597986e-01   8.2491459e-01
   3.3133558e-01   1.8737964e-02   1.5886256e-01   8.2239947e-01
   3.3133566e-01   1.9076677e-02   1.5519146e-01   8.2573186e-01
   3.3133595e-01   1.9182832e-02   1.5529546e-01   8.2552171e-01
   3.3133596e-01   1.8688526e-02   1.5848954e-01   8.2282193e-01
   3.3133626e-01   1.8777410e-02   1.5416336e-01   8.2705923e-01
   3.3133723e-01   1.8893472e-02   1.5695508e-01   8.2415144e-01
   3.3133725e-01   1.8706385e-02   1.5570052e-01   8.2559309e-01
   3.3133735e-01   1.8823014e-02   1.5961569e-01   8.2156130e-01
   3.3133737e-01   1.8582598e-02   1.5587704e-01   8.2554037e-01
   3.3133755e-01   1.9123652e-02   1.5786205e-01   8.2301430e-01
   3.3133839e-01   1.8999397e-02   1.5532979e-01   8.2567081e-01
   3.3133839e-01   1.8914235e-02   1.5933227e-01   8.2175349e-01
   3.3133869e-01   1.9179194e-02   1.5579356e-01   8.2502725e-01
   3.3133869e-01   1.9186026e-02   1.5697098e-01   8.2384299e-01
   3.3133887e-01   1.9048818e-02   1.5752257e-01   8.2342862e-01
   3.3133905e-01   1.9136692e-02   1.5725392e-01   8.2360939e-01
   3.3133924e-01   1.9147838e-02   1.5614512e-01   8.2470704e-01
   3.3133934e-01   1.9266952e-02   1.5609627e-01   8.2463678e-01
   3.3133960e-01   1.9010446e-02   1.5839331e-01   8.2259625e-01
   3.3134058e-01   1.8891845e-02   1.5573048e-01   8.2537768e-01
   3.3134101e-01   1.9279174e-02   1.5735092e-01   8.2336990e-01
   3.3134248e-01   1.9294501e-02   1.5794062e-01   8.2276488e-01
   3.3134282e-01   1.9001374e-02   1.5917351e-01   8.2182512e-01
   3.3134287e-01   1.9014665e-02   1.5526713e-01   8.2571820e-01
   3.3134297e-01   1.9152647e-02   1.5616817e-01   8.2467918e-01
   3.3134303e-01   1.9268955e-02   1.5896724e-01   8.2176381e-01
   3.3134318e-01   1.8816429e-02   1.5964571e-01   8.2153786e-01
   3.3134325e-01   1.9283826e-02   1.5646104e-01   8.2425513e-01
   3.3134358e-01   1.9178710e-02   1.5635067e-01   8.2447062e-01
   3.3134385e-01   1.9144115e-02   1.5599042e-01   8.2486546e-01
   3.3134471e-01   1.9424082e-02   1.5705184e-01   8.2352408e-01
   3.3134569e-01   1.8894136e-02   1.5857023e-01   8.2253564e-01
   3.3134570e-01   1.9298911e-02   1.5801702e-01   8.2268407e-01
   3.3134613e-01   1.9306353e-02   1.5777280e-01   8.2292085e-01
   3.3134616e-01   1.9292505e-02   1.5421558e-01   8.2649191e-01
   3.3134639e-01   1.9296574e-02   1.5429868e-01   8.2640475e-01
   3.3134707e-01   1.9148549e-02   1.5470184e-01   8.2614962e-01
   3.3134767e-01   1.9397882e-02   1.5774146e-01   8.2286066e-01
   3.3134797e-01   1.9296103e-02   1.5437490e-01   8.2632900e-01
   3.3134887e-01   1.8804296e-02   1.6032051e-01   8.2087520e-01
   3.3134929e-01   1.8551988e-02   1.5532368e-01   8.2612433e-01
   3.3134944e-01   1.9196905e-02   1.5548540e-01   8.2531770e-01
   3.3134972e-01   1.9218126e-02   1.5598459e-01   8.2479729e-01
   3.3134974e-01   1.9082778e-02   1.5345833e-01   8.2745889e-01
   3.3135016e-01   1.9279956e-02   1.5819544e-01   8.2252461e-01
   3.3135023e-01   1.9164861e-02   1.5652004e-01   8.2431510e-01
   3.3135063e-01   1.9056520e-02   1.5816481e-01   8.2277867e-01
   3.3135156e-01   1.8857496e-02   1.5853569e-01   8.2260681e-01
   3.3135210e-01   1.9404915e-02   1.5508718e-01   8.2550790e-01
   3.3135244e-01   1.8958496e-02   1.5784601e-01   8.2319549e-01
   3.3135254e-01   1.9056242e-02   1.5495403e-01   8.2598972e-01
   3.3135296e-01   1.9440129e-02   1.5738417e-01   8.2317570e-01
   3.3135352e-01   1.9407648e-02   1.5909758e-01   8.2149477e-01
   3.3135357e-01   1.9414289e-02   1.5460863e-01   8.2597708e-01
   3.3135402e-01   1.9618378e-02   1.5745335e-01   8.2292827e-01
   3.3135428e-01   1.9158079e-02   1.5475884e-01   8.2608308e-01
   3.3135432e-01   1.9291462e-02   1.5414706e-01   8.2656148e-01
   3.3135520e-01   1.9335045e-02   1.5495957e-01   8.2570538e-01
   3.3135533e-01   1.9111365e-02   1.5365253e-01   8.2723611e-01
   3.3135539e-01   1.9253612e-02   1.5580729e-01   8.2493909e-01
   3.3135539e-01   1.8683473e-02   1.6011506e-01   8.2120146e-01
   3.3135553e-01   1.9245536e-02   1.5371150e-01   8.2704296e-01
   3.3135608e-01   1.8445501e-02   1.5824268e-01   8.2331182e-01
   3.3135702e-01   1.9011659e-02   1.5262560e-01   8.2836274e-01
   3.3135727e-01   1.8750567e-02   1.5421148e-01   8.2703795e-01
   3.3135729e-01   1.9485776e-02   1.5448324e-01   8.2603098e-01
   3.3135827e-01   1.9268976e-02   1.5616164e-01   8.2456939e-01
   3.3135879e-01   1.9392668e-02   1.5401791e-01   8.2658943e-01
   3.3135920e-01   1.9426151e-02   1.5463801e-01   8.2593583e-01
   3.3135947e-01   1.9539264e-02   1.5441664e-01   8.2604410e-01
   3.3136012e-01   1.9286728e-02   1.5229505e-01   8.2841822e-01
   3.3136038e-01   1.9324152e-02   1.5407395e-01   8.2660189e-01
   3.3136147e-01   1.9218473e-02   1.5308405e-01   8.2769747e-01
   3.3136173e-01   1.9305684e-02   1.5375280e-01   8.2694152e-01
   3.3136251e-01   1.9383532e-02   1.5420750e-01   8.2640897e-01
   3.3136270e-01   1.8844161e-02   1.5584777e-01   8.2530807e-01
   3.3136305e-01   1.9195450e-02   1.5476628e-01   8.2603827e-01
   3.3136338e-01   1.9292362e-02   1.5960209e-01   8.2110555e-01
   3.3136369e-01   1.9358878e-02   1.5327397e-01   8.2736715e-01
   3.3136373e-01   1.9252191e-02   1.5182457e-01   8.2892324e-01
   3.3136381e-01   1.9559639e-02   1.5439046e-01   8.2604990e-01
   3.3136499e-01   1.9076222e-02   1.5264228e-01   8.2828150e-01
   3.3136639e-01   1.9391836e-02   1.5277661e-01   8.2783155e-01
   3.3136676e-01   1.9540741e-02   1.5394607e-01   8.2651319e-01
   3.3136765e-01   1.9382077e-02   1.5286788e-01   8.2775004e-01
   3.3136826e-01   1.9056888e-02   1.5287536e-01   8.2806775e-01
   3.3137008e-01   1.9160290e-02   1.5169273e-01   8.2914698e-01
   3.3137025e-01   1.9325582e-02   1.6030816e-01   8.2036626e-01
   3.3137032e-01   1.9364736e-02   1.6087498e-01   8.1976028e-01
   3.3137069e-01   1.9537073e-02   1.5557877e-01   8.2488415e-01
   3.3137264e-01   1.8996573e-02   1.5394263e-01   8.2706079e-01
   3.3137345e-01   1.8795079e-02   1.5381568e-01   8.2738924e-01
   3.3137364e-01   1.9170578e-02   1.5145328e-01   8.2937614e-01
   3.3137413e-01   1.8991678e-02   1.5271243e-01   8.2829590e-01
   3.3137483e-01   1.9593591e-02   1.5445211e-01   8.2595430e-01
   3.3137498e-01   1.9393724e-02   1.5220026e-01   8.2840602e-01
   3.3137523e-01   1.9604169e-02   1.5318967e-01   8.2720616e-01
   3.3137575e-01   1.9356006e-02   1.5232912e-01   8.2831488e-01
   3.3137588e-01   1.9637290e-02   1.5573835e-01   8.2462436e-01
   3.3137647e-01   1.9336425e-02   1.5237103e-01   8.2829255e-01
   3.3137654e-01   1.9286782e-02   1.5335119e-01   8.2736203e-01
   3.3137700e-01   1.9470310e-02   1.5277717e-01   8.2775252e-01
   3.3137730e-01   1.9086665e-02   1.5558314e-01   8.2533019e-01
   3.3137739e-01   1.9415415e-02   1.5148845e-01   8.2909613e-01
   3.3137778e-01   1.9421588e-02   1.5375963e-01   8.2681878e-01
   3.3137807e-01   1.9525736e-02   1.5231628e-01   8.2815798e-01
   3.3137808e-01   1.9021756e-02   1.5233757e-01   8.2864067e-01
   3.3137838e-01   1.9844804e-02   1.5836620e-01   8.2178900e-01
   3.3137880e-01   1.9752774e-02   1.5382014e-01   8.2642709e-01
   3.3137887e-01   1.9658675e-02   1.5402119e-01   8.2632013e-01
   3.3137952e-01   1.9501605e-02   1.5188756e-01   8.2861084e-01
   3.3137986e-01   1.9058055e-02   1.6038721e-01   8.2055474e-01
   3.3138062e-01   1.9672309e-02   1.5365156e-01   8.2667613e-01
   3.3138254e-01   1.8795216e-02   1.5271493e-01   8.2848985e-01
   3.3138256e-01   1.9580435e-02   1.5279003e-01   8.2762954e-01
   3.3138267e-01   1.9504933e-02   1.5360951e-01   8.2688555e-01
   3.3138279e-01   1.9807940e-02   1.5403976e-01   8.2615230e-01
   3.3138325e-01   1.9456133e-02   1.5267291e-01   8.2787096e-01
   3.3138337e-01   1.9445395e-02   1.5156398e-01   8.2899063e-01
   3.3138340e-01   1.9553685e-02   1.5199150e-01   8.2845481e-01
   3.3138362e-01   1.9401471e-02   1.5203543e-01   8.2856310e-01
   3.3138454e-01   1.9608267e-02   1.5302263e-01   8.2736911e-01
   3.3138456e-01   1.9471205e-02   1.5223271e-01   8.2829609e-01
   3.3138477e-01   1.9162087e-02   1.5345287e-01   8.2738504e-01
   3.3138523e-01   1.9638683e-02   1.5316693e-01   8.2719439e-01
   3.3138565e-01   1.9265312e-02   1.5067068e-01   8.3006401e-01
   3.3138616e-01   1.9596860e-02   1.5272293e-01   8.2768021e-01
   3.3138641e-01   1.9358859e-02   1.5133115e-01   8.2931000e-01
   3.3138659e-01   1.9326707e-02   1.5123350e-01   8.2943979e-01
   3.3138687e-01   1.9851134e-02   1.5440728e-01   8.2574159e-01
   3.3138723e-01   1.9685229e-02   1.5319859e-01   8.2711618e-01
   3.3138772e-01   1.9755391e-02   1.5389257e-01   8.2635204e-01
   3.3138793e-01   1.9859868e-02   1.5511740e-01   8.2502274e-01
   3.3138938e-01   1.9652490e-02   1.5368481e-01   8.2666270e-01
   3.3138957e-01   1.9785294e-02   1.5339247e-01   8.2682224e-01
   3.3139081e-01   1.9581672e-02   1.5364908e-01   8.2676925e-01
   3.3139161e-01   1.9729369e-02   1.5377462e-01   8.2649601e-01
   3.3139164e-01   1.9747887e-02   1.5335821e-01   8.2689391e-01
   3.3139187e-01   1.9747160e-02   1.5358769e-01   8.2666515e-01
   3.3139257e-01   1.9614469e-02   1.5244117e-01   8.2794436e-01
   3.3139269e-01   1.9759925e-02   1.5341581e-01   8.2682427e-01
   3.3139378e-01   1.9744302e-02   1.5403450e-01   8.2622119e-01
   3.3139385e-01   1.8796210e-02   1.5133743e-01   8.2986636e-01
   3.3139391e-01   1.9753643e-02   1.5386308e-01   8.2638328e-01
   3.3139411e-01   1.8864416e-02   1.4953743e-01   8.3159816e-01
   3.3139468e-01   1.9824335e-02   1.5545803e-01   8.2471764e-01
   3.3139616e-01   1.9835276e-02   1.5419888e-01   8.2596584e-01
   3.3139652e-01   1.8357047e-02   1.5370120e-01   8.2794176e-01
   3.3139742e-01   1.9727412e-02   1.5240125e-01   8.2787134e-01
   3.3139819e-01   1.9864355e-02   1.5407211e-01   8.2606353e-01
   3.3139834e-01   1.9793975e-02   1.5473802e-01   8.2546801e-01
   3.3139898e-01   1.9611137e-02   1.5139504e-01   8.2899382e-01
   3.3139952e-01   1.9883227e-02   1.5452745e-01   8.2558932e-01
   3.3139953e-01   1.9841826e-02   1.5442407e-01   8.2573411e-01
   3.3139960e-01   1.9610996e-02   1.5183351e-01   8.2855549e-01
   3.3140023e-01   2.0082549e-02   1.5517629e-01   8.2474116e-01
   3.3140024e-01   1.9526767e-02   1.5313126e-01   8.2734197e-01
   3.3140118e-01   1.9487021e-02   1.5283735e-01   8.2767563e-01
   3.3140152e-01   1.9815779e-02   1.5327101e-01   8.2691321e-01
   3.3140177e-01   1.9888443e-02   1.5358268e-01   8.2652888e-01
   3.3140227e-01   1.9953884e-02   1.5440335e-01   8.2564277e-01
   3.3140272e-01   1.9606264e-02   1.5132146e-01   8.2907228e-01
   3.3140297e-01   1.9907957e-02   1.5432273e-01   8.2576931e-01
   3.3140301e-01   1.9461994e-02   1.5301931e-01   8.2751870e-01
   3.3140480e-01   1.9997693e-02   1.5511112e-01   8.2489118e-01
   3.3140492e-01   1.9737158e-02   1.5343973e-01   8.2682311e-01
   3.3140499e-01   1.9934545e-02   1.5571599e-01   8.2434946e-01
   3.3140527e-01   1.9108711e-02   1.4925319e-01   8.3163810e-01
   3.3140530e-01   1.9914867e-02   1.5447614e-01   8.2560900e-01
   3.3140581e-01   2.0015454e-02   1.5522770e-01   8.2475685e-01
   3.3140642e-01   1.9792957e-02   1.5174740e-01   8.2845964e-01
   3.3140690e-01   2.0155837e-02   1.5551708e-01   8.2432708e-01
   3.3140714e-01   1.9033768e-02   1.5501680e-01   8.2594943e-01
   3.3140751e-01   1.9904106e-02   1.5433665e-01   8.2575925e-01
   3.3140773e-01   1.9953158e-02   1.5418479e-01   8.2586205e-01
   3.3140784e-01   1.9849495e-02   1.5517154e-01   8.2497897e-01
   3.3140818e-01   2.0158746e-02   1.5556458e-01   8.2427668e-01
   3.3140842e-01   2.0021562e-02   1.5515186e-01   8.2482658e-01
   3.3140873e-01   1.8985194e-02   1.6139118e-01   8.1962363e-01
   3.3140875e-01   1.9933741e-02   1.5318541e-01   8.2688085e-01
   3.3140891e-01   2.0089126e-02   1.5539192e-01   8.2451895e-01
   3.3140955e-01   2.0039646e-02   1.5403211e-01   8.2592824e-01
   3.3141008e-01   2.0137059e-02   1.5592397e-01   8.2393897e-01
   3.3141069e-01   2.0034796e-02   1.5542863e-01   8.2453657e-01
   3.3141222e-01   2.0131551e-02   1.5533036e-01   8.2453809e-01
   3.3141263e-01   2.0093235e-02   1.5486147e-01   8.2504530e-01
   3.3141303e-01   2.0074062e-02   1.5554168e-01   8.2438426e-01
   3.3141313e-01   2.0039889e-02   1.5578941e-01   8.2417070e-01
   3.3141313e-01   2.0043964e-02   1.5449746e-01   8.2545858e-01
   3.3141365e-01   2.0056354e-02   1.5454042e-01   8.2540323e-01
   3.3141489e-01   1.9990493e-02   1.5516843e-01   8.2484108e-01
   3.3141614e-01   2.0046858e-02   1.5396560e-01   8.2598754e-01
   3.3141635e-01   2.0108739e-02   1.5584787e-01   8.2404339e-01
   3.3141730e-01   2.0004343e-02   1.5311343e-01   8.2688222e-01
   3.3141800e-01   2.0354549e-02   1.5561237e-01   8.2403308e-01
   3.3141903e-01   2.0098066e-02   1.5670232e-01   8.2319961e-01
   3.3141917e-01   2.0140662e-02   1.5556092e-01   8.2429841e-01
   3.3141995e-01   2.0078026e-02   1.5494079e-01   8.2498118e-01
   3.3141996e-01   2.0121841e-02   1.5560855e-01   8.2426961e-01
   3.3142037e-01   2.0074659e-02   1.5462248e-01   8.2530286e-01
   3.3142188e-01   2.0144966e-02   1.5572536e-01   8.2412968e-01
   3.3142446e-01   2.0195585e-02   1.5615005e-01   8.2365437e-01
   3.3142447e-01   2.0207139e-02   1.5561676e-01   8.2417610e-01
   3.3142479e-01   2.0240894e-02   1.5577608e-01   8.2398302e-01
   3.3142508e-01   2.0186142e-02   1.5543458e-01   8.2437928e-01
   3.3142524e-01   2.0174942e-02   1.5496598e-01   8.2485908e-01
   3.3142590e-01   2.0164875e-02   1.5637612e-01   8.2345901e-01
   3.3142633e-01   2.0141274e-02   1.5552121e-01   8.2433752e-01
   3.3142686e-01   2.0230837e-02   1.5554231e-01   8.2422685e-01
   3.3142881e-01   2.0118540e-02   1.5573316e-01   8.2414830e-01
   3.3142900e-01   2.0417444e-02   1.5584088e-01   8.2374168e-01
   3.3142927e-01   2.0071204e-02   1.5417227e-01   8.2575653e-01
   3.3142999e-01   2.0264615e-02   1.5579650e-01   8.2393888e-01
   3.3143023e-01   2.0197199e-02   1.5602036e-01   8.2378244e-01
   3.3143055e-01   2.0272277e-02   1.5393751e-01   8.2579021e-01
   3.3143148e-01   2.0380504e-02   1.5608736e-01   8.2353214e-01
   3.3143152e-01   2.0235919e-02   1.5490923e-01   8.2485485e-01
   3.3143156e-01   2.0350490e-02   1.5604352e-01   8.2360599e-01
   3.3143180e-01   2.0027986e-02   1.5514282e-01   8.2482919e-01
   3.3143305e-01   2.0255978e-02   1.5522242e-01   8.2452160e-01
   3.3143365e-01   2.0169349e-02   1.5403614e-01   8.2579451e-01
   3.3143377e-01   2.0257785e-02   1.5650160e-01   8.2324062e-01
   3.3143487e-01   2.0314451e-02   1.5619067e-01   8.2349488e-01
   3.3143596e-01   2.0167514e-02   1.5591877e-01   8.2391372e-01
   3.3143629e-01   2.0318712e-02   1.5556935e-01   8.2411193e-01
   3.3143688e-01   2.0307712e-02   1.5579078e-01   8.2390151e-01
   3.3143731e-01   2.0233274e-02   1.5529600e-01   8.2447073e-01
   3.3143804e-01   1.9547060e-02   1.5344645e-01   8.2700649e-01
   3.3143805e-01   2.0182770e-02   1.5640307e-01   8.2341416e-01
   3.3143818e-01   2.0408759e-02   1.5582297e-01   8.2376827e-01
   3.3143824e-01   2.0387923e-02   1.5739807e-01   8.2221400e-01
   3.3143914e-01   2.0183234e-02   1.5556820e-01   8.2424856e-01
   3.3143978e-01   2.0377442e-02   1.5627299e-01   8.2334957e-01
   3.3144045e-01   2.0457899e-02   1.5549913e-01   8.2404297e-01
   3.3144101e-01   2.0523236e-02   1.5682661e-01   8.2265015e-01
   3.3144207e-01   2.0219561e-02   1.5540880e-01   8.2437163e-01
   3.3144233e-01   2.0112627e-02   1.5654828e-01   8.2333909e-01
   3.3144299e-01   2.0209489e-02   1.5756778e-01   8.2222273e-01
   3.3144350e-01   2.0398532e-02   1.5740235e-01   8.2219912e-01
   3.3144376e-01   2.0334133e-02   1.5586333e-01   8.2380254e-01
   3.3144393e-01   2.0044931e-02   1.5512993e-01   8.2482514e-01
   3.3144455e-01   2.0464844e-02   1.5680676e-01   8.2272839e-01
   3.3144503e-01   2.0401474e-02   1.5520386e-01   8.2439466e-01
   3.3144525e-01   2.0403060e-02   1.5774614e-01   8.2185080e-01
   3.3144579e-01   1.9946221e-02   1.5387105e-01   8.2618273e-01
   3.3144595e-01   2.0384665e-02   1.5704804e-01   8.2256730e-01
   3.3144769e-01   2.0410989e-02   1.5783368e-01   8.2175533e-01
   3.3144789e-01   2.0196695e-02   1.5442098e-01   8.2538233e-01
   3.3144895e-01   2.0106255e-02   1.5682231e-01   8.2307143e-01
   3.3144943e-01   2.0481285e-02   1.5876566e-01   8.2075306e-01
   3.3144998e-01   2.0390729e-02   1.5750387e-01   8.2210540e-01
   3.3145030e-01   2.0348089e-02   1.5710978e-01   8.2254214e-01
   3.3145175e-01   2.0053173e-02   1.5470499e-01   8.2524183e-01
   3.3145186e-01   2.0113920e-02   1.5639695e-01   8.2348913e-01
   3.3145211e-01   2.0563160e-02   1.5786408e-01   8.2157276e-01
   3.3145221e-01   2.0165142e-02   1.5749795e-01   8.2233691e-01
   3.3145242e-01   2.0105847e-02   1.5329529e-01   8.2659887e-01
   3.3145248e-01   2.0322631e-02   1.5731860e-01   8.2235877e-01
   3.3145268e-01   2.0429176e-02   1.5624020e-01   8.2333062e-01
   3.3145365e-01   2.0491914e-02   1.5659619e-01   8.2291189e-01
   3.3145392e-01   2.0567136e-02   1.5816317e-01   8.2126970e-01
   3.3145424e-01   2.0324355e-02   1.5503827e-01   8.2463737e-01
   3.3145527e-01   2.0483328e-02   1.5743669e-01   8.2207998e-01
   3.3145541e-01   2.0340720e-02   1.5538333e-01   8.2427595e-01
   3.3145562e-01   2.0588575e-02   1.5733556e-01   8.2207587e-01
   3.3145677e-01   2.0365416e-02   1.5523398e-01   8.2440061e-01
   3.3145705e-01   2.0283760e-02   1.5546322e-01   8.2425302e-01
   3.3145783e-01   2.0562590e-02   1.5734435e-01   8.2209306e-01
   3.3145806e-01   2.0292963e-02   1.5709024e-01   8.2261680e-01
   3.3145822e-01   2.0326874e-02   1.5762743e-01   8.2204570e-01
   3.3145824e-01   2.0337062e-02   1.5715738e-01   8.2250556e-01
   3.3145836e-01   2.0578630e-02   1.5580846e-01   8.2361291e-01
   3.3145853e-01   2.0391490e-02   1.5622937e-01   8.2337914e-01
   3.3145983e-01   2.0338084e-02   1.5795009e-01   8.2171183e-01
   3.3146046e-01   2.0376730e-02   1.5713622e-01   8.2248705e-01
   3.3146103e-01   2.0534908e-02   1.5549253e-01   8.2397257e-01
   3.3146217e-01   2.0445347e-02   1.5831753e-01   8.2123712e-01
   3.3146249e-01   2.0546264e-02   1.5544490e-01   8.2400883e-01
   3.3146269e-01   2.0341582e-02   1.5725900e-01   8.2239942e-01
   3.3146344e-01   2.0264784e-02   1.5645439e-01   8.2328082e-01
   3.3146359e-01   2.0321406e-02   1.5765276e-01   8.2202584e-01
   3.3146391e-01   2.0435404e-02   1.5681835e-01   8.2274625e-01
   3.3146426e-01   2.0506315e-02   1.5738006e-01   8.2211362e-01
   3.3146436e-01   2.0393080e-02   1.5645670e-01   8.2315022e-01
   3.3146437e-01   2.0423126e-02   1.5754954e-01   8.2202733e-01
   3.3146451e-01   2.0267063e-02   1.5778149e-01   8.2195144e-01
   3.3146482e-01   2.0458378e-02   1.5778179e-01   8.2175983e-01
   3.3146483e-01   2.0667049e-02   1.5752567e-01   8.2180728e-01
   3.3146488e-01   2.0377422e-02   1.5684466e-01   8.2277792e-01
   3.3146499e-01   2.0487138e-02   1.5647912e-01   8.2303374e-01
   3.3146506e-01   2.0549366e-02   1.5559168e-01   8.2385896e-01
   3.3146514e-01   2.0583596e-02   1.5854880e-01   8.2086760e-01
   3.3146518e-01   2.0304469e-02   1.5750245e-01   8.2219308e-01
   3.3146538e-01   2.0501444e-02   1.5755504e-01   8.2194352e-01
   3.3146543e-01   2.0219899e-02   1.5720777e-01   8.2257233e-01
   3.3146552e-01   2.0313910e-02   1.5872320e-01   8.2096289e-01
   3.3146576e-01   2.0302197e-02   1.5728372e-01   8.2241408e-01
   3.3146586e-01   2.0484737e-02   1.5756519e-01   8.2195007e-01
   3.3146639e-01   2.0600619e-02   1.5692336e-01   8.2247602e-01
   3.3146650e-01   2.0261544e-02   1.5711804e-01   8.2262041e-01
   3.3146672e-01   2.0461763e-02   1.5728957e-01   8.2224867e-01
   3.3146674e-01   2.0310574e-02   1.5851132e-01   8.2117811e-01
   3.3146695e-01   2.0674139e-02   1.5694375e-01   8.2238211e-01
   3.3146726e-01   2.0279538e-02   1.5876173e-01   8.2095873e-01
   3.3146730e-01   2.0601217e-02   1.5552049e-01   8.2387829e-01
   3.3146748e-01   2.0686157e-02   1.5664126e-01   8.2267259e-01
   3.3146761e-01   2.0505142e-02   1.5750822e-01   8.2198663e-01
   3.3146766e-01   2.0530944e-02   1.5627381e-01   8.2319525e-01
   3.3146785e-01   2.0570280e-02   1.5773486e-01   8.2169486e-01
   3.3146795e-01   2.0327425e-02   1.5751279e-01   8.2215978e-01
   3.3146809e-01   2.0588008e-02   1.5603460e-01   8.2337739e-01
   3.3146809e-01   2.0323375e-02   1.5877852e-01   8.2089811e-01
   3.3146843e-01   2.0357373e-02   1.5635301e-01   8.2328961e-01
   3.3146856e-01   2.0589520e-02   1.5756182e-01   8.2184866e-01
   3.3146892e-01   2.0391931e-02   1.5585198e-01   8.2375609e-01
   3.3146907e-01   2.0294849e-02   1.5766920e-01   8.2203595e-01
   3.3146921e-01   2.0523754e-02   1.5670875e-01   8.2276750e-01
   3.3146922e-01   2.0375037e-02   1.5551819e-01   8.2410677e-01
   3.3146940e-01   2.0313298e-02   1.5631566e-01   8.2337104e-01
   3.3146959e-01   2.0366000e-02   1.5566388e-01   8.2397012e-01
   3.3146963e-01   2.0472543e-02   1.5526683e-01   8.2426063e-01
   3.3147025e-01   2.0546363e-02   1.5622864e-01   8.2322499e-01
   3.3147029e-01   2.0430009e-02   1.5797673e-01   8.2159326e-01
   3.3147048e-01   2.0332021e-02   1.5605956e-01   8.2360842e-01
   3.3147055e-01   2.0112691e-02   1.5698693e-01   8.2290038e-01
   3.3147069e-01   2.0462895e-02   1.5521311e-01   8.2432399e-01
   3.3147080e-01   2.0523293e-02   1.5566120e-01   8.2381551e-01
   3.3147091e-01   2.0230428e-02   1.5660972e-01   8.2315985e-01
   3.3147112e-01   2.0813783e-02   1.5755147e-01   8.2163475e-01
   3.3147115e-01   2.0446654e-02   1.5927162e-01   8.2028173e-01
   3.3147117e-01   2.0654785e-02   1.5454985e-01   8.2479537e-01
   3.3147138e-01   1.9947684e-02   1.5735312e-01   8.2269920e-01
   3.3147146e-01   2.0592788e-02   1.5557854e-01   8.2382867e-01
   3.3147159e-01   2.0491524e-02   1.5611720e-01   8.2339128e-01
   3.3147164e-01   2.0317842e-02   1.5723938e-01   8.2244277e-01
   3.3147177e-01   2.0366461e-02   1.5664722e-01   8.2298632e-01
   3.3147186e-01   2.0315760e-02   1.5580336e-01   8.2388088e-01
   3.3147190e-01   2.0367456e-02   1.5626754e-01   8.2336501e-01
   3.3147238e-01   2.0065322e-02   1.5703682e-01   8.2289786e-01
   3.3147248e-01   2.0368070e-02   1.5550595e-01   8.2412598e-01
   3.3147251e-01   2.0666804e-02   1.5821518e-01   8.2111802e-01
   3.3147274e-01   2.0251756e-02   1.5703493e-01   8.2271332e-01
   3.3147282e-01   2.0590881e-02   1.5603791e-01   8.2337121e-01
   3.3147284e-01   2.1034236e-02   1.5677326e-01   8.2219250e-01
   3.3147286e-01   2.0171801e-02   1.5629501e-01   8.2353318e-01
   3.3147292e-01   2.0539345e-02   1.5433090e-01   8.2512976e-01
   3.3147303e-01   2.0386155e-02   1.5626282e-01   8.2335102e-01
   3.3147305e-01   2.0320042e-02   1.5718306e-01   8.2249690e-01
   3.3147306e-01   2.0044647e-02   1.5702303e-01   8.2293232e-01
   3.3147322e-01   2.0284768e-02   1.5629550e-01   8.2341973e-01
   3.3147330e-01   2.0058187e-02   1.5713276e-01   8.2280905e-01
   3.3147330e-01   2.0320165e-02   1.5639992e-01   8.2327992e-01
   3.3147335e-01   2.0269831e-02   1.5710202e-01   8.2262815e-01
   3.3147355e-01   2.0472918e-02   1.5535189e-01   8.2417519e-01
   3.3147393e-01   2.0151571e-02   1.5704759e-01   8.2280084e-01
   3.3147395e-01   2.0538918e-02   1.5491654e-01   8.2454454e-01
   3.3147406e-01   1.9943677e-02   1.5791349e-01   8.2214283e-01
   3.3147409e-01   2.0353869e-02   1.5678957e-01   8.2285656e-01
   3.3147414e-01   2.0062284e-02   1.5662691e-01   8.2331080e-01
   3.3147416e-01   2.0406638e-02   1.5685083e-01   8.2274253e-01
   3.3147424e-01   2.0458661e-02   1.5676730e-01   8.2277404e-01
   3.3147430e-01   2.0334419e-02   1.5680309e-01   8.2286249e-01
   3.3147430e-01   2.0305908e-02   1.5671925e-01   8.2297485e-01
   3.3147439e-01   2.0379972e-02   1.5639834e-01   8.2322168e-01
   3.3147462e-01   2.0848564e-02   1.5736210e-01   8.2178934e-01
   3.3147466e-01   2.0072240e-02   1.5714751e-01   8.2278025e-01
   3.3147469e-01   2.0032928e-02   1.5686762e-01   8.2309945e-01
   3.3147472e-01   2.0099687e-02   1.5687504e-01   8.2302527e-01
   3.3147498e-01   2.0220897e-02   1.5745606e-01   8.2232304e-01
   3.3147514e-01   2.0261928e-02   1.5698367e-01   8.2275440e-01
   3.3147532e-01   2.0197546e-02   1.5575269e-01   8.2404977e-01
   3.3147545e-01   2.0391470e-02   1.5692514e-01   8.2268338e-01
   3.3147549e-01   2.0155306e-02   1.5686985e-01   8.2297484e-01
   3.3147560e-01   2.0417152e-02   1.5770711e-01   8.2187574e-01
   3.3147561e-01   2.0058608e-02   1.5647682e-01   8.2346457e-01
   3.3147579e-01   1.9948598e-02   1.5703750e-01   8.2301390e-01
   3.3147594e-01   2.0193686e-02   1.5631683e-01   8.2348948e-01
   3.3147595e-01   2.0317409e-02   1.5672821e-01   8.2295438e-01
   3.3147595e-01   2.0614479e-02   1.5641104e-01   8.2297448e-01
   3.3147596e-01   2.0085274e-02   1.5719218e-01   8.2272255e-01
   3.3147600e-01   1.9966275e-02   1.5749347e-01   8.2254025e-01
   3.3147634e-01   2.0184224e-02   1.5661930e-01   8.2319648e-01
   3.3147635e-01   2.0384096e-02   1.5737122e-01   8.2224468e-01
   3.3147635e-01   2.0449714e-02   1.5671323e-01   8.2283705e-01
   3.3147638e-01   2.0334392e-02   1.5697947e-01   8.2268614e-01
   3.3147662e-01   2.0332912e-02   1.5605135e-01   8.2361573e-01
   3.3147670e-01   2.0430205e-02   1.5643972e-01   8.2313008e-01
   3.3147699e-01   2.0268206e-02   1.5674518e-01   8.2298662e-01
   3.3147709e-01   2.0122976e-02   1.5738011e-01   8.2249691e-01
   3.3147713e-01   2.0375558e-02   1.5669738e-01   8.2292706e-01
   3.3147715e-01   2.0272237e-02   1.5689510e-01   8.2283267e-01
   3.3147729e-01   1.9875262e-02   1.5673710e-01   8.2338764e-01
   3.3147740e-01   2.0280177e-02   1.5717052e-01   8.2254930e-01
   3.3147742e-01   2.0271575e-02   1.5631784e-01   8.2341059e-01
   3.3147742e-01   2.0350499e-02   1.5734474e-01   8.2230476e-01
   3.3147745e-01   2.0346901e-02   1.5649218e-01   8.2316092e-01
   3.3147750e-01   2.0325864e-02   1.5628484e-01   8.2338929e-01
   3.3147765e-01   2.0245271e-02   1.5575907e-01   8.2399566e-01
   3.3147766e-01   2.0236277e-02   1.5603380e-01   8.2372992e-01
   3.3147768e-01   2.0326644e-02   1.5772364e-01   8.2194972e-01
   3.3147785e-01   2.0368244e-02   1.5656510e-01   8.2306665e-01
   3.3147789e-01   2.0308544e-02   1.5702712e-01   8.2266433e-01
   3.3147792e-01   2.0201267e-02   1.5615095e-01   8.2364778e-01
   3.3147795e-01   2.0432298e-02   1.5631179e-01   8.2325591e-01
   3.3147826e-01   2.0374465e-02   1.5551021e-01   8.2411533e-01
   3.3147829e-01   2.0351705e-02   1.5650033e-01   8.2314796e-01
   3.3147839e-01   2.0135420e-02   1.5640789e-01   8.2345669e-01
   3.3147842e-01   2.0230735e-02   1.5725557e-01   8.2251370e-01
   3.3147847e-01   2.0300439e-02   1.5585084e-01   8.2384872e-01
   3.3147856e-01   2.0206605e-02   1.5763405e-01   8.2215935e-01
   3.3147859e-01   2.0477444e-02   1.5626014e-01   8.2326241e-01
   3.3147864e-01   2.0474249e-02   1.5614689e-01   8.2337887e-01
   3.3147865e-01   2.0194718e-02   1.5683987e-01   8.2296541e-01
   3.3147875e-01   2.0322105e-02   1.5639851e-01   8.2327939e-01
   3.3147877e-01   2.0161099e-02   1.5802751e-01   8.2181140e-01
   3.3147878e-01   2.0231527e-02   1.5668946e-01   8.2307901e-01
   3.3147881e-01   2.0237892e-02   1.5679348e-01   8.2296863e-01
   3.3147884e-01   2.0224368e-02   1.5655370e-01   8.2322193e-01
   3.3147899e-01   2.0168403e-02   1.5733581e-01   8.2249578e-01
   3.3147899e-01   2.0418661e-02   1.5672364e-01   8.2285770e-01
   3.3147906e-01   2.0243139e-02   1.5777825e-01   8.2197861e-01
   3.3147914e-01   2.0281236e-02   1.5654085e-01   8.2317791e-01
   3.3147915e-01   2.0367204e-02   1.5695795e-01   8.2267484e-01
   3.3147923e-01   2.0119998e-02   1.5701457e-01   8.2286543e-01
   3.3147928e-01   2.0143959e-02   1.5655207e-01   8.2330397e-01
   3.3147933e-01   2.0501516e-02   1.5596071e-01   8.2353777e-01
   3.3147951e-01   2.0427887e-02   1.5648625e-01   8.2308586e-01
   3.3147956e-01   2.0094307e-02   1.5792247e-01   8.2198322e-01
   3.3147957e-01   2.0306073e-02   1.5523497e-01   8.2445895e-01
   3.3147969e-01   2.0301354e-02   1.5705025e-01   8.2264839e-01
   3.3147972e-01   2.0413965e-02   1.5648771e-01   8.2309833e-01
   3.3147974e-01   2.0308010e-02   1.5596202e-01   8.2372997e-01
   3.3147992e-01   2.0153542e-02   1.5639744e-01   8.2344902e-01
   3.3148017e-01   2.0200500e-02   1.5666063e-01   8.2313887e-01
   3.3148027e-01   2.0245412e-02   1.5609421e-01   8.2366038e-01
   3.3148028e-01   2.0200723e-02   1.5662776e-01   8.2317152e-01
   3.3148028e-01   2.0381103e-02   1.5627191e-01   8.2334699e-01
   3.3148057e-01   2.0146747e-02   1.5650547e-01   8.2334778e-01
   3.3148064e-01   2.0134235e-02   1.5664942e-01   8.2321635e-01
   3.3148071e-01   2.0125783e-02   1.5662716e-01   8.2324706e-01
   3.3148088e-01   2.0145394e-02   1.5677849e-01   8.2307612e-01
   3.3148091e-01   2.0213624e-02   1.5626308e-01   8.2352330e-01
   3.3148131e-01   2.0126933e-02   1.5642591e-01   8.2344715e-01
   3.3148131e-01   2.0287658e-02   1.5791285e-01   8.2179949e-01
   3.3148135e-01   2.0323461e-02   1.5693837e-01   8.2273817e-01
   3.3148142e-01   2.0358773e-02   1.5681407e-01   8.2282716e-01
   3.3148165e-01   2.0336509e-02   1.5614096e-01   8.2352253e-01
   3.3148166e-01   1.9969633e-02   1.5837920e-01   8.2165116e-01
   3.3148172e-01   2.0007790e-02   1.5786835e-01   8.2212386e-01
   3.3148175e-01   2.0127536e-02   1.5555537e-01   8.2431709e-01
   3.3148180e-01   2.0141259e-02   1.5624911e-01   8.2360963e-01
   3.3148185e-01   2.0078624e-02   1.5714919e-01   8.2277219e-01
   3.3148187e-01   2.0117179e-02   1.5620237e-01   8.2368045e-01
   3.3148194e-01   2.0038779e-02   1.5637354e-01   8.2358768e-01
   3.3148206e-01   2.0070410e-02   1.5594983e-01   8.2397976e-01
   3.3148251e-01   1.9997534e-02   1.5684410e-01   8.2315837e-01
   3.3148260e-01   2.0159904e-02   1.5641139e-01   8.2342871e-01
   3.3148263e-01   2.0142333e-02   1.5644695e-01   8.2341072e-01
   3.3148276e-01   2.0153419e-02   1.5609810e-01   8.2374848e-01
   3.3148307e-01   2.0162613e-02   1.5605637e-01   8.2378102e-01
   3.3148310e-01   2.0085409e-02   1.5598176e-01   8.2393283e-01
   3.3148334e-01   2.0096893e-02   1.5626563e-01   8.2363748e-01
   3.3148344e-01   2.0149111e-02   1.5637535e-01   8.2347554e-01
   3.3148345e-01   2.0143613e-02   1.5609826e-01   8.2375813e-01
   3.3148346e-01   2.0054992e-02   1.5622789e-01   8.2371712e-01
   3.3148352e-01   2.0061511e-02   1.5588599e-01   8.2405249e-01
   3.3148357e-01   2.0140379e-02   1.5633201e-01   8.2352761e-01
   3.3148381e-01   2.0298950e-02   1.5623394e-01   8.2346711e-01
   3.3148384e-01   2.0173460e-02   1.5625618e-01   8.2357036e-01
   3.3148393e-01   2.0062309e-02   1.5659904e-01   8.2333865e-01
   3.3148400e-01   2.0177932e-02   1.5557184e-01   8.2425023e-01
   3.3148400e-01   2.0041117e-02   1.5622764e-01   8.2373124e-01
   3.3148405e-01   2.0070357e-02   1.5582399e-01   8.2410565e-01
   3.3148409e-01   2.0147937e-02   1.5600757e-01   8.2384449e-01
   3.3148410e-01   2.0050782e-02   1.5619119e-01   8.2375802e-01
   3.3148415e-01   2.0046964e-02   1.5584497e-01   8.2410807e-01
   3.3148416e-01   1.9951199e-02   1.5616546e-01   8.2388334e-01
   3.3148434e-01   2.0184807e-02   1.5575137e-01   8.2406382e-01
   3.3148437e-01   2.0176570e-02   1.5561262e-01   8.2421081e-01
   3.3148441e-01   2.0132845e-02   1.5598944e-01   8.2387772e-01
   3.3148444e-01   2.0140354e-02   1.5578905e-01   8.2407060e-01
   3.3148447e-01   2.0227333e-02   1.5533973e-01   8.2443293e-01
   3.3148451e-01   2.0119537e-02   1.5561052e-01   8.2426995e-01
   3.3148454e-01   2.0302798e-02   1.5543528e-01   8.2426193e-01
   3.3148455e-01   2.0205274e-02   1.5588348e-01   8.2391125e-01
   3.3148461e-01   2.0125490e-02   1.5557257e-01   8.2430194e-01
   3.3148464e-01   2.0146507e-02   1.5604802e-01   8.2380547e-01
   3.3148465e-01   2.0254542e-02   1.5613831e-01   8.2360715e-01
   3.3148484e-01   2.0095843e-02   1.5577244e-01   8.2413171e-01
   3.3148490e-01   2.0268106e-02   1.5527073e-01   8.2446116e-01
   3.3148498e-01   2.0161066e-02   1.5627235e-01   8.2356658e-01
   3.3148499e-01   2.0167714e-02   1.5610311e-01   8.2372918e-01
   3.3148499e-01   1.9988700e-02   1.5644897e-01   8.2356233e-01
   3.3148500e-01   2.0207532e-02   1.5628227e-01   8.2351020e-01
   3.3148504e-01   2.0151892e-02   1.5584610e-01   8.2400201e-01
   3.3148508e-01   2.0135861e-02   1.5605732e-01   8.2380682e-01
   3.3148511e-01   2.0228118e-02   1.5659450e-01   8.2317738e-01
   3.3148514e-01   1.9965698e-02   1.5583213e-01   8.2420217e-01
   3.3148515e-01   2.0161086e-02   1.5681564e-01   8.2302328e-01
   3.3148521e-01   2.0108783e-02   1.5596756e-01   8.2392366e-01
   3.3148523e-01   2.0296794e-02   1.5598087e-01   8.2372234e-01
   3.3148524e-01   1.9985639e-02   1.5590265e-01   8.2411171e-01
   3.3148528e-01   2.0239130e-02   1.5553956e-01   8.2422131e-01
   3.3148531e-01   2.0136639e-02   1.5590268e-01   8.2396068e-01
   3.3148538e-01   2.0133785e-02   1.5545243e-01   8.2441379e-01
   3.3148539e-01   1.9948607e-02   1.5651071e-01   8.2354068e-01
   3.3148542e-01   2.0170201e-02   1.5606010e-01   8.2376970e-01
   3.3148548e-01   2.0294695e-02   1.5540445e-01   8.2430085e-01
   3.3148555e-01   2.0069858e-02   1.5656141e-01   8.2336873e-01
   3.3148560e-01   2.0122270e-02   1.5669322e-01   8.2318451e-01
   3.3148573e-01   2.0090014e-02   1.5643924e-01   8.2347074e-01
   3.3148581e-01   1.9854472e-02   1.5679265e-01   8.2335288e-01
   3.3148582e-01   2.0121471e-02   1.5624972e-01   8.2362881e-01
   3.3148583e-01   2.0165899e-02   1.5606896e-01   8.2376514e-01
   3.3148589e-01   2.0056669e-02   1.5527753e-01   8.2466580e-01
   3.3148592e-01   2.0195912e-02   1.5561709e-01   8.2418700e-01
   3.3148603e-01   2.0184240e-02   1.5585839e-01   8.2395737e-01
   3.3148604e-01   2.0115385e-02   1.5606367e-01   8.2382095e-01
   3.3148607e-01   2.0091155e-02   1.5617959e-01   8.2372925e-01
   3.3148616e-01   2.0123312e-02   1.5610759e-01   8.2376909e-01
   3.3148616e-01   2.0105760e-02   1.5621005e-01   8.2368419e-01
   3.3148620e-01   1.9994666e-02   1.5621365e-01   8.2379168e-01
