   5.4533347e-01   0.0000000e+00   5.7234009e-01   4.2765991e-01
   5.4533352e-01   0.0000000e+00   5.7235214e-01   4.2764786e-01
   5.4533354e-01   0.0000000e+00   5.7231001e-01   4.2768999e-01
   5.4533355e-01   0.0000000e+00   5.7236483e-01   4.2763517e-01
   5.4533368e-01   0.0000000e+00   5.7254482e-01   4.2745518e-01
   5.4533368e-01   0.0000000e+00   5.7218241e-01   4.2781759e-01
   5.4533377e-01   0.0000000e+00   5.7214949e-01   4.2785051e-01
   5.4533387e-01   0.0000000e+00   5.7263666e-01   4.2736334e-01
   5.4533389e-01   0.0000000e+00   5.7206180e-01   4.2793820e-01
   5.4533392e-01   0.0000000e+00   5.7199476e-01   4.2800524e-01
   5.4533393e-01   0.0000000e+00   5.7228159e-01   4.2771841e-01
   5.4533396e-01   0.0000000e+00   5.7277134e-01   4.2722866e-01
   5.4533397e-01   0.0000000e+00   5.7206884e-01   4.2793116e-01
   5.4533397e-01   0.0000000e+00   5.7220200e-01   4.2779800e-01
   5.4533398e-01   0.0000000e+00   5.7231500e-01   4.2768500e-01
   5.4533399e-01   0.0000000e+00   5.7265794e-01   4.2734206e-01
   5.4533403e-01   0.0000000e+00   5.7189615e-01   4.2810385e-01
   5.4533404e-01   0.0000000e+00   5.7227228e-01   4.2772772e-01
   5.4533404e-01   0.0000000e+00   5.7218088e-01   4.2781912e-01
   5.4533405e-01   0.0000000e+00   5.7208822e-01   4.2791178e-01
   5.4533406e-01   0.0000000e+00   5.7229582e-01   4.2770418e-01
   5.4533407e-01   0.0000000e+00   5.7200011e-01   4.2799989e-01
   5.4533408e-01   0.0000000e+00   5.7232024e-01   4.2767976e-01
   5.4533414e-01   0.0000000e+00   5.7258004e-01   4.2741996e-01
   5.4533416e-01   0.0000000e+00   5.7206467e-01   4.2793533e-01
   5.4533420e-01   0.0000000e+00   5.7286911e-01   4.2713089e-01
   5.4533422e-01   0.0000000e+00   5.7237633e-01   4.2762367e-01
   5.4533423e-01   0.0000000e+00   5.7217762e-01   4.2782238e-01
   5.4533426e-01   0.0000000e+00   5.7205739e-01   4.2794261e-01
   5.4533427e-01   0.0000000e+00   5.7193530e-01   4.2806470e-01
   5.4533431e-01   0.0000000e+00   5.7274251e-01   4.2725749e-01
   5.4533431e-01   0.0000000e+00   5.7216123e-01   4.2783877e-01
   5.4533432e-01   0.0000000e+00   5.7179251e-01   4.2820749e-01
   5.4533434e-01   0.0000000e+00   5.7229208e-01   4.2770792e-01
   5.4533439e-01   0.0000000e+00   5.7245225e-01   4.2754775e-01
   5.4533441e-01   0.0000000e+00   5.7167466e-01   4.2832534e-01
   5.4533442e-01   0.0000000e+00   5.7177124e-01   4.2822876e-01
   5.4533443e-01   0.0000000e+00   5.7186904e-01   4.2813096e-01
   5.4533445e-01   0.0000000e+00   5.7218773e-01   4.2781227e-01
   5.4533445e-01   0.0000000e+00   5.7262026e-01   4.2737974e-01
   5.4533447e-01   0.0000000e+00   5.7188024e-01   4.2811976e-01
   5.4533447e-01   0.0000000e+00   5.7227966e-01   4.2772034e-01
   5.4533447e-01   0.0000000e+00   5.7170738e-01   4.2829262e-01
   5.4533448e-01   0.0000000e+00   5.7182509e-01   4.2817491e-01
   5.4533451e-01   0.0000000e+00   5.7178286e-01   4.2821714e-01
   5.4533451e-01   0.0000000e+00   5.7206183e-01   4.2793817e-01
   5.4533451e-01   0.0000000e+00   5.7181631e-01   4.2818369e-01
   5.4533451e-01   0.0000000e+00   5.7294539e-01   4.2705461e-01
   5.4533454e-01   0.0000000e+00   5.7242521e-01   4.2757479e-01
   5.4533455e-01   0.0000000e+00   5.7291698e-01   4.2708302e-01
   5.4533456e-01   0.0000000e+00   5.7240710e-01   4.2759290e-01
   5.4533456e-01   0.0000000e+00   5.7185913e-01   4.2814087e-01
   5.4533463e-01   0.0000000e+00   5.7194460e-01   4.2805540e-01
   5.4533464e-01   0.0000000e+00   5.7182261e-01   4.2817739e-01
   5.4533465e-01   0.0000000e+00   5.7236258e-01   4.2763742e-01
   5.4533468e-01   0.0000000e+00   5.7182899e-01   4.2817101e-01
   5.4533472e-01   0.0000000e+00   5.7265228e-01   4.2734772e-01
   5.4533474e-01   0.0000000e+00   5.7196498e-01   4.2803502e-01
   5.4533478e-01   0.0000000e+00   5.7168578e-01   4.2831422e-01
   5.4533483e-01   0.0000000e+00   5.7175578e-01   4.2824422e-01
   5.4533486e-01   0.0000000e+00   5.7175024e-01   4.2824976e-01
   5.4533487e-01   0.0000000e+00   5.7171054e-01   4.2828946e-01
   5.4533487e-01   0.0000000e+00   5.7132400e-01   4.2867600e-01
   5.4533493e-01   0.0000000e+00   5.7172073e-01   4.2827927e-01
   5.4533494e-01   0.0000000e+00   5.7151980e-01   4.2848020e-01
   5.4533497e-01   0.0000000e+00   5.7311397e-01   4.2688603e-01
   5.4533498e-01   0.0000000e+00   5.7155773e-01   4.2844227e-01
   5.4533498e-01   0.0000000e+00   5.7179623e-01   4.2820377e-01
   5.4533500e-01   0.0000000e+00   5.7222835e-01   4.2777165e-01
   5.4533503e-01   0.0000000e+00   5.7158370e-01   4.2841630e-01
   5.4533505e-01   0.0000000e+00   5.7152453e-01   4.2847547e-01
   5.4533505e-01   0.0000000e+00   5.7255517e-01   4.2744483e-01
   5.4533505e-01   0.0000000e+00   5.7155169e-01   4.2844831e-01
   5.4533509e-01   0.0000000e+00   5.7231382e-01   4.2768618e-01
   5.4533511e-01   0.0000000e+00   5.7156294e-01   4.2843706e-01
   5.4533511e-01   0.0000000e+00   5.7166592e-01   4.2833408e-01
   5.4533512e-01   0.0000000e+00   5.7157410e-01   4.2842590e-01
   5.4533523e-01   0.0000000e+00   5.7308560e-01   4.2691440e-01
   5.4533524e-01   0.0000000e+00   5.7235902e-01   4.2764098e-01
   5.4533525e-01   0.0000000e+00   5.7182381e-01   4.2817619e-01
   5.4533526e-01   0.0000000e+00   5.7150789e-01   4.2849211e-01
   5.4533527e-01   0.0000000e+00   5.7151191e-01   4.2848809e-01
   5.4533527e-01   0.0000000e+00   5.7154036e-01   4.2845964e-01
   5.4533531e-01   0.0000000e+00   5.7161881e-01   4.2838119e-01
   5.4533533e-01   0.0000000e+00   5.7116493e-01   4.2883507e-01
   5.4533533e-01   0.0000000e+00   5.7149027e-01   4.2850973e-01
   5.4533534e-01   0.0000000e+00   5.7150315e-01   4.2849685e-01
   5.4533540e-01   0.0000000e+00   5.7176894e-01   4.2823106e-01
   5.4533545e-01   0.0000000e+00   5.7157576e-01   4.2842424e-01
   5.4533551e-01   0.0000000e+00   5.7127805e-01   4.2872195e-01
   5.4533552e-01   0.0000000e+00   5.7168942e-01   4.2831058e-01
   5.4533559e-01   0.0000000e+00   5.7134396e-01   4.2865604e-01
   5.4533561e-01   0.0000000e+00   5.7141372e-01   4.2858628e-01
   5.4533561e-01   0.0000000e+00   5.7144618e-01   4.2855382e-01
   5.4533563e-01   0.0000000e+00   5.7167730e-01   4.2832270e-01
   5.4533567e-01   0.0000000e+00   5.7137095e-01   4.2862905e-01
   5.4533567e-01   0.0000000e+00   5.7133225e-01   4.2866775e-01
   5.4533571e-01   0.0000000e+00   5.7096567e-01   4.2903433e-01
   5.4533573e-01   0.0000000e+00   5.7120194e-01   4.2879806e-01
   5.4533574e-01   0.0000000e+00   5.7137486e-01   4.2862514e-01
   5.4533574e-01   0.0000000e+00   5.7144355e-01   4.2855645e-01
   5.4533575e-01   0.0000000e+00   5.7112105e-01   4.2887895e-01
   5.4533576e-01   0.0000000e+00   5.7146625e-01   4.2853375e-01
   5.4533578e-01   0.0000000e+00   5.7194124e-01   4.2805876e-01
   5.4533578e-01   0.0000000e+00   5.7187055e-01   4.2812945e-01
   5.4533583e-01   0.0000000e+00   5.7137497e-01   4.2862503e-01
   5.4533585e-01   0.0000000e+00   5.7185290e-01   4.2814710e-01
   5.4533587e-01   0.0000000e+00   5.7141430e-01   4.2858570e-01
   5.4533589e-01   0.0000000e+00   5.7168194e-01   4.2831806e-01
   5.4533589e-01   0.0000000e+00   5.7120320e-01   4.2879680e-01
   5.4533591e-01   0.0000000e+00   5.7105710e-01   4.2894290e-01
   5.4533602e-01   0.0000000e+00   5.7147616e-01   4.2852384e-01
   5.4533603e-01   0.0000000e+00   5.7127246e-01   4.2872754e-01
   5.4533603e-01   0.0000000e+00   5.7220993e-01   4.2779007e-01
   5.4533606e-01   0.0000000e+00   5.7191648e-01   4.2808352e-01
   5.4533617e-01   0.0000000e+00   5.7138197e-01   4.2861803e-01
   5.4533622e-01   0.0000000e+00   5.7127945e-01   4.2872055e-01
   5.4533623e-01   0.0000000e+00   5.7194200e-01   4.2805800e-01
   5.4533630e-01   0.0000000e+00   5.7160434e-01   4.2839566e-01
   5.4533630e-01   0.0000000e+00   5.7162222e-01   4.2837778e-01
   5.4533631e-01   0.0000000e+00   5.7213165e-01   4.2786835e-01
   5.4533635e-01   0.0000000e+00   5.7195514e-01   4.2804486e-01
   5.4533638e-01   0.0000000e+00   5.7140587e-01   4.2859413e-01
   5.4533647e-01   0.0000000e+00   5.7120167e-01   4.2879833e-01
   5.4533648e-01   0.0000000e+00   5.7095988e-01   4.2904012e-01
   5.4533657e-01   0.0000000e+00   5.7132905e-01   4.2867095e-01
   5.4533666e-01   0.0000000e+00   5.7092068e-01   4.2907932e-01
   5.4533669e-01   0.0000000e+00   5.7108187e-01   4.2891813e-01
   5.4533672e-01   0.0000000e+00   5.7156525e-01   4.2843475e-01
   5.4533675e-01   0.0000000e+00   5.7112635e-01   4.2887365e-01
   5.4533675e-01   0.0000000e+00   5.7139451e-01   4.2860549e-01
   5.4533679e-01   0.0000000e+00   5.7110256e-01   4.2889744e-01
   5.4533683e-01   0.0000000e+00   5.7138690e-01   4.2861310e-01
   5.4533686e-01   0.0000000e+00   5.7148595e-01   4.2851405e-01
   5.4533688e-01   0.0000000e+00   5.7123800e-01   4.2876200e-01
   5.4533691e-01   0.0000000e+00   5.7183781e-01   4.2816219e-01
   5.4533695e-01   0.0000000e+00   5.7113959e-01   4.2886041e-01
   5.4533698e-01   0.0000000e+00   5.7199747e-01   4.2800253e-01
   5.4533701e-01   0.0000000e+00   5.7125142e-01   4.2874858e-01
   5.4533703e-01   0.0000000e+00   5.7134994e-01   4.2865006e-01
   5.4533706e-01   0.0000000e+00   5.7072375e-01   4.2927625e-01
   5.4533709e-01   0.0000000e+00   5.7181499e-01   4.2818501e-01
   5.4533710e-01   0.0000000e+00   5.7029246e-01   4.2970754e-01
   5.4533714e-01   0.0000000e+00   5.7298591e-01   4.2701409e-01
   5.4533717e-01   0.0000000e+00   5.7245514e-01   4.2754486e-01
   5.4533718e-01   0.0000000e+00   5.7161838e-01   4.2838162e-01
   5.4533719e-01   0.0000000e+00   5.7227735e-01   4.2772265e-01
   5.4533723e-01   0.0000000e+00   5.7155989e-01   4.2844011e-01
   5.4533741e-01   0.0000000e+00   5.7211099e-01   4.2788901e-01
   5.4533745e-01   0.0000000e+00   5.7131798e-01   4.2868202e-01
   5.4533746e-01   0.0000000e+00   5.7115740e-01   4.2884260e-01
   5.4533747e-01   0.0000000e+00   5.7079906e-01   4.2920094e-01
   5.4533750e-01   0.0000000e+00   5.7110424e-01   4.2889576e-01
   5.4533750e-01   0.0000000e+00   5.7102367e-01   4.2897633e-01
   5.4533755e-01   0.0000000e+00   5.7147675e-01   4.2852325e-01
   5.4533756e-01   0.0000000e+00   5.7128357e-01   4.2871643e-01
   5.4533760e-01   0.0000000e+00   5.7112496e-01   4.2887504e-01
   5.4533763e-01   0.0000000e+00   5.7065337e-01   4.2934663e-01
   5.4533763e-01   0.0000000e+00   5.7078254e-01   4.2921746e-01
   5.4533765e-01   0.0000000e+00   5.7195848e-01   4.2804152e-01
   5.4533767e-01   0.0000000e+00   5.7100758e-01   4.2899242e-01
   5.4533770e-01   0.0000000e+00   5.7136814e-01   4.2863186e-01
   5.4533781e-01   0.0000000e+00   5.7100869e-01   4.2899131e-01
   5.4533781e-01   0.0000000e+00   5.7062434e-01   4.2937566e-01
   5.4533783e-01   0.0000000e+00   5.7125580e-01   4.2874420e-01
   5.4533786e-01   0.0000000e+00   5.7154487e-01   4.2845513e-01
   5.4533791e-01   0.0000000e+00   5.7124385e-01   4.2875615e-01
   5.4533808e-01   0.0000000e+00   5.7133861e-01   4.2866139e-01
   5.4533810e-01   0.0000000e+00   5.7088231e-01   4.2911769e-01
   5.4533820e-01   0.0000000e+00   5.7130556e-01   4.2869444e-01
   5.4533822e-01   0.0000000e+00   5.7108296e-01   4.2891704e-01
   5.4533823e-01   0.0000000e+00   5.7033918e-01   4.2966082e-01
   5.4533827e-01   0.0000000e+00   5.7144905e-01   4.2855095e-01
   5.4533836e-01   0.0000000e+00   5.7159750e-01   4.2840250e-01
   5.4533843e-01   0.0000000e+00   5.7152102e-01   4.2847898e-01
   5.4533845e-01   0.0000000e+00   5.7099305e-01   4.2900695e-01
   5.4533848e-01   0.0000000e+00   5.7100228e-01   4.2899772e-01
   5.4533863e-01   0.0000000e+00   5.7100335e-01   4.2899665e-01
   5.4533869e-01   0.0000000e+00   5.7063398e-01   4.2936602e-01
   5.4533869e-01   0.0000000e+00   5.7188319e-01   4.2811681e-01
   5.4533869e-01   0.0000000e+00   5.7160017e-01   4.2839983e-01
   5.4533871e-01   0.0000000e+00   5.7099293e-01   4.2900707e-01
   5.4533871e-01   0.0000000e+00   5.7149017e-01   4.2850983e-01
   5.4533872e-01   0.0000000e+00   5.7161074e-01   4.2838926e-01
   5.4533873e-01   0.0000000e+00   5.7090381e-01   4.2909619e-01
   5.4533882e-01   0.0000000e+00   5.7116173e-01   4.2883827e-01
   5.4533889e-01   0.0000000e+00   5.7115052e-01   4.2884948e-01
   5.4533893e-01   0.0000000e+00   5.7107736e-01   4.2892264e-01
   5.4533896e-01   0.0000000e+00   5.7105522e-01   4.2894478e-01
   5.4533912e-01   0.0000000e+00   5.7144872e-01   4.2855128e-01
   5.4533923e-01   0.0000000e+00   5.7128195e-01   4.2871805e-01
   5.4533926e-01   0.0000000e+00   5.7091527e-01   4.2908473e-01
   5.4533933e-01   0.0000000e+00   5.7017175e-01   4.2982825e-01
   5.4533938e-01   0.0000000e+00   5.7152955e-01   4.2847045e-01
   5.4533942e-01   0.0000000e+00   5.7098764e-01   4.2901236e-01
   5.4533945e-01   0.0000000e+00   5.7163666e-01   4.2836334e-01
   5.4533969e-01   0.0000000e+00   5.7133155e-01   4.2866845e-01
   5.4533973e-01   0.0000000e+00   5.7092198e-01   4.2907802e-01
   5.4533979e-01   0.0000000e+00   5.7099209e-01   4.2900791e-01
   5.4533981e-01   0.0000000e+00   5.7032838e-01   4.2967162e-01
   5.4533983e-01   0.0000000e+00   5.7048879e-01   4.2951121e-01
   5.4534001e-01   0.0000000e+00   5.7088621e-01   4.2911379e-01
   5.4534006e-01   0.0000000e+00   5.7199787e-01   4.2800213e-01
   5.4534008e-01   0.0000000e+00   5.7036007e-01   4.2963993e-01
   5.4534008e-01   0.0000000e+00   5.7144200e-01   4.2855800e-01
   5.4534033e-01   0.0000000e+00   5.7128674e-01   4.2871326e-01
   5.4534037e-01   0.0000000e+00   5.7103036e-01   4.2896964e-01
   5.4534047e-01   0.0000000e+00   5.7116736e-01   4.2883264e-01
   5.4534054e-01   0.0000000e+00   5.7128398e-01   4.2871602e-01
   5.4534057e-01   0.0000000e+00   5.7100871e-01   4.2899129e-01
   5.4534057e-01   0.0000000e+00   5.6965524e-01   4.3034476e-01
   5.4534058e-01   0.0000000e+00   5.7175831e-01   4.2824169e-01
   5.4534059e-01   0.0000000e+00   5.7136024e-01   4.2863976e-01
   5.4534060e-01   0.0000000e+00   5.7191296e-01   4.2808704e-01
   5.4534060e-01   0.0000000e+00   5.7288700e-01   4.2711300e-01
   5.4534062e-01   0.0000000e+00   5.7099883e-01   4.2900117e-01
   5.4534077e-01   0.0000000e+00   5.7011635e-01   4.2988365e-01
   5.4534090e-01   0.0000000e+00   5.7079372e-01   4.2920628e-01
   5.4534091e-01   0.0000000e+00   5.7060136e-01   4.2939864e-01
   5.4534101e-01   0.0000000e+00   5.6983204e-01   4.3016796e-01
   5.4534106e-01   0.0000000e+00   5.7021830e-01   4.2978170e-01
   5.4534107e-01   0.0000000e+00   5.7156929e-01   4.2843071e-01
   5.4534112e-01   0.0000000e+00   5.7172576e-01   4.2827424e-01
   5.4534128e-01   0.0000000e+00   5.6980317e-01   4.3019683e-01
   5.4534131e-01   0.0000000e+00   5.7294342e-01   4.2705658e-01
   5.4534134e-01   0.0000000e+00   5.7211974e-01   4.2788026e-01
   5.4534143e-01   0.0000000e+00   5.7197873e-01   4.2802127e-01
   5.4534152e-01   0.0000000e+00   5.7001562e-01   4.2998438e-01
   5.4534154e-01   0.0000000e+00   5.7073987e-01   4.2926013e-01
   5.4534162e-01   0.0000000e+00   5.7165186e-01   4.2834814e-01
   5.4534186e-01   0.0000000e+00   5.7239169e-01   4.2760831e-01
   5.4534188e-01   0.0000000e+00   5.7130511e-01   4.2869489e-01
   5.4534189e-01   0.0000000e+00   5.7072994e-01   4.2927006e-01
   5.4534207e-01   0.0000000e+00   5.7248317e-01   4.2751683e-01
   5.4534208e-01   0.0000000e+00   5.7132415e-01   4.2867585e-01
   5.4534222e-01   0.0000000e+00   5.7038136e-01   4.2961864e-01
   5.4534222e-01   0.0000000e+00   5.7185859e-01   4.2814141e-01
   5.4534228e-01   0.0000000e+00   5.7174796e-01   4.2825204e-01
   5.4534236e-01   0.0000000e+00   5.6994040e-01   4.3005960e-01
   5.4534242e-01   0.0000000e+00   5.7083599e-01   4.2916401e-01
   5.4534244e-01   0.0000000e+00   5.7061791e-01   4.2938209e-01
   5.4534251e-01   0.0000000e+00   5.7222314e-01   4.2777686e-01
   5.4534253e-01   0.0000000e+00   5.7146989e-01   4.2853011e-01
   5.4534254e-01   0.0000000e+00   5.6985650e-01   4.3014350e-01
   5.4534263e-01   0.0000000e+00   5.6938424e-01   4.3061576e-01
   5.4534264e-01   0.0000000e+00   5.7074197e-01   4.2925803e-01
   5.4534281e-01   0.0000000e+00   5.7123701e-01   4.2876299e-01
   5.4534283e-01   0.0000000e+00   5.7226471e-01   4.2773529e-01
   5.4534285e-01   0.0000000e+00   5.7316660e-01   4.2683340e-01
   5.4534291e-01   0.0000000e+00   5.7085599e-01   4.2914401e-01
   5.4534291e-01   0.0000000e+00   5.7120435e-01   4.2879565e-01
   5.4534298e-01   0.0000000e+00   5.7211512e-01   4.2788488e-01
   5.4534303e-01   0.0000000e+00   5.7207140e-01   4.2792860e-01
   5.4534306e-01   0.0000000e+00   5.7137347e-01   4.2862653e-01
   5.4534319e-01   0.0000000e+00   5.7054878e-01   4.2945122e-01
   5.4534326e-01   0.0000000e+00   5.7177315e-01   4.2822685e-01
   5.4534345e-01   0.0000000e+00   5.6993059e-01   4.3006941e-01
   5.4534347e-01   0.0000000e+00   5.7052756e-01   4.2947244e-01
   5.4534355e-01   0.0000000e+00   5.7241329e-01   4.2758671e-01
   5.4534368e-01   0.0000000e+00   5.7089885e-01   4.2910115e-01
   5.4534371e-01   0.0000000e+00   5.7282783e-01   4.2717217e-01
   5.4534383e-01   0.0000000e+00   5.7249195e-01   4.2750805e-01
   5.4534384e-01   0.0000000e+00   5.7032085e-01   4.2967915e-01
   5.4534387e-01   0.0000000e+00   5.7094978e-01   4.2905022e-01
   5.4534389e-01   0.0000000e+00   5.7028191e-01   4.2971809e-01
   5.4534402e-01   0.0000000e+00   5.7070288e-01   4.2929712e-01
   5.4534434e-01   0.0000000e+00   5.7168001e-01   4.2831999e-01
   5.4534455e-01   0.0000000e+00   5.6996632e-01   4.3003368e-01
   5.4534458e-01   0.0000000e+00   5.7042123e-01   4.2957877e-01
   5.4534473e-01   0.0000000e+00   5.7112190e-01   4.2887810e-01
   5.4534483e-01   0.0000000e+00   5.7024295e-01   4.2975705e-01
   5.4534511e-01   0.0000000e+00   5.7188228e-01   4.2811772e-01
   5.4534563e-01   0.0000000e+00   5.7142200e-01   4.2857800e-01
   5.4534573e-01   0.0000000e+00   5.7035174e-01   4.2964826e-01
   5.4534579e-01   0.0000000e+00   5.7024510e-01   4.2975490e-01
   5.4534594e-01   0.0000000e+00   5.7018154e-01   4.2981846e-01
   5.4534598e-01   0.0000000e+00   5.7207146e-01   4.2792854e-01
   5.4534633e-01   0.0000000e+00   5.7120841e-01   4.2879159e-01
   5.4534635e-01   0.0000000e+00   5.7167502e-01   4.2832498e-01
   5.4534636e-01   0.0000000e+00   5.7047447e-01   4.2952553e-01
   5.4534636e-01   0.0000000e+00   5.7089707e-01   4.2910293e-01
   5.4534649e-01   0.0000000e+00   5.7025614e-01   4.2974386e-01
   5.4534656e-01   0.0000000e+00   5.7240582e-01   4.2759418e-01
   5.4534668e-01   0.0000000e+00   5.7167711e-01   4.2832289e-01
   5.4534669e-01   0.0000000e+00   5.6974845e-01   4.3025155e-01
   5.4534685e-01   0.0000000e+00   5.7046362e-01   4.2953638e-01
   5.4534690e-01   0.0000000e+00   5.7044211e-01   4.2955789e-01
   5.4534714e-01   0.0000000e+00   5.7449327e-01   4.2550673e-01
   5.4534723e-01   0.0000000e+00   5.7269767e-01   4.2730233e-01
   5.4534724e-01   0.0000000e+00   5.7229415e-01   4.2770585e-01
   5.4534739e-01   0.0000000e+00   5.7016276e-01   4.2983724e-01
   5.4534744e-01   0.0000000e+00   5.7163746e-01   4.2836254e-01
   5.4534745e-01   0.0000000e+00   5.7007443e-01   4.2992557e-01
   5.4534746e-01   0.0000000e+00   5.7193379e-01   4.2806621e-01
   5.4534755e-01   0.0000000e+00   5.7009941e-01   4.2990059e-01
   5.4534775e-01   0.0000000e+00   5.7339322e-01   4.2660678e-01
   5.4534780e-01   0.0000000e+00   5.7191398e-01   4.2808602e-01
   5.4534787e-01   0.0000000e+00   5.7218618e-01   4.2781382e-01
   5.4534800e-01   0.0000000e+00   5.7322022e-01   4.2677978e-01
   5.4534804e-01   0.0000000e+00   5.6939462e-01   4.3060538e-01
   5.4534806e-01   0.0000000e+00   5.7225756e-01   4.2774244e-01
   5.4534830e-01   0.0000000e+00   5.7032206e-01   4.2967794e-01
   5.4534832e-01   0.0000000e+00   5.6938771e-01   4.3061229e-01
   5.4534834e-01   0.0000000e+00   5.7243984e-01   4.2756016e-01
   5.4534904e-01   0.0000000e+00   5.7128256e-01   4.2871744e-01
   5.4534905e-01   0.0000000e+00   5.7285962e-01   4.2714038e-01
   5.4534924e-01   0.0000000e+00   5.6943772e-01   4.3056228e-01
   5.4534946e-01   0.0000000e+00   5.6925721e-01   4.3074279e-01
   5.4534992e-01   0.0000000e+00   5.7249687e-01   4.2750313e-01
   5.4534996e-01   0.0000000e+00   5.7146880e-01   4.2853120e-01
   5.4535002e-01   0.0000000e+00   5.7229216e-01   4.2770784e-01
   5.4535020e-01   0.0000000e+00   5.7394778e-01   4.2605222e-01
   5.4535020e-01   0.0000000e+00   5.7247730e-01   4.2752270e-01
   5.4535021e-01   0.0000000e+00   5.6807226e-01   4.3192774e-01
   5.4535023e-01   0.0000000e+00   5.7009563e-01   4.2990437e-01
   5.4535033e-01   0.0000000e+00   5.7211366e-01   4.2788634e-01
   5.4535057e-01   0.0000000e+00   5.7083933e-01   4.2916067e-01
   5.4535069e-01   0.0000000e+00   5.7095609e-01   4.2904391e-01
   5.4535085e-01   0.0000000e+00   5.7248908e-01   4.2751092e-01
   5.4535086e-01   0.0000000e+00   5.7110104e-01   4.2889896e-01
   5.4535094e-01   0.0000000e+00   5.7346710e-01   4.2653290e-01
   5.4535102e-01   0.0000000e+00   5.7155884e-01   4.2844116e-01
   5.4535123e-01   0.0000000e+00   5.6951859e-01   4.3048141e-01
   5.4535123e-01   0.0000000e+00   5.7283633e-01   4.2716367e-01
   5.4535136e-01   0.0000000e+00   5.7248981e-01   4.2751019e-01
   5.4535144e-01   0.0000000e+00   5.6956725e-01   4.3043275e-01
   5.4535150e-01   0.0000000e+00   5.7051060e-01   4.2948940e-01
   5.4535160e-01   0.0000000e+00   5.7297054e-01   4.2702946e-01
   5.4535174e-01   0.0000000e+00   5.7325983e-01   4.2674017e-01
   5.4535180e-01   0.0000000e+00   5.7373228e-01   4.2626772e-01
   5.4535194e-01   0.0000000e+00   5.7096224e-01   4.2903776e-01
   5.4535199e-01   0.0000000e+00   5.7263152e-01   4.2736848e-01
   5.4535213e-01   0.0000000e+00   5.7130733e-01   4.2869267e-01
   5.4535234e-01   0.0000000e+00   5.7322755e-01   4.2677245e-01
   5.4535257e-01   0.0000000e+00   5.7098161e-01   4.2901839e-01
   5.4535259e-01   0.0000000e+00   5.7217274e-01   4.2782726e-01
   5.4535282e-01   0.0000000e+00   5.7347073e-01   4.2652927e-01
   5.4535283e-01   0.0000000e+00   5.6991783e-01   4.3008217e-01
   5.4535287e-01   0.0000000e+00   5.6980506e-01   4.3019494e-01
   5.4535289e-01   0.0000000e+00   5.7121616e-01   4.2878384e-01
   5.4535292e-01   0.0000000e+00   5.7184274e-01   4.2815726e-01
   5.4535297e-01   0.0000000e+00   5.7264634e-01   4.2735366e-01
   5.4535306e-01   0.0000000e+00   5.7151465e-01   4.2848535e-01
   5.4535310e-01   0.0000000e+00   5.7065722e-01   4.2934278e-01
   5.4535311e-01   0.0000000e+00   5.7124090e-01   4.2875910e-01
   5.4535318e-01   0.0000000e+00   5.7069658e-01   4.2930342e-01
   5.4535318e-01   0.0000000e+00   5.7146552e-01   4.2853448e-01
   5.4535334e-01   0.0000000e+00   5.6893176e-01   4.3106824e-01
   5.4535338e-01   0.0000000e+00   5.7201796e-01   4.2798204e-01
   5.4535345e-01   0.0000000e+00   5.7336999e-01   4.2663001e-01
   5.4535401e-01   0.0000000e+00   5.7197235e-01   4.2802765e-01
   5.4535417e-01   0.0000000e+00   5.7505535e-01   4.2494465e-01
   5.4535451e-01   0.0000000e+00   5.6835427e-01   4.3164573e-01
   5.4535456e-01   0.0000000e+00   5.7220257e-01   4.2779743e-01
   5.4535489e-01   0.0000000e+00   5.7216371e-01   4.2783629e-01
   5.4535513e-01   0.0000000e+00   5.7365769e-01   4.2634231e-01
   5.4535526e-01   0.0000000e+00   5.7060110e-01   4.2939890e-01
   5.4535538e-01   0.0000000e+00   5.7120334e-01   4.2879666e-01
   5.4535545e-01   0.0000000e+00   5.7070284e-01   4.2929716e-01
   5.4535557e-01   0.0000000e+00   5.7312640e-01   4.2687360e-01
   5.4535576e-01   0.0000000e+00   5.7072331e-01   4.2927669e-01
   5.4535636e-01   0.0000000e+00   5.7332514e-01   4.2667486e-01
   5.4535659e-01   0.0000000e+00   5.7159359e-01   4.2840641e-01
   5.4535661e-01   0.0000000e+00   5.7034562e-01   4.2965438e-01
   5.4535671e-01   0.0000000e+00   5.6850757e-01   4.3149243e-01
   5.4535683e-01   0.0000000e+00   5.7106615e-01   4.2893385e-01
   5.4535711e-01   0.0000000e+00   5.7438209e-01   4.2561791e-01
   5.4535771e-01   0.0000000e+00   5.7065667e-01   4.2934333e-01
   5.4535802e-01   0.0000000e+00   5.7248700e-01   4.2751300e-01
   5.4535845e-01   0.0000000e+00   5.7048714e-01   4.2951286e-01
   5.4535972e-01   0.0000000e+00   5.6898168e-01   4.3101832e-01
   5.4536036e-01   0.0000000e+00   5.6896936e-01   4.3103064e-01
   5.4536088e-01   0.0000000e+00   5.7383742e-01   4.2616258e-01
   5.4536107e-01   0.0000000e+00   5.7481795e-01   4.2518205e-01
   5.4536139e-01   0.0000000e+00   5.7153233e-01   4.2846767e-01
   5.4536249e-01   0.0000000e+00   5.6711688e-01   4.3288312e-01
   5.4536361e-01   0.0000000e+00   5.7074514e-01   4.2925486e-01
   5.4536371e-01   0.0000000e+00   5.6767495e-01   4.3232505e-01
   5.4536432e-01   0.0000000e+00   5.7308242e-01   4.2691758e-01
   5.4536452e-01   0.0000000e+00   5.6918015e-01   4.3081985e-01
   5.4536503e-01   0.0000000e+00   5.7365784e-01   4.2634216e-01
   5.4536509e-01   0.0000000e+00   5.7382124e-01   4.2617876e-01
   5.4536556e-01   0.0000000e+00   5.7051432e-01   4.2948568e-01
   5.4536558e-01   0.0000000e+00   5.7620907e-01   4.2379093e-01
   5.4536590e-01   0.0000000e+00   5.6792173e-01   4.3207827e-01
   5.4536622e-01   0.0000000e+00   5.7364395e-01   4.2635605e-01
   5.4536645e-01   0.0000000e+00   5.6927869e-01   4.3072131e-01
   5.4536695e-01   0.0000000e+00   5.6888334e-01   4.3111666e-01
   5.4537150e-01   0.0000000e+00   5.7110363e-01   4.2889637e-01
   5.4537182e-01   0.0000000e+00   5.7278943e-01   4.2721057e-01
   5.4537348e-01   0.0000000e+00   5.7062578e-01   4.2937422e-01
   5.4537374e-01   0.0000000e+00   5.7194091e-01   4.2805909e-01
   5.4537376e-01   0.0000000e+00   5.7335832e-01   4.2664168e-01
   5.4537622e-01   0.0000000e+00   5.7069768e-01   4.2930232e-01
   5.4537663e-01   0.0000000e+00   5.7223650e-01   4.2776350e-01
   5.4537692e-01   0.0000000e+00   5.7350427e-01   4.2649573e-01
   5.4537773e-01   0.0000000e+00   5.7279970e-01   4.2720030e-01
   5.4537861e-01   0.0000000e+00   5.6878867e-01   4.3121133e-01
   5.4537906e-01   0.0000000e+00   5.6781461e-01   4.3218539e-01
   5.4538063e-01   0.0000000e+00   5.7160619e-01   4.2839381e-01
   5.4538140e-01   0.0000000e+00   5.7686425e-01   4.2313575e-01
   5.4538169e-01   0.0000000e+00   5.7156794e-01   4.2843206e-01
   5.4538266e-01   0.0000000e+00   5.7262708e-01   4.2737292e-01
   5.4538354e-01   0.0000000e+00   5.6891705e-01   4.3108295e-01
   5.4538464e-01   0.0000000e+00   5.7579317e-01   4.2420683e-01
   5.4538494e-01   0.0000000e+00   5.7052851e-01   4.2947149e-01
   5.4538541e-01   0.0000000e+00   5.6966536e-01   4.3033464e-01
   5.4538564e-01   0.0000000e+00   5.6871726e-01   4.3128274e-01
   5.4538715e-01   0.0000000e+00   5.7032204e-01   4.2967796e-01
   5.4538722e-01   0.0000000e+00   5.7581134e-01   4.2418866e-01
   5.4538727e-01   0.0000000e+00   5.7402768e-01   4.2597232e-01
   5.4538788e-01   0.0000000e+00   5.6889471e-01   4.3110529e-01
   5.4538906e-01   0.0000000e+00   5.7007391e-01   4.2992609e-01
   5.4538977e-01   0.0000000e+00   5.7167528e-01   4.2832472e-01
   5.4538988e-01   0.0000000e+00   5.6726286e-01   4.3273714e-01
   5.4539021e-01   0.0000000e+00   5.7601956e-01   4.2398044e-01
   5.4539058e-01   0.0000000e+00   5.6858499e-01   4.3141501e-01
   5.4539074e-01   0.0000000e+00   5.7154668e-01   4.2845332e-01
   5.4539133e-01   0.0000000e+00   5.6997477e-01   4.3002523e-01
   5.4539174e-01   0.0000000e+00   5.6961211e-01   4.3038789e-01
   5.4539221e-01   0.0000000e+00   5.7048438e-01   4.2951562e-01
   5.4539388e-01   0.0000000e+00   5.7148990e-01   4.2851010e-01
   5.4539571e-01   0.0000000e+00   5.7221758e-01   4.2778242e-01
   5.4539666e-01   0.0000000e+00   5.7327431e-01   4.2672569e-01
   5.4539899e-01   0.0000000e+00   5.7587184e-01   4.2412816e-01
   5.4540301e-01   0.0000000e+00   5.7129211e-01   4.2870789e-01
   5.4540442e-01   0.0000000e+00   5.7120061e-01   4.2879939e-01
   5.4540573e-01   0.0000000e+00   5.7131663e-01   4.2868337e-01
   5.4540593e-01   0.0000000e+00   5.7095826e-01   4.2904174e-01
   5.4540735e-01   0.0000000e+00   5.7052928e-01   4.2947072e-01
   5.4540847e-01   0.0000000e+00   5.7063522e-01   4.2936478e-01
   5.4541030e-01   0.0000000e+00   5.7128734e-01   4.2871266e-01
   5.4541383e-01   0.0000000e+00   5.7105233e-01   4.2894767e-01
   5.4541403e-01   0.0000000e+00   5.7236118e-01   4.2763882e-01
   5.4541482e-01   0.0000000e+00   5.7242527e-01   4.2757473e-01
   5.4541489e-01   0.0000000e+00   5.7102074e-01   4.2897926e-01
   5.4541601e-01   0.0000000e+00   5.7062060e-01   4.2937940e-01
   5.4541637e-01   0.0000000e+00   5.7032047e-01   4.2967953e-01
   5.4541756e-01   0.0000000e+00   5.6947995e-01   4.3052005e-01
   5.4541829e-01   0.0000000e+00   5.7301353e-01   4.2698647e-01
   5.4541840e-01   0.0000000e+00   5.7067959e-01   4.2932041e-01
   5.4542106e-01   0.0000000e+00   5.7132781e-01   4.2867219e-01
   5.4542119e-01   0.0000000e+00   5.7530763e-01   4.2469237e-01
   5.4542360e-01   0.0000000e+00   5.7224823e-01   4.2775177e-01
   5.4542459e-01   0.0000000e+00   5.7217989e-01   4.2782011e-01
   5.4542556e-01   0.0000000e+00   5.7039553e-01   4.2960447e-01
   5.4542563e-01   0.0000000e+00   5.7121514e-01   4.2878486e-01
   5.4542685e-01   0.0000000e+00   5.7123323e-01   4.2876677e-01
   5.4542712e-01   0.0000000e+00   5.7234127e-01   4.2765873e-01
   5.4542814e-01   0.0000000e+00   5.7050649e-01   4.2949351e-01
   5.4542853e-01   0.0000000e+00   5.7195820e-01   4.2804180e-01
   5.4542983e-01   0.0000000e+00   5.7026518e-01   4.2973482e-01
   5.4542984e-01   0.0000000e+00   5.6703086e-01   4.3296914e-01
   5.4542984e-01   0.0000000e+00   5.7452888e-01   4.2547112e-01
   5.4543018e-01   0.0000000e+00   5.7140336e-01   4.2859664e-01
   5.4543112e-01   0.0000000e+00   5.7122474e-01   4.2877526e-01
   5.4543217e-01   0.0000000e+00   5.7306188e-01   4.2693812e-01
   5.4543311e-01   0.0000000e+00   5.7115030e-01   4.2884970e-01
   5.4543352e-01   0.0000000e+00   5.7114026e-01   4.2885974e-01
   5.4543470e-01   0.0000000e+00   5.7099477e-01   4.2900523e-01
   5.4543542e-01   0.0000000e+00   5.7253261e-01   4.2746739e-01
   5.4543548e-01   0.0000000e+00   5.7053406e-01   4.2946594e-01
   5.4543563e-01   0.0000000e+00   5.7059016e-01   4.2940984e-01
   5.4543573e-01   0.0000000e+00   5.7060488e-01   4.2939512e-01
   5.4543688e-01   0.0000000e+00   5.7154419e-01   4.2845581e-01
   5.4543739e-01   0.0000000e+00   5.7141705e-01   4.2858295e-01
   5.4543927e-01   0.0000000e+00   5.6972410e-01   4.3027590e-01
   5.4544005e-01   0.0000000e+00   5.6727834e-01   4.3272166e-01
   5.4544015e-01   0.0000000e+00   5.7064352e-01   4.2935648e-01
   5.4544052e-01   0.0000000e+00   5.7071557e-01   4.2928443e-01
   5.4544180e-01   0.0000000e+00   5.6912481e-01   4.3087519e-01
   5.4544192e-01   0.0000000e+00   5.7009603e-01   4.2990397e-01
   5.4544330e-01   0.0000000e+00   5.7057082e-01   4.2942918e-01
   5.4544378e-01   0.0000000e+00   5.7468505e-01   4.2531495e-01
   5.4544680e-01   0.0000000e+00   5.7288767e-01   4.2711233e-01
   5.4544778e-01   0.0000000e+00   5.7428872e-01   4.2571128e-01
   5.4544895e-01   0.0000000e+00   5.7067755e-01   4.2932245e-01
   5.4544932e-01   0.0000000e+00   5.6865163e-01   4.3134837e-01
   5.4545102e-01   0.0000000e+00   5.7128177e-01   4.2871823e-01
   5.4545120e-01   0.0000000e+00   5.7010735e-01   4.2989265e-01
   5.4545257e-01   0.0000000e+00   5.6715951e-01   4.3284049e-01
   5.4545433e-01   0.0000000e+00   5.7051999e-01   4.2948001e-01
   5.4545698e-01   0.0000000e+00   5.7464498e-01   4.2535502e-01
   5.4545729e-01   0.0000000e+00   5.7424144e-01   4.2575856e-01
   5.4545852e-01   0.0000000e+00   5.7348682e-01   4.2651318e-01
   5.4545936e-01   0.0000000e+00   5.7270583e-01   4.2729417e-01
   5.4546224e-01   0.0000000e+00   5.7258583e-01   4.2741417e-01
   5.4546263e-01   0.0000000e+00   5.7334894e-01   4.2665106e-01
   5.4546276e-01   0.0000000e+00   5.7087139e-01   4.2912861e-01
   5.4546456e-01   0.0000000e+00   5.7128344e-01   4.2871656e-01
   5.4546554e-01   0.0000000e+00   5.7395106e-01   4.2604894e-01
   5.4546758e-01   0.0000000e+00   5.7298779e-01   4.2701221e-01
   5.4546802e-01   0.0000000e+00   5.7124952e-01   4.2875048e-01
   5.4546839e-01   0.0000000e+00   5.7243241e-01   4.2756759e-01
   5.4546946e-01   0.0000000e+00   5.6893118e-01   4.3106882e-01
   5.4547159e-01   0.0000000e+00   5.7224271e-01   4.2775729e-01
   5.4547182e-01   0.0000000e+00   5.6905430e-01   4.3094570e-01
   5.4547441e-01   0.0000000e+00   5.7167710e-01   4.2832290e-01
   5.4547902e-01   0.0000000e+00   5.7183882e-01   4.2816118e-01
   5.4547928e-01   0.0000000e+00   5.7557112e-01   4.2442888e-01
   5.4548089e-01   0.0000000e+00   5.7416064e-01   4.2583936e-01
   5.4548159e-01   0.0000000e+00   5.7345655e-01   4.2654345e-01
   5.4548217e-01   0.0000000e+00   5.7454901e-01   4.2545099e-01
   5.4548379e-01   0.0000000e+00   5.7513179e-01   4.2486821e-01
   5.4548380e-01   0.0000000e+00   5.7138398e-01   4.2861602e-01
   5.4548474e-01   0.0000000e+00   5.6902223e-01   4.3097777e-01
   5.4548604e-01   0.0000000e+00   5.7359431e-01   4.2640569e-01
   5.4548610e-01   0.0000000e+00   5.6790838e-01   4.3209162e-01
   5.4548702e-01   0.0000000e+00   5.7810980e-01   4.2189020e-01
   5.4548823e-01   0.0000000e+00   5.7604991e-01   4.2395009e-01
   5.4548824e-01   0.0000000e+00   5.7259933e-01   4.2740067e-01
   5.4548957e-01   0.0000000e+00   5.7377525e-01   4.2622475e-01
   5.4548999e-01   0.0000000e+00   5.7214297e-01   4.2785703e-01
   5.4549277e-01   0.0000000e+00   5.7563048e-01   4.2436952e-01
   5.4549378e-01   0.0000000e+00   5.7472324e-01   4.2527676e-01
   5.4549595e-01   0.0000000e+00   5.7231802e-01   4.2768198e-01
   5.4550070e-01   0.0000000e+00   5.7083755e-01   4.2916245e-01
   5.4550090e-01   0.0000000e+00   5.7386002e-01   4.2613998e-01
   5.4550165e-01   0.0000000e+00   5.7268346e-01   4.2731654e-01
   5.4550272e-01   0.0000000e+00   5.7465878e-01   4.2534122e-01
   5.4550535e-01   0.0000000e+00   5.7369424e-01   4.2630576e-01
   5.4550535e-01   0.0000000e+00   5.7416482e-01   4.2583518e-01
   5.4550592e-01   0.0000000e+00   5.7265119e-01   4.2734881e-01
   5.4550637e-01   0.0000000e+00   5.7543303e-01   4.2456697e-01
   5.4550732e-01   0.0000000e+00   5.7324202e-01   4.2675798e-01
   5.4550796e-01   0.0000000e+00   5.7261043e-01   4.2738957e-01
   5.4551040e-01   0.0000000e+00   5.7251555e-01   4.2748445e-01
   5.4551165e-01   0.0000000e+00   5.6809152e-01   4.3190848e-01
   5.4551173e-01   0.0000000e+00   5.7169623e-01   4.2830377e-01
   5.4551199e-01   0.0000000e+00   5.7115941e-01   4.2884059e-01
   5.4551216e-01   0.0000000e+00   5.7280795e-01   4.2719205e-01
   5.4551227e-01   0.0000000e+00   5.7176029e-01   4.2823971e-01
   5.4551263e-01   0.0000000e+00   5.7250662e-01   4.2749338e-01
   5.4551364e-01   0.0000000e+00   5.7464609e-01   4.2535391e-01
   5.4551504e-01   0.0000000e+00   5.7130326e-01   4.2869674e-01
   5.4551523e-01   0.0000000e+00   5.7102844e-01   4.2897156e-01
   5.4551583e-01   0.0000000e+00   5.7441954e-01   4.2558046e-01
   5.4551697e-01   0.0000000e+00   5.7335900e-01   4.2664100e-01
   5.4551897e-01   0.0000000e+00   5.7218958e-01   4.2781042e-01
   5.4551947e-01   0.0000000e+00   5.7275022e-01   4.2724978e-01
   5.4551969e-01   0.0000000e+00   5.7453992e-01   4.2546008e-01
   5.4552007e-01   0.0000000e+00   5.7183790e-01   4.2816210e-01
   5.4552066e-01   0.0000000e+00   5.7245201e-01   4.2754799e-01
   5.4552153e-01   0.0000000e+00   5.7397488e-01   4.2602512e-01
   5.4552256e-01   0.0000000e+00   5.7369583e-01   4.2630417e-01
   5.4552293e-01   0.0000000e+00   5.7565367e-01   4.2434633e-01
   5.4552388e-01   0.0000000e+00   5.7498407e-01   4.2501593e-01
   5.4552404e-01   0.0000000e+00   5.7213269e-01   4.2786731e-01
   5.4552667e-01   0.0000000e+00   5.7483601e-01   4.2516399e-01
   5.4552677e-01   0.0000000e+00   5.7171202e-01   4.2828798e-01
   5.4552714e-01   0.0000000e+00   5.7273576e-01   4.2726424e-01
   5.4552755e-01   0.0000000e+00   5.7348318e-01   4.2651682e-01
   5.4552760e-01   0.0000000e+00   5.7316048e-01   4.2683952e-01
   5.4552827e-01   0.0000000e+00   5.6524955e-01   4.3475045e-01
   5.4552841e-01   0.0000000e+00   5.7484163e-01   4.2515837e-01
   5.4552869e-01   0.0000000e+00   5.7346627e-01   4.2653373e-01
   5.4552941e-01   0.0000000e+00   5.7676233e-01   4.2323767e-01
   5.4552945e-01   0.0000000e+00   5.7448112e-01   4.2551888e-01
   5.4552951e-01   0.0000000e+00   5.7646023e-01   4.2353977e-01
   5.4552953e-01   0.0000000e+00   5.7376247e-01   4.2623753e-01
   5.4552969e-01   0.0000000e+00   5.7423838e-01   4.2576162e-01
   5.4552972e-01   0.0000000e+00   5.7066617e-01   4.2933383e-01
   5.4552974e-01   0.0000000e+00   5.7127862e-01   4.2872138e-01
   5.4552990e-01   0.0000000e+00   5.7587803e-01   4.2412197e-01
   5.4553100e-01   0.0000000e+00   5.7166840e-01   4.2833160e-01
   5.4553168e-01   0.0000000e+00   5.7267953e-01   4.2732047e-01
   5.4553180e-01   0.0000000e+00   5.6514794e-01   4.3485206e-01
   5.4553229e-01   0.0000000e+00   5.7190520e-01   4.2809480e-01
   5.4553275e-01   0.0000000e+00   5.6790506e-01   4.3209494e-01
   5.4553328e-01   0.0000000e+00   5.7320839e-01   4.2679161e-01
   5.4553346e-01   0.0000000e+00   5.7248841e-01   4.2751159e-01
   5.4553381e-01   0.0000000e+00   5.7592735e-01   4.2407265e-01
   5.4553511e-01   0.0000000e+00   5.7431945e-01   4.2568055e-01
   5.4553663e-01   0.0000000e+00   5.7139023e-01   4.2860977e-01
   5.4553701e-01   0.0000000e+00   5.6924047e-01   4.3075953e-01
   5.4553711e-01   0.0000000e+00   5.7224125e-01   4.2775875e-01
   5.4553721e-01   0.0000000e+00   5.7678336e-01   4.2321664e-01
   5.4553739e-01   0.0000000e+00   5.7451584e-01   4.2548416e-01
   5.4553742e-01   0.0000000e+00   5.7544827e-01   4.2455173e-01
   5.4553750e-01   0.0000000e+00   5.7083243e-01   4.2916757e-01
   5.4553758e-01   0.0000000e+00   5.7605426e-01   4.2394574e-01
   5.4553791e-01   0.0000000e+00   5.7199434e-01   4.2800566e-01
   5.4553939e-01   0.0000000e+00   5.7279594e-01   4.2720406e-01
   5.4553989e-01   0.0000000e+00   5.7428787e-01   4.2571213e-01
   5.4554179e-01   0.0000000e+00   5.7360580e-01   4.2639420e-01
   5.4554228e-01   0.0000000e+00   5.7415444e-01   4.2584556e-01
   5.4554261e-01   0.0000000e+00   5.7366552e-01   4.2633448e-01
   5.4554275e-01   0.0000000e+00   5.6909772e-01   4.3090228e-01
   5.4554304e-01   0.0000000e+00   5.7714689e-01   4.2285311e-01
   5.4554311e-01   0.0000000e+00   5.7736087e-01   4.2263913e-01
   5.4554361e-01   0.0000000e+00   5.6950758e-01   4.3049242e-01
   5.4554364e-01   0.0000000e+00   5.7718154e-01   4.2281846e-01
   5.4554447e-01   0.0000000e+00   5.7181820e-01   4.2818180e-01
   5.4554453e-01   0.0000000e+00   5.7400648e-01   4.2599352e-01
   5.4554515e-01   0.0000000e+00   5.7156971e-01   4.2843029e-01
   5.4554520e-01   0.0000000e+00   5.7557116e-01   4.2442884e-01
   5.4554521e-01   0.0000000e+00   5.7412558e-01   4.2587442e-01
   5.4554527e-01   0.0000000e+00   5.7132214e-01   4.2867786e-01
   5.4554535e-01   0.0000000e+00   5.7404916e-01   4.2595084e-01
   5.4554552e-01   0.0000000e+00   5.7572998e-01   4.2427002e-01
   5.4554659e-01   0.0000000e+00   5.6965212e-01   4.3034788e-01
   5.4554757e-01   0.0000000e+00   5.7549565e-01   4.2450435e-01
   5.4554766e-01   0.0000000e+00   5.7161250e-01   4.2838750e-01
   5.4554793e-01   0.0000000e+00   5.6994532e-01   4.3005468e-01
   5.4554795e-01   0.0000000e+00   5.7191084e-01   4.2808916e-01
   5.4554798e-01   0.0000000e+00   5.7177239e-01   4.2822761e-01
   5.4554818e-01   0.0000000e+00   5.7289758e-01   4.2710242e-01
   5.4554944e-01   0.0000000e+00   5.7388551e-01   4.2611449e-01
   5.4554944e-01   0.0000000e+00   5.7184353e-01   4.2815647e-01
   5.4554959e-01   0.0000000e+00   5.7173037e-01   4.2826963e-01
   5.4554997e-01   0.0000000e+00   5.7403524e-01   4.2596476e-01
   5.4555020e-01   0.0000000e+00   5.7206281e-01   4.2793719e-01
   5.4555037e-01   0.0000000e+00   5.7336870e-01   4.2663130e-01
   5.4555050e-01   0.0000000e+00   5.7766770e-01   4.2233230e-01
   5.4555067e-01   0.0000000e+00   5.7101649e-01   4.2898351e-01
