   1.2632626e+00   0.0000000e+00   1.4830938e-01   8.5169062e-01
   1.2631855e+00   0.0000000e+00   1.4790327e-01   8.5209673e-01
   1.2636062e+00   0.0000000e+00   1.4853700e-01   8.5146300e-01
   1.2635339e+00   0.0000000e+00   1.4878604e-01   8.5121396e-01
   1.2641726e+00   0.0000000e+00   1.4876905e-01   8.5123095e-01
   1.2629308e+00   0.0000000e+00   1.4796710e-01   8.5203290e-01
   1.2636080e+00   0.0000000e+00   1.4861395e-01   8.5138605e-01
   1.2614847e+00   0.0000000e+00   1.4642999e-01   8.5357001e-01
   1.2655777e+00   0.0000000e+00   1.4992090e-01   8.5007910e-01
   1.2627919e+00   0.0000000e+00   1.4809660e-01   8.5190340e-01
   1.2627067e+00   0.0000000e+00   1.4762109e-01   8.5237891e-01
   1.2620716e+00   0.0000000e+00   1.4763618e-01   8.5236382e-01
   1.2614215e+00   0.0000000e+00   1.4697156e-01   8.5302844e-01
   1.2628609e+00   0.0000000e+00   1.4787763e-01   8.5212237e-01
   1.2629859e+00   0.0000000e+00   1.4764889e-01   8.5235111e-01
   1.2629871e+00   0.0000000e+00   1.4768297e-01   8.5231703e-01
   1.2634390e+00   0.0000000e+00   1.4877116e-01   8.5122884e-01
   1.2637159e+00   0.0000000e+00   1.4835215e-01   8.5164785e-01
   1.2634716e+00   0.0000000e+00   1.4802569e-01   8.5197431e-01
   1.2632737e+00   0.0000000e+00   1.4804956e-01   8.5195044e-01
   1.2626611e+00   0.0000000e+00   1.4758711e-01   8.5241289e-01
   1.2630141e+00   0.0000000e+00   1.4817150e-01   8.5182850e-01
   1.2637353e+00   0.0000000e+00   1.4824421e-01   8.5175579e-01
   1.2645068e+00   0.0000000e+00   1.4913793e-01   8.5086207e-01
   1.2633088e+00   0.0000000e+00   1.4807169e-01   8.5192831e-01
   1.2631204e+00   0.0000000e+00   1.4775067e-01   8.5224933e-01
   1.2633267e+00   0.0000000e+00   1.4813176e-01   8.5186824e-01
   1.2639975e+00   0.0000000e+00   1.4907352e-01   8.5092648e-01
   1.2617118e+00   0.0000000e+00   1.4682572e-01   8.5317428e-01
   1.2631996e+00   0.0000000e+00   1.4819472e-01   8.5180528e-01
   1.2613935e+00   0.0000000e+00   1.4576994e-01   8.5423006e-01
   1.2649741e+00   0.0000000e+00   1.4873704e-01   8.5126296e-01
   1.2635598e+00   0.0000000e+00   1.4783028e-01   8.5216972e-01
   1.2628279e+00   0.0000000e+00   1.4752093e-01   8.5247907e-01
   1.2626755e+00   0.0000000e+00   1.4728792e-01   8.5271208e-01
   1.2624915e+00   0.0000000e+00   1.4693143e-01   8.5306857e-01
   1.2633576e+00   0.0000000e+00   1.4802090e-01   8.5197910e-01
   1.2628978e+00   0.0000000e+00   1.4742572e-01   8.5257428e-01
   1.2631180e+00   0.0000000e+00   1.4784797e-01   8.5215203e-01
   1.2625934e+00   0.0000000e+00   1.4835236e-01   8.5164764e-01
   1.2633592e+00   0.0000000e+00   1.4793175e-01   8.5206825e-01
   1.2627022e+00   0.0000000e+00   1.4807421e-01   8.5192579e-01
   1.2633998e+00   0.0000000e+00   1.4796323e-01   8.5203677e-01
   1.2619401e+00   0.0000000e+00   1.4676822e-01   8.5323178e-01
   1.2648302e+00   0.0000000e+00   1.5004229e-01   8.4995771e-01
   1.2628943e+00   0.0000000e+00   1.4766506e-01   8.5233494e-01
   1.2626063e+00   0.0000000e+00   1.4723402e-01   8.5276598e-01
   1.2658147e+00   0.0000000e+00   1.5001476e-01   8.4998524e-01
   1.2632946e+00   0.0000000e+00   1.4712352e-01   8.5287648e-01
   1.2643981e+00   0.0000000e+00   1.4873204e-01   8.5126796e-01
   1.2622683e+00   0.0000000e+00   1.4775614e-01   8.5224386e-01
   1.2623083e+00   0.0000000e+00   1.4686111e-01   8.5313889e-01
   1.2629752e+00   0.0000000e+00   1.4789769e-01   8.5210231e-01
   1.2627593e+00   0.0000000e+00   1.4825120e-01   8.5174880e-01
   1.2624303e+00   0.0000000e+00   1.4699448e-01   8.5300552e-01
   1.2623094e+00   0.0000000e+00   1.4686668e-01   8.5313332e-01
   1.2628733e+00   0.0000000e+00   1.4752286e-01   8.5247714e-01
   1.2631425e+00   0.0000000e+00   1.4762843e-01   8.5237157e-01
   1.2645612e+00   0.0000000e+00   1.4886429e-01   8.5113571e-01
   1.2606035e+00   0.0000000e+00   1.4650436e-01   8.5349564e-01
   1.2601934e+00   0.0000000e+00   1.4564363e-01   8.5435637e-01
   1.2634122e+00   0.0000000e+00   1.4771863e-01   8.5228137e-01
   1.2619590e+00   0.0000000e+00   1.4631843e-01   8.5368157e-01
   1.2628140e+00   0.0000000e+00   1.4749269e-01   8.5250731e-01
   1.2639449e+00   0.0000000e+00   1.4864731e-01   8.5135269e-01
   1.2622774e+00   0.0000000e+00   1.4821071e-01   8.5178929e-01
   1.2634361e+00   0.0000000e+00   1.4782925e-01   8.5217075e-01
   1.2609296e+00   0.0000000e+00   1.4648925e-01   8.5351075e-01
   1.2635320e+00   0.0000000e+00   1.4772123e-01   8.5227877e-01
   1.2637180e+00   0.0000000e+00   1.4767309e-01   8.5232691e-01
   1.2639516e+00   0.0000000e+00   1.4846333e-01   8.5153667e-01
   1.2602926e+00   0.0000000e+00   1.4534045e-01   8.5465955e-01
   1.2623671e+00   0.0000000e+00   1.4684735e-01   8.5315265e-01
   1.2629822e+00   0.0000000e+00   1.4751411e-01   8.5248589e-01
   1.2631040e+00   0.0000000e+00   1.4722434e-01   8.5277566e-01
   1.2621009e+00   0.0000000e+00   1.4638231e-01   8.5361769e-01
   1.2604343e+00   0.0000000e+00   1.4522744e-01   8.5477256e-01
   1.2625306e+00   0.0000000e+00   1.4662074e-01   8.5337926e-01
   1.2600604e+00   0.0000000e+00   1.4383573e-01   8.5616427e-01
   1.2629662e+00   0.0000000e+00   1.4732355e-01   8.5267645e-01
   1.2627296e+00   0.0000000e+00   1.4716467e-01   8.5283533e-01
   1.2615110e+00   0.0000000e+00   1.4573840e-01   8.5426160e-01
   1.2627908e+00   0.0000000e+00   1.4797389e-01   8.5202611e-01
   1.2649166e+00   0.0000000e+00   1.4963810e-01   8.5036190e-01
   1.2624842e+00   0.0000000e+00   1.4860088e-01   8.5139912e-01
   1.2669181e+00   0.0000000e+00   1.5104701e-01   8.4895299e-01
   1.2636247e+00   0.0000000e+00   1.4733446e-01   8.5266554e-01
   1.2597564e+00   0.0000000e+00   1.4527195e-01   8.5472805e-01
   1.2622006e+00   0.0000000e+00   1.4631318e-01   8.5368682e-01
   1.2622664e+00   0.0000000e+00   1.4639182e-01   8.5360818e-01
   1.2635132e+00   0.0000000e+00   1.4736970e-01   8.5263030e-01
   1.2633897e+00   0.0000000e+00   1.4732975e-01   8.5267025e-01
   1.2609507e+00   0.0000000e+00   1.4511792e-01   8.5488208e-01
   1.2604070e+00   0.0000000e+00   1.4521803e-01   8.5478197e-01
   1.2651123e+00   0.0000000e+00   1.4889555e-01   8.5110445e-01
   1.2625731e+00   0.0000000e+00   1.4650547e-01   8.5349453e-01
   1.2635902e+00   0.0000000e+00   1.4720342e-01   8.5279658e-01
   1.2643342e+00   0.0000000e+00   1.4780850e-01   8.5219150e-01
   1.2648959e+00   0.0000000e+00   1.4813624e-01   8.5186376e-01
   1.2669415e+00   0.0000000e+00   1.5085384e-01   8.4914616e-01
   1.2621007e+00   0.0000000e+00   1.4590919e-01   8.5409081e-01
   1.2582227e+00   0.0000000e+00   1.4367484e-01   8.5632516e-01
   1.2663041e+00   0.0000000e+00   1.5037047e-01   8.4962953e-01
   1.2639804e+00   0.0000000e+00   1.4766424e-01   8.5233576e-01
   1.2654230e+00   0.0000000e+00   1.5156973e-01   8.4843027e-01
   1.2607484e+00   0.0000000e+00   1.4528053e-01   8.5471947e-01
   1.2591984e+00   0.0000000e+00   1.4479347e-01   8.5520653e-01
   1.2665615e+00   0.0000000e+00   1.5033103e-01   8.4966897e-01
   1.2645661e+00   0.0000000e+00   1.4781852e-01   8.5218148e-01
   1.2614983e+00   0.0000000e+00   1.4616353e-01   8.5383647e-01
   1.2624449e+00   0.0000000e+00   1.4567694e-01   8.5432306e-01
   1.2602007e+00   0.0000000e+00   1.4628113e-01   8.5371887e-01
   1.2652679e+00   0.0000000e+00   1.4919308e-01   8.5080692e-01
   1.2623173e+00   0.0000000e+00   1.4617206e-01   8.5382794e-01
   1.2613502e+00   0.0000000e+00   1.4510929e-01   8.5489071e-01
   1.2585682e+00   0.0000000e+00   1.4490357e-01   8.5509643e-01
   1.2655036e+00   0.0000000e+00   1.4837571e-01   8.5162429e-01
   1.2631144e+00   0.0000000e+00   1.4709098e-01   8.5290902e-01
   1.2633430e+00   0.0000000e+00   1.4701847e-01   8.5298153e-01
   1.2620256e+00   0.0000000e+00   1.4619354e-01   8.5380646e-01
   1.2680864e+00   0.0000000e+00   1.5123715e-01   8.4876285e-01
   1.2627225e+00   0.0000000e+00   1.4615445e-01   8.5384555e-01
   1.2620694e+00   0.0000000e+00   1.4604777e-01   8.5395223e-01
   1.2621860e+00   0.0000000e+00   1.4556604e-01   8.5443396e-01
   1.2612744e+00   0.0000000e+00   1.4512022e-01   8.5487978e-01
   1.2628058e+00   0.0000000e+00   1.4622576e-01   8.5377424e-01
   1.2663152e+00   0.0000000e+00   1.4861112e-01   8.5138888e-01
   1.2633594e+00   0.0000000e+00   1.4640361e-01   8.5359639e-01
   1.2610213e+00   0.0000000e+00   1.4448743e-01   8.5551257e-01
   1.2600643e+00   0.0000000e+00   1.4375947e-01   8.5624053e-01
   1.2682446e+00   0.0000000e+00   1.5234183e-01   8.4765817e-01
   1.2602488e+00   0.0000000e+00   1.4432483e-01   8.5567517e-01
   1.2641404e+00   0.0000000e+00   1.4676956e-01   8.5323044e-01
   1.2579569e+00   0.0000000e+00   1.4348609e-01   8.5651391e-01
   1.2581761e+00   0.0000000e+00   1.4254455e-01   8.5745545e-01
   1.2655518e+00   0.0000000e+00   1.4802108e-01   8.5197892e-01
   1.2575048e+00   0.0000000e+00   1.4289130e-01   8.5710870e-01
   1.2625907e+00   0.0000000e+00   1.4555756e-01   8.5444244e-01
   1.2643752e+00   0.0000000e+00   1.4707080e-01   8.5292920e-01
   1.2632397e+00   0.0000000e+00   1.4595405e-01   8.5404595e-01
   1.2634952e+00   0.0000000e+00   1.4763632e-01   8.5236368e-01
   1.2598996e+00   0.0000000e+00   1.4390455e-01   8.5609545e-01
   1.2615128e+00   0.0000000e+00   1.4473838e-01   8.5526162e-01
   1.2610358e+00   0.0000000e+00   1.4566996e-01   8.5433004e-01
   1.2665875e+00   0.0000000e+00   1.4901521e-01   8.5098479e-01
   1.2632833e+00   0.0000000e+00   1.4639108e-01   8.5360892e-01
   1.2602612e+00   0.0000000e+00   1.4340907e-01   8.5659093e-01
   1.2622406e+00   0.0000000e+00   1.4496949e-01   8.5503051e-01
   1.2664166e+00   0.0000000e+00   1.4870024e-01   8.5129976e-01
   1.2582269e+00   0.0000000e+00   1.4181490e-01   8.5818510e-01
   1.2645339e+00   0.0000000e+00   1.4606514e-01   8.5393486e-01
   1.2594647e+00   0.0000000e+00   1.4337046e-01   8.5662954e-01
   1.2634088e+00   0.0000000e+00   1.4637622e-01   8.5362378e-01
   1.2631825e+00   0.0000000e+00   1.4584554e-01   8.5415446e-01
   1.2647013e+00   0.0000000e+00   1.4696172e-01   8.5303828e-01
   1.2640239e+00   0.0000000e+00   1.4799360e-01   8.5200640e-01
   1.2666264e+00   0.0000000e+00   1.4915112e-01   8.5084888e-01
   1.2628689e+00   0.0000000e+00   1.4565544e-01   8.5434456e-01
   1.2607551e+00   0.0000000e+00   1.4378600e-01   8.5621400e-01
   1.2631814e+00   0.0000000e+00   1.4528012e-01   8.5471988e-01
   1.2693762e+00   0.0000000e+00   1.5282497e-01   8.4717503e-01
   1.2649971e+00   0.0000000e+00   1.4798462e-01   8.5201538e-01
   1.2596089e+00   0.0000000e+00   1.4287465e-01   8.5712535e-01
   1.2617787e+00   0.0000000e+00   1.4467403e-01   8.5532597e-01
   1.2634442e+00   0.0000000e+00   1.4580369e-01   8.5419631e-01
   1.2607737e+00   0.0000000e+00   1.4353371e-01   8.5646629e-01
   1.2570613e+00   0.0000000e+00   1.4158967e-01   8.5841033e-01
   1.2641476e+00   0.0000000e+00   1.4620640e-01   8.5379360e-01
   1.2666596e+00   0.0000000e+00   1.4882460e-01   8.5117540e-01
   1.2627954e+00   0.0000000e+00   1.4485820e-01   8.5514180e-01
   1.2664857e+00   0.0000000e+00   1.4786222e-01   8.5213778e-01
   1.2628971e+00   0.0000000e+00   1.4596887e-01   8.5403113e-01
   1.2601331e+00   0.0000000e+00   1.4302650e-01   8.5697350e-01
   1.2615995e+00   0.0000000e+00   1.4614074e-01   8.5385926e-01
   1.2616122e+00   0.0000000e+00   1.4384670e-01   8.5615330e-01
   1.2586410e+00   0.0000000e+00   1.4220989e-01   8.5779011e-01
   1.2621443e+00   0.0000000e+00   1.4508210e-01   8.5491790e-01
   1.2654375e+00   0.0000000e+00   1.4734695e-01   8.5265305e-01
   1.2621322e+00   0.0000000e+00   1.4534567e-01   8.5465433e-01
   1.2595165e+00   0.0000000e+00   1.4301251e-01   8.5698749e-01
   1.2590514e+00   0.0000000e+00   1.4287361e-01   8.5712639e-01
   1.2674926e+00   0.0000000e+00   1.4956939e-01   8.5043061e-01
   1.2635231e+00   0.0000000e+00   1.4516916e-01   8.5483084e-01
   1.2600870e+00   0.0000000e+00   1.4363264e-01   8.5636736e-01
   1.2585105e+00   0.0000000e+00   1.4153670e-01   8.5846330e-01
   1.2602918e+00   0.0000000e+00   1.4330267e-01   8.5669733e-01
   1.2575627e+00   0.0000000e+00   1.4179098e-01   8.5820902e-01
   1.2643489e+00   0.0000000e+00   1.4550963e-01   8.5449037e-01
   1.2647904e+00   0.0000000e+00   1.4647576e-01   8.5352424e-01
   1.2579683e+00   0.0000000e+00   1.4130973e-01   8.5869027e-01
   1.2614391e+00   0.0000000e+00   1.4313209e-01   8.5686791e-01
   1.2644876e+00   0.0000000e+00   1.4610305e-01   8.5389695e-01
   1.2599794e+00   0.0000000e+00   1.4294349e-01   8.5705651e-01
   1.2578394e+00   0.0000000e+00   1.4181965e-01   8.5818035e-01
   1.2672392e+00   0.0000000e+00   1.4970796e-01   8.5029204e-01
   1.2594133e+00   0.0000000e+00   1.4283078e-01   8.5716922e-01
   1.2589605e+00   0.0000000e+00   1.4202934e-01   8.5797066e-01
   1.2674751e+00   0.0000000e+00   1.4891406e-01   8.5108594e-01
   1.2578370e+00   0.0000000e+00   1.4194879e-01   8.5805121e-01
   1.2621941e+00   0.0000000e+00   1.4380897e-01   8.5619103e-01
   1.2578861e+00   0.0000000e+00   1.4121795e-01   8.5878205e-01
   1.2659430e+00   0.0000000e+00   1.4695944e-01   8.5304056e-01
   1.2662560e+00   0.0000000e+00   1.4807345e-01   8.5192655e-01
   1.2662872e+00   0.0000000e+00   1.4805173e-01   8.5194827e-01
   1.2669665e+00   0.0000000e+00   1.4845306e-01   8.5154694e-01
   1.2598725e+00   0.0000000e+00   1.4395971e-01   8.5604029e-01
   1.2673911e+00   0.0000000e+00   1.4886363e-01   8.5113637e-01
   1.2651680e+00   0.0000000e+00   1.4667947e-01   8.5332053e-01
   1.2656970e+00   0.0000000e+00   1.4698762e-01   8.5301238e-01
   1.2674513e+00   0.0000000e+00   1.4858189e-01   8.5141811e-01
   1.2676613e+00   0.0000000e+00   1.4884950e-01   8.5115050e-01
   1.2625290e+00   0.0000000e+00   1.4462761e-01   8.5537239e-01
   1.2676506e+00   0.0000000e+00   1.4901605e-01   8.5098395e-01
   1.2627778e+00   0.0000000e+00   1.4448743e-01   8.5551257e-01
   1.2674503e+00   0.0000000e+00   1.4861639e-01   8.5138361e-01
   1.2673152e+00   0.0000000e+00   1.4787675e-01   8.5212325e-01
   1.2671982e+00   0.0000000e+00   1.4899822e-01   8.5100178e-01
   1.2641948e+00   0.0000000e+00   1.4522700e-01   8.5477300e-01
   1.2691086e+00   0.0000000e+00   1.5035398e-01   8.4964602e-01
   1.2610150e+00   0.0000000e+00   1.4291407e-01   8.5708593e-01
   1.2652144e+00   0.0000000e+00   1.4711067e-01   8.5288933e-01
   1.2661369e+00   0.0000000e+00   1.4763524e-01   8.5236476e-01
   1.2648670e+00   0.0000000e+00   1.4609668e-01   8.5390332e-01
   1.2645975e+00   0.0000000e+00   1.4620131e-01   8.5379869e-01
   1.2676580e+00   0.0000000e+00   1.4842715e-01   8.5157285e-01
   1.2642715e+00   0.0000000e+00   1.4596186e-01   8.5403814e-01
   1.2639762e+00   0.0000000e+00   1.4582947e-01   8.5417053e-01
   1.2668396e+00   0.0000000e+00   1.4786066e-01   8.5213934e-01
   1.2706315e+00   0.0000000e+00   1.5081336e-01   8.4918664e-01
   1.2624092e+00   0.0000000e+00   1.4403209e-01   8.5596791e-01
   1.2692571e+00   0.0000000e+00   1.4999343e-01   8.5000657e-01
   1.2691452e+00   0.0000000e+00   1.5011778e-01   8.4988222e-01
   1.2685037e+00   0.0000000e+00   1.4911918e-01   8.5088082e-01
   1.2544141e+00   0.0000000e+00   1.3907648e-01   8.6092352e-01
   1.2694500e+00   0.0000000e+00   1.5054488e-01   8.4945512e-01
   1.2715803e+00   0.0000000e+00   1.5337126e-01   8.4662874e-01
   1.2691262e+00   0.0000000e+00   1.4992146e-01   8.5007854e-01
   1.2551599e+00   0.0000000e+00   1.3899901e-01   8.6100099e-01
   1.2632804e+00   0.0000000e+00   1.4562457e-01   8.5437543e-01
   1.2701522e+00   0.0000000e+00   1.5079699e-01   8.4920301e-01
   1.2703081e+00   0.0000000e+00   1.5046675e-01   8.4953325e-01
   1.2537287e+00   0.0000000e+00   1.3762188e-01   8.6237812e-01
   1.2546327e+00   0.0000000e+00   1.3831749e-01   8.6168251e-01
   1.2707148e+00   0.0000000e+00   1.5107868e-01   8.4892132e-01
   1.2706676e+00   0.0000000e+00   1.5091402e-01   8.4908598e-01
   1.2612597e+00   0.0000000e+00   1.4380961e-01   8.5619039e-01
   1.2702694e+00   0.0000000e+00   1.5078848e-01   8.4921152e-01
   1.2708338e+00   0.0000000e+00   1.5145317e-01   8.4854683e-01
   1.2675254e+00   0.0000000e+00   1.4894173e-01   8.5105827e-01
   1.2554191e+00   0.0000000e+00   1.3812789e-01   8.6187211e-01
   1.2704356e+00   0.0000000e+00   1.5132685e-01   8.4867315e-01
   1.2712496e+00   0.0000000e+00   1.5185530e-01   8.4814470e-01
   1.2711969e+00   0.0000000e+00   1.5185847e-01   8.4814153e-01
   1.2719893e+00   0.0000000e+00   1.5197913e-01   8.4802087e-01
   1.2711600e+00   0.0000000e+00   1.5177623e-01   8.4822377e-01
   1.2688089e+00   0.0000000e+00   1.4996776e-01   8.5003224e-01
   1.2721963e+00   0.0000000e+00   1.5271346e-01   8.4728654e-01
   1.2714460e+00   0.0000000e+00   1.5144342e-01   8.4855658e-01
   1.2717921e+00   0.0000000e+00   1.5269114e-01   8.4730886e-01
   1.2720165e+00   0.0000000e+00   1.5241692e-01   8.4758308e-01
   1.2732999e+00   0.0000000e+00   1.5357290e-01   8.4642710e-01
   1.2676624e+00   0.0000000e+00   1.4920245e-01   8.5079755e-01
   1.2617236e+00   0.0000000e+00   1.4333199e-01   8.5666801e-01
   1.2699386e+00   0.0000000e+00   1.5087900e-01   8.4912100e-01
   1.2714785e+00   0.0000000e+00   1.5246457e-01   8.4753543e-01
   1.2725015e+00   0.0000000e+00   1.5290973e-01   8.4709027e-01
   1.2725048e+00   0.0000000e+00   1.5234144e-01   8.4765856e-01
   1.2653935e+00   0.0000000e+00   1.4689627e-01   8.5310373e-01
   1.2699156e+00   0.0000000e+00   1.5063137e-01   8.4936863e-01
   1.2732629e+00   0.0000000e+00   1.5346424e-01   8.4653576e-01
   1.2719129e+00   0.0000000e+00   1.5211950e-01   8.4788050e-01
   1.2730771e+00   0.0000000e+00   1.5298496e-01   8.4701504e-01
   1.2726278e+00   0.0000000e+00   1.5266924e-01   8.4733076e-01
   1.2708026e+00   0.0000000e+00   1.5180034e-01   8.4819966e-01
   1.2713924e+00   0.0000000e+00   1.5233295e-01   8.4766705e-01
   1.2721452e+00   0.0000000e+00   1.5250988e-01   8.4749012e-01
   1.2722873e+00   0.0000000e+00   1.5210890e-01   8.4789110e-01
   1.2745562e+00   0.0000000e+00   1.5400036e-01   8.4599964e-01
   1.2740737e+00   0.0000000e+00   1.5378627e-01   8.4621373e-01
   1.2734891e+00   0.0000000e+00   1.5397344e-01   8.4602656e-01
   1.2611059e+00   0.0000000e+00   1.4272089e-01   8.5727911e-01
   1.2738440e+00   0.0000000e+00   1.5403602e-01   8.4596398e-01
   1.2740931e+00   0.0000000e+00   1.5415134e-01   8.4584866e-01
   1.2745166e+00   0.0000000e+00   1.5454994e-01   8.4545006e-01
   1.2723211e+00   0.0000000e+00   1.5240414e-01   8.4759586e-01
   1.2733679e+00   0.0000000e+00   1.5350041e-01   8.4649959e-01
   1.2727492e+00   0.0000000e+00   1.5303617e-01   8.4696383e-01
   1.2710508e+00   0.0000000e+00   1.5173274e-01   8.4826726e-01
   1.2733834e+00   0.0000000e+00   1.5397643e-01   8.4602357e-01
   1.2748985e+00   0.0000000e+00   1.5449110e-01   8.4550890e-01
   1.2717953e+00   0.0000000e+00   1.5221083e-01   8.4778917e-01
   1.2594331e+00   0.0000000e+00   1.4208444e-01   8.5791556e-01
   1.2743548e+00   0.0000000e+00   1.5441324e-01   8.4558676e-01
   1.2748472e+00   0.0000000e+00   1.5406911e-01   8.4593089e-01
   1.2742791e+00   0.0000000e+00   1.5419816e-01   8.4580184e-01
   1.2720218e+00   0.0000000e+00   1.5276345e-01   8.4723655e-01
   1.2705066e+00   0.0000000e+00   1.5196539e-01   8.4803461e-01
   1.2735757e+00   0.0000000e+00   1.5372956e-01   8.4627044e-01
   1.2725756e+00   0.0000000e+00   1.5331010e-01   8.4668990e-01
   1.2742950e+00   0.0000000e+00   1.5386799e-01   8.4613201e-01
   1.2737038e+00   0.0000000e+00   1.5394864e-01   8.4605136e-01
   1.2714362e+00   0.0000000e+00   1.5144161e-01   8.4855839e-01
   1.2725627e+00   0.0000000e+00   1.5272232e-01   8.4727768e-01
   1.2730964e+00   0.0000000e+00   1.5277540e-01   8.4722460e-01
   1.2751449e+00   0.0000000e+00   1.5456134e-01   8.4543866e-01
   1.2742094e+00   0.0000000e+00   1.5431836e-01   8.4568164e-01
   1.2717532e+00   0.0000000e+00   1.5293425e-01   8.4706575e-01
   1.2755842e+00   0.0000000e+00   1.5505337e-01   8.4494663e-01
   1.2740040e+00   0.0000000e+00   1.5410987e-01   8.4589013e-01
   1.2714691e+00   0.0000000e+00   1.5167278e-01   8.4832722e-01
   1.2736375e+00   0.0000000e+00   1.5389363e-01   8.4610637e-01
   1.2750065e+00   0.0000000e+00   1.5477884e-01   8.4522116e-01
   1.2733552e+00   0.0000000e+00   1.5415564e-01   8.4584436e-01
   1.2730234e+00   0.0000000e+00   1.5361456e-01   8.4638544e-01
   1.2625349e+00   0.0000000e+00   1.4447097e-01   8.5552903e-01
   1.2624939e+00   0.0000000e+00   1.4409702e-01   8.5590298e-01
   1.2750193e+00   0.0000000e+00   1.5488471e-01   8.4511529e-01
   1.2732985e+00   0.0000000e+00   1.5375779e-01   8.4624221e-01
   1.2762797e+00   0.0000000e+00   1.5570326e-01   8.4429674e-01
   1.2760975e+00   0.0000000e+00   1.5578082e-01   8.4421918e-01
   1.2752296e+00   0.0000000e+00   1.5510279e-01   8.4489721e-01
   1.2730762e+00   0.0000000e+00   1.5364903e-01   8.4635097e-01
   1.2731919e+00   0.0000000e+00   1.5340296e-01   8.4659704e-01
   1.2741962e+00   0.0000000e+00   1.5443171e-01   8.4556829e-01
   1.2720977e+00   0.0000000e+00   1.5245276e-01   8.4754724e-01
   1.2740535e+00   0.0000000e+00   1.5342960e-01   8.4657040e-01
   1.2696091e+00   0.0000000e+00   1.5138305e-01   8.4861695e-01
   1.2758878e+00   0.0000000e+00   1.5570962e-01   8.4429038e-01
   1.2752949e+00   0.0000000e+00   1.5518990e-01   8.4481010e-01
   1.2748491e+00   0.0000000e+00   1.5460960e-01   8.4539040e-01
   1.2731803e+00   0.0000000e+00   1.5348567e-01   8.4651433e-01
   1.2741806e+00   0.0000000e+00   1.5404859e-01   8.4595141e-01
   1.2694900e+00   0.0000000e+00   1.5019111e-01   8.4980889e-01
   1.2735568e+00   0.0000000e+00   1.5392861e-01   8.4607139e-01
   1.2755849e+00   0.0000000e+00   1.5566785e-01   8.4433215e-01
   1.2742498e+00   0.0000000e+00   1.5397854e-01   8.4602146e-01
   1.2695958e+00   0.0000000e+00   1.5077278e-01   8.4922722e-01
   1.2759068e+00   0.0000000e+00   1.5518038e-01   8.4481962e-01
   1.2736312e+00   0.0000000e+00   1.5408704e-01   8.4591296e-01
   1.2733862e+00   0.0000000e+00   1.5394833e-01   8.4605167e-01
   1.2753457e+00   0.0000000e+00   1.5465113e-01   8.4534887e-01
   1.2757338e+00   0.0000000e+00   1.5605808e-01   8.4394192e-01
   1.2770925e+00   0.0000000e+00   1.5568875e-01   8.4431125e-01
   1.2704750e+00   0.0000000e+00   1.5200098e-01   8.4799902e-01
   1.2751611e+00   0.0000000e+00   1.5474849e-01   8.4525151e-01
   1.2768522e+00   0.0000000e+00   1.5563644e-01   8.4436356e-01
   1.2762060e+00   0.0000000e+00   1.5562561e-01   8.4437439e-01
   1.2738153e+00   0.0000000e+00   1.5418784e-01   8.4581216e-01
   1.2734839e+00   0.0000000e+00   1.5371004e-01   8.4628996e-01
   1.2760762e+00   0.0000000e+00   1.5595899e-01   8.4404101e-01
   1.2735157e+00   0.0000000e+00   1.5414689e-01   8.4585311e-01
   1.2745030e+00   0.0000000e+00   1.5488706e-01   8.4511294e-01
   1.2760154e+00   0.0000000e+00   1.5576504e-01   8.4423496e-01
   1.2693030e+00   0.0000000e+00   1.5011100e-01   8.4988900e-01
   1.2766056e+00   0.0000000e+00   1.5583375e-01   8.4416625e-01
   1.2741015e+00   0.0000000e+00   1.5454515e-01   8.4545485e-01
   1.2746634e+00   0.0000000e+00   1.5506820e-01   8.4493180e-01
   1.2784324e+00   0.0000000e+00   1.5751040e-01   8.4248960e-01
   1.2759292e+00   0.0000000e+00   1.5547585e-01   8.4452415e-01
   1.2772537e+00   0.0000000e+00   1.5668561e-01   8.4331439e-01
   1.2695662e+00   0.0000000e+00   1.5053022e-01   8.4946978e-01
   1.2726424e+00   0.0000000e+00   1.5339130e-01   8.4660870e-01
   1.2729211e+00   0.0000000e+00   1.5377634e-01   8.4622366e-01
   1.2773596e+00   0.0000000e+00   1.5675523e-01   8.4324477e-01
   1.2726864e+00   0.0000000e+00   1.5364342e-01   8.4635658e-01
   1.2690889e+00   0.0000000e+00   1.5055568e-01   8.4944432e-01
   1.2759375e+00   0.0000000e+00   1.5542227e-01   8.4457773e-01
   1.2722236e+00   0.0000000e+00   1.5323364e-01   8.4676636e-01
   1.2730312e+00   0.0000000e+00   1.5369293e-01   8.4630707e-01
   1.2745303e+00   0.0000000e+00   1.5469715e-01   8.4530285e-01
   1.2726817e+00   0.0000000e+00   1.5347736e-01   8.4652264e-01
   1.2712953e+00   0.0000000e+00   1.5240508e-01   8.4759492e-01
   1.2747847e+00   0.0000000e+00   1.5543532e-01   8.4456468e-01
   1.2731111e+00   0.0000000e+00   1.5301235e-01   8.4698765e-01
   1.2724191e+00   0.0000000e+00   1.5371514e-01   8.4628486e-01
   1.2754134e+00   0.0000000e+00   1.5459308e-01   8.4540692e-01
   1.2788817e+00   0.0000000e+00   1.5720865e-01   8.4279135e-01
   1.2763009e+00   0.0000000e+00   1.5553448e-01   8.4446552e-01
   1.2720600e+00   0.0000000e+00   1.5306507e-01   8.4693493e-01
   1.2731381e+00   0.0000000e+00   1.5346326e-01   8.4653674e-01
   1.2765236e+00   0.0000000e+00   1.5531897e-01   8.4468103e-01
   1.2775081e+00   0.0000000e+00   1.5710262e-01   8.4289738e-01
   1.2706686e+00   0.0000000e+00   1.5197069e-01   8.4802931e-01
   1.2755870e+00   0.0000000e+00   1.5484475e-01   8.4515525e-01
   1.2761609e+00   0.0000000e+00   1.5589437e-01   8.4410563e-01
   1.2758834e+00   0.0000000e+00   1.5540284e-01   8.4459716e-01
   1.2710109e+00   0.0000000e+00   1.5236032e-01   8.4763968e-01
   1.2714170e+00   0.0000000e+00   1.5275211e-01   8.4724789e-01
   1.2729622e+00   0.0000000e+00   1.5407793e-01   8.4592207e-01
   1.2791440e+00   0.0000000e+00   1.5742896e-01   8.4257104e-01
   1.2763334e+00   0.0000000e+00   1.5665288e-01   8.4334712e-01
   1.2724259e+00   0.0000000e+00   1.5332331e-01   8.4667669e-01
   1.2726975e+00   0.0000000e+00   1.5253248e-01   8.4746752e-01
   1.2775409e+00   0.0000000e+00   1.5646660e-01   8.4353340e-01
   1.2718349e+00   0.0000000e+00   1.5308218e-01   8.4691782e-01
   1.2744513e+00   0.0000000e+00   1.5515377e-01   8.4484623e-01
   1.2737765e+00   0.0000000e+00   1.5456362e-01   8.4543638e-01
   1.2713752e+00   0.0000000e+00   1.5270498e-01   8.4729502e-01
   1.2713697e+00   0.0000000e+00   1.5301672e-01   8.4698328e-01
   1.2696541e+00   0.0000000e+00   1.5109467e-01   8.4890533e-01
   1.2752251e+00   0.0000000e+00   1.5465797e-01   8.4534203e-01
   1.2792933e+00   0.0000000e+00   1.5750526e-01   8.4249474e-01
   1.2730832e+00   0.0000000e+00   1.5414458e-01   8.4585542e-01
   1.2750860e+00   0.0000000e+00   1.5448809e-01   8.4551191e-01
   1.2715277e+00   0.0000000e+00   1.5274662e-01   8.4725338e-01
   1.2731723e+00   0.0000000e+00   1.5381647e-01   8.4618353e-01
   1.2728073e+00   0.0000000e+00   1.5395799e-01   8.4604201e-01
   1.2725266e+00   0.0000000e+00   1.5378763e-01   8.4621237e-01
   1.2772161e+00   0.0000000e+00   1.5630997e-01   8.4369003e-01
   1.2702746e+00   0.0000000e+00   1.5178618e-01   8.4821382e-01
   1.2712583e+00   0.0000000e+00   1.5278020e-01   8.4721980e-01
   1.2711910e+00   0.0000000e+00   1.5276098e-01   8.4723902e-01
   1.2714557e+00   0.0000000e+00   1.5292623e-01   8.4707377e-01
   1.2725072e+00   0.0000000e+00   1.5404326e-01   8.4595674e-01
   1.2708567e+00   0.0000000e+00   1.5251028e-01   8.4748972e-01
   1.2726756e+00   0.0000000e+00   1.5410716e-01   8.4589284e-01
   1.2720568e+00   0.0000000e+00   1.5336457e-01   8.4663543e-01
   1.2704974e+00   0.0000000e+00   1.5201544e-01   8.4798456e-01
   1.2685627e+00   0.0000000e+00   1.5095620e-01   8.4904380e-01
   1.2696514e+00   0.0000000e+00   1.5168635e-01   8.4831365e-01
   1.2721413e+00   0.0000000e+00   1.5358321e-01   8.4641679e-01
   1.2693544e+00   0.0000000e+00   1.5136817e-01   8.4863183e-01
   1.2702953e+00   0.0000000e+00   1.5209741e-01   8.4790259e-01
   1.2757637e+00   0.0000000e+00   1.5501662e-01   8.4498338e-01
   1.2701484e+00   0.0000000e+00   1.5203444e-01   8.4796556e-01
   1.2708328e+00   0.0000000e+00   1.5263938e-01   8.4736062e-01
   1.2701885e+00   0.0000000e+00   1.5203147e-01   8.4796853e-01
   1.2713416e+00   0.0000000e+00   1.5293223e-01   8.4706777e-01
   1.2710328e+00   0.0000000e+00   1.5269481e-01   8.4730519e-01
   1.2731174e+00   0.0000000e+00   1.5431289e-01   8.4568711e-01
   1.2689993e+00   0.0000000e+00   1.5101121e-01   8.4898879e-01
   1.2699309e+00   0.0000000e+00   1.5187804e-01   8.4812196e-01
   1.2730642e+00   0.0000000e+00   1.5456164e-01   8.4543836e-01
   1.2690278e+00   0.0000000e+00   1.5136427e-01   8.4863573e-01
   1.2715087e+00   0.0000000e+00   1.5324363e-01   8.4675637e-01
   1.2702489e+00   0.0000000e+00   1.5249631e-01   8.4750369e-01
   1.2706970e+00   0.0000000e+00   1.5261132e-01   8.4738868e-01
   1.2716582e+00   0.0000000e+00   1.5309318e-01   8.4690682e-01
   1.2704870e+00   0.0000000e+00   1.5244303e-01   8.4755697e-01
   1.2715383e+00   0.0000000e+00   1.5328930e-01   8.4671070e-01
   1.2704066e+00   0.0000000e+00   1.5210953e-01   8.4789047e-01
   1.2704373e+00   0.0000000e+00   1.5226055e-01   8.4773945e-01
   1.2695561e+00   0.0000000e+00   1.5184592e-01   8.4815408e-01
   1.2704137e+00   0.0000000e+00   1.5231726e-01   8.4768274e-01
   1.2705249e+00   0.0000000e+00   1.5262317e-01   8.4737683e-01
   1.2700100e+00   0.0000000e+00   1.5198428e-01   8.4801572e-01
   1.2714007e+00   0.0000000e+00   1.5222423e-01   8.4777577e-01
   1.2715135e+00   0.0000000e+00   1.5274449e-01   8.4725551e-01
   1.2697795e+00   0.0000000e+00   1.5187902e-01   8.4812098e-01
   1.2717793e+00   0.0000000e+00   1.5251397e-01   8.4748603e-01
   1.2697770e+00   0.0000000e+00   1.5185833e-01   8.4814167e-01
   1.2737669e+00   0.0000000e+00   1.5453543e-01   8.4546457e-01
   1.2687915e+00   0.0000000e+00   1.5085612e-01   8.4914388e-01
   1.2713061e+00   0.0000000e+00   1.5292443e-01   8.4707557e-01
   1.2714554e+00   0.0000000e+00   1.5303844e-01   8.4696156e-01
   1.2694520e+00   0.0000000e+00   1.5174600e-01   8.4825400e-01
   1.2720619e+00   0.0000000e+00   1.5377609e-01   8.4622391e-01
   1.2693384e+00   0.0000000e+00   1.5156990e-01   8.4843010e-01
   1.2699750e+00   0.0000000e+00   1.5208113e-01   8.4791887e-01
   1.2665856e+00   0.0000000e+00   1.4941639e-01   8.5058361e-01
   1.2706604e+00   0.0000000e+00   1.5267220e-01   8.4732780e-01
   1.2696889e+00   0.0000000e+00   1.5183645e-01   8.4816355e-01
   1.2696086e+00   0.0000000e+00   1.5178995e-01   8.4821005e-01
   1.2683252e+00   0.0000000e+00   1.5047011e-01   8.4952989e-01
   1.2685792e+00   0.0000000e+00   1.5106976e-01   8.4893024e-01
   1.2693020e+00   0.0000000e+00   1.5170693e-01   8.4829307e-01
   1.2693161e+00   0.0000000e+00   1.5151465e-01   8.4848535e-01
   1.2706695e+00   0.0000000e+00   1.5250019e-01   8.4749981e-01
   1.2672493e+00   0.0000000e+00   1.5028147e-01   8.4971853e-01
   1.2691892e+00   0.0000000e+00   1.5150175e-01   8.4849825e-01
   1.2723974e+00   0.0000000e+00   1.5340419e-01   8.4659581e-01
   1.2688114e+00   0.0000000e+00   1.5153735e-01   8.4846265e-01
   1.2689410e+00   0.0000000e+00   1.5136129e-01   8.4863871e-01
   1.2694230e+00   0.0000000e+00   1.5170906e-01   8.4829094e-01
   1.2716019e+00   0.0000000e+00   1.5368013e-01   8.4631987e-01
   1.2709423e+00   0.0000000e+00   1.5295042e-01   8.4704958e-01
   1.2699737e+00   0.0000000e+00   1.5209121e-01   8.4790879e-01
   1.2696456e+00   0.0000000e+00   1.5181851e-01   8.4818149e-01
   1.2678940e+00   0.0000000e+00   1.5073904e-01   8.4926096e-01
   1.2743793e+00   0.0000000e+00   1.5459892e-01   8.4540108e-01
   1.2694049e+00   0.0000000e+00   1.5172992e-01   8.4827008e-01
   1.2717974e+00   0.0000000e+00   1.5290818e-01   8.4709182e-01
   1.2685655e+00   0.0000000e+00   1.5118160e-01   8.4881840e-01
   1.2712541e+00   0.0000000e+00   1.5249976e-01   8.4750024e-01
   1.2683331e+00   0.0000000e+00   1.5099553e-01   8.4900447e-01
   1.2703281e+00   0.0000000e+00   1.5195687e-01   8.4804313e-01
   1.2698605e+00   0.0000000e+00   1.5217818e-01   8.4782182e-01
   1.2693676e+00   0.0000000e+00   1.5170233e-01   8.4829767e-01
   1.2719633e+00   0.0000000e+00   1.5376251e-01   8.4623749e-01
   1.2689554e+00   0.0000000e+00   1.5145610e-01   8.4854390e-01
   1.2684821e+00   0.0000000e+00   1.5095988e-01   8.4904012e-01
   1.2693027e+00   0.0000000e+00   1.5161453e-01   8.4838547e-01
   1.2703639e+00   0.0000000e+00   1.5229521e-01   8.4770479e-01
   1.2691479e+00   0.0000000e+00   1.5151962e-01   8.4848038e-01
   1.2695014e+00   0.0000000e+00   1.5185889e-01   8.4814111e-01
   1.2699476e+00   0.0000000e+00   1.5217349e-01   8.4782651e-01
   1.2698151e+00   0.0000000e+00   1.5183755e-01   8.4816245e-01
   1.2732788e+00   0.0000000e+00   1.5306612e-01   8.4693388e-01
   1.2733555e+00   0.0000000e+00   1.5538228e-01   8.4461772e-01
   1.2688042e+00   0.0000000e+00   1.5147809e-01   8.4852191e-01
   1.2689713e+00   0.0000000e+00   1.5138400e-01   8.4861600e-01
   1.2669515e+00   0.0000000e+00   1.4985479e-01   8.5014521e-01
   1.2690923e+00   0.0000000e+00   1.5147450e-01   8.4852550e-01
   1.2693268e+00   0.0000000e+00   1.5168476e-01   8.4831524e-01
   1.2692325e+00   0.0000000e+00   1.5169690e-01   8.4830310e-01
   1.2720657e+00   0.0000000e+00   1.5327566e-01   8.4672434e-01
   1.2729539e+00   0.0000000e+00   1.5410652e-01   8.4589348e-01
   1.2678872e+00   0.0000000e+00   1.5050969e-01   8.4949031e-01
   1.2683807e+00   0.0000000e+00   1.5098709e-01   8.4901291e-01
   1.2688865e+00   0.0000000e+00   1.5137293e-01   8.4862707e-01
   1.2715226e+00   0.0000000e+00   1.5265081e-01   8.4734919e-01
   1.2693776e+00   0.0000000e+00   1.5171585e-01   8.4828415e-01
   1.2689032e+00   0.0000000e+00   1.5166874e-01   8.4833126e-01
   1.2690058e+00   0.0000000e+00   1.5140846e-01   8.4859154e-01
   1.2700501e+00   0.0000000e+00   1.5200667e-01   8.4799333e-01
   1.2655698e+00   0.0000000e+00   1.4920700e-01   8.5079300e-01
   1.2687930e+00   0.0000000e+00   1.5132062e-01   8.4867938e-01
   1.2699789e+00   0.0000000e+00   1.5219082e-01   8.4780918e-01
   1.2708057e+00   0.0000000e+00   1.5242873e-01   8.4757127e-01
   1.2694019e+00   0.0000000e+00   1.5168686e-01   8.4831314e-01
   1.2687884e+00   0.0000000e+00   1.5136709e-01   8.4863291e-01
   1.2688218e+00   0.0000000e+00   1.5136264e-01   8.4863736e-01
   1.2695592e+00   0.0000000e+00   1.5184268e-01   8.4815732e-01
   1.2695985e+00   0.0000000e+00   1.5192318e-01   8.4807682e-01
   1.2686308e+00   0.0000000e+00   1.5115543e-01   8.4884457e-01
   1.2687314e+00   0.0000000e+00   1.5119535e-01   8.4880465e-01
   1.2686502e+00   0.0000000e+00   1.5115267e-01   8.4884733e-01
   1.2689147e+00   0.0000000e+00   1.5153011e-01   8.4846989e-01
   1.2707346e+00   0.0000000e+00   1.5245849e-01   8.4754151e-01
   1.2698752e+00   0.0000000e+00   1.5232545e-01   8.4767455e-01
   1.2690162e+00   0.0000000e+00   1.5149386e-01   8.4850614e-01
   1.2686018e+00   0.0000000e+00   1.5117878e-01   8.4882122e-01
   1.2673873e+00   0.0000000e+00   1.5023894e-01   8.4976106e-01
   1.2697412e+00   0.0000000e+00   1.5195323e-01   8.4804677e-01
   1.2678562e+00   0.0000000e+00   1.5060141e-01   8.4939859e-01
   1.2681297e+00   0.0000000e+00   1.5134134e-01   8.4865866e-01
   1.2703882e+00   0.0000000e+00   1.5227463e-01   8.4772537e-01
   1.2697847e+00   0.0000000e+00   1.5177420e-01   8.4822580e-01
   1.2687657e+00   0.0000000e+00   1.5129363e-01   8.4870637e-01
   1.2683301e+00   0.0000000e+00   1.5112039e-01   8.4887961e-01
   1.2680835e+00   0.0000000e+00   1.5083262e-01   8.4916738e-01
   1.2663615e+00   0.0000000e+00   1.4856032e-01   8.5143968e-01
   1.2681474e+00   0.0000000e+00   1.5089753e-01   8.4910247e-01
   1.2685473e+00   0.0000000e+00   1.5100159e-01   8.4899841e-01
   1.2685466e+00   0.0000000e+00   1.5108763e-01   8.4891237e-01
   1.2699460e+00   0.0000000e+00   1.5254772e-01   8.4745228e-01
   1.2684353e+00   0.0000000e+00   1.5104528e-01   8.4895472e-01
   1.2687226e+00   0.0000000e+00   1.5131713e-01   8.4868287e-01
   1.2675641e+00   0.0000000e+00   1.5060568e-01   8.4939432e-01
   1.2707776e+00   0.0000000e+00   1.5268329e-01   8.4731671e-01
   1.2684214e+00   0.0000000e+00   1.5107519e-01   8.4892481e-01
   1.2682411e+00   0.0000000e+00   1.5106889e-01   8.4893111e-01
   1.2659526e+00   0.0000000e+00   1.4950217e-01   8.5049783e-01
   1.2676360e+00   0.0000000e+00   1.5034541e-01   8.4965459e-01
   1.2717321e+00   0.0000000e+00   1.5299396e-01   8.4700604e-01
   1.2691655e+00   0.0000000e+00   1.5153762e-01   8.4846238e-01
   1.2676275e+00   0.0000000e+00   1.5087696e-01   8.4912304e-01
   1.2680959e+00   0.0000000e+00   1.5082397e-01   8.4917603e-01
   1.2714211e+00   0.0000000e+00   1.5283241e-01   8.4716759e-01
   1.2683092e+00   0.0000000e+00   1.5100253e-01   8.4899747e-01
   1.2677227e+00   0.0000000e+00   1.5059906e-01   8.4940094e-01
   1.2676513e+00   0.0000000e+00   1.5074446e-01   8.4925554e-01
   1.2687265e+00   0.0000000e+00   1.5101028e-01   8.4898972e-01
   1.2684062e+00   0.0000000e+00   1.5100358e-01   8.4899642e-01
   1.2699678e+00   0.0000000e+00   1.5182789e-01   8.4817211e-01
   1.2686632e+00   0.0000000e+00   1.5125635e-01   8.4874365e-01
   1.2711131e+00   0.0000000e+00   1.5316292e-01   8.4683708e-01
   1.2691100e+00   0.0000000e+00   1.5166645e-01   8.4833355e-01
   1.2636064e+00   0.0000000e+00   1.4761521e-01   8.5238479e-01
   1.2677687e+00   0.0000000e+00   1.5061432e-01   8.4938568e-01
   1.2675768e+00   0.0000000e+00   1.5046381e-01   8.4953619e-01
   1.2687730e+00   0.0000000e+00   1.5135432e-01   8.4864568e-01
   1.2708482e+00   0.0000000e+00   1.5275366e-01   8.4724634e-01
   1.2681738e+00   0.0000000e+00   1.5079545e-01   8.4920455e-01
   1.2669344e+00   0.0000000e+00   1.4972200e-01   8.5027800e-01
   1.2729624e+00   0.0000000e+00   1.5420192e-01   8.4579808e-01
   1.2671987e+00   0.0000000e+00   1.5026274e-01   8.4973726e-01
   1.2678405e+00   0.0000000e+00   1.5069689e-01   8.4930311e-01
   1.2629365e+00   0.0000000e+00   1.4625329e-01   8.5374671e-01
   1.2699016e+00   0.0000000e+00   1.5202130e-01   8.4797870e-01
   1.2696657e+00   0.0000000e+00   1.5165647e-01   8.4834353e-01
   1.2714185e+00   0.0000000e+00   1.5326896e-01   8.4673104e-01
   1.2694966e+00   0.0000000e+00   1.5175134e-01   8.4824866e-01
   1.2626506e+00   0.0000000e+00   1.4674699e-01   8.5325301e-01
   1.2675197e+00   0.0000000e+00   1.5007998e-01   8.4992002e-01
   1.2681821e+00   0.0000000e+00   1.5086905e-01   8.4913095e-01
   1.2691457e+00   0.0000000e+00   1.5148683e-01   8.4851317e-01
   1.2698173e+00   0.0000000e+00   1.5188985e-01   8.4811015e-01
   1.2712300e+00   0.0000000e+00   1.5264788e-01   8.4735212e-01
   1.2683071e+00   0.0000000e+00   1.5111583e-01   8.4888417e-01
   1.2710924e+00   0.0000000e+00   1.5284578e-01   8.4715422e-01
   1.2669922e+00   0.0000000e+00   1.5083455e-01   8.4916545e-01
   1.2701856e+00   0.0000000e+00   1.5219510e-01   8.4780490e-01
   1.2678267e+00   0.0000000e+00   1.5059900e-01   8.4940100e-01
   1.2678278e+00   0.0000000e+00   1.5064977e-01   8.4935023e-01
   1.2675718e+00   0.0000000e+00   1.5037175e-01   8.4962825e-01
   1.2677126e+00   0.0000000e+00   1.5063388e-01   8.4936612e-01
   1.2683976e+00   0.0000000e+00   1.5104382e-01   8.4895618e-01
   1.2703749e+00   0.0000000e+00   1.5224416e-01   8.4775584e-01
   1.2672982e+00   0.0000000e+00   1.5028957e-01   8.4971043e-01
   1.2690765e+00   0.0000000e+00   1.5130977e-01   8.4869023e-01
   1.2579952e+00   0.0000000e+00   1.4084253e-01   8.5915747e-01
   1.2680587e+00   0.0000000e+00   1.5070416e-01   8.4929584e-01
   1.2744700e+00   0.0000000e+00   1.5451412e-01   8.4548588e-01
   1.2686411e+00   0.0000000e+00   1.5121517e-01   8.4878483e-01
   1.2693619e+00   0.0000000e+00   1.5199773e-01   8.4800227e-01
   1.2708365e+00   0.0000000e+00   1.5230544e-01   8.4769456e-01
   1.2665700e+00   0.0000000e+00   1.4985295e-01   8.5014705e-01
   1.2676180e+00   0.0000000e+00   1.5031415e-01   8.4968585e-01
   1.2680824e+00   0.0000000e+00   1.5083479e-01   8.4916521e-01
   1.2724555e+00   0.0000000e+00   1.5376173e-01   8.4623827e-01
   1.2682164e+00   0.0000000e+00   1.5085043e-01   8.4914957e-01
   1.2704516e+00   0.0000000e+00   1.5210474e-01   8.4789526e-01
   1.2673381e+00   0.0000000e+00   1.5024037e-01   8.4975963e-01
   1.2694260e+00   0.0000000e+00   1.5164275e-01   8.4835725e-01
