   1.1125458e+00   0.0000000e+00   8.7580751e-03   9.9124192e-01
   1.1125499e+00   0.0000000e+00   8.6893009e-03   9.9131070e-01
   1.1125504e+00   0.0000000e+00   8.7379607e-03   9.9126204e-01
   1.1125505e+00   0.0000000e+00   8.7497867e-03   9.9125021e-01
   1.1125512e+00   0.0000000e+00   8.7343773e-03   9.9126562e-01
   1.1125524e+00   0.0000000e+00   8.7693602e-03   9.9123064e-01
   1.1125532e+00   0.0000000e+00   8.7565859e-03   9.9124341e-01
   1.1125550e+00   0.0000000e+00   8.7321202e-03   9.9126788e-01
   1.1125555e+00   0.0000000e+00   8.7433133e-03   9.9125669e-01
   1.1125568e+00   0.0000000e+00   8.7969806e-03   9.9120302e-01
   1.1125573e+00   0.0000000e+00   8.7674321e-03   9.9123257e-01
   1.1125575e+00   0.0000000e+00   8.6901226e-03   9.9130988e-01
   1.1125576e+00   0.0000000e+00   8.6814619e-03   9.9131854e-01
   1.1125620e+00   0.0000000e+00   8.7463439e-03   9.9125366e-01
   1.1125635e+00   0.0000000e+00   8.7544980e-03   9.9124550e-01
   1.1125639e+00   0.0000000e+00   8.6858956e-03   9.9131410e-01
   1.1125644e+00   0.0000000e+00   8.6033688e-03   9.9139663e-01
   1.1125646e+00   0.0000000e+00   8.7171743e-03   9.9128283e-01
   1.1125651e+00   0.0000000e+00   8.7414832e-03   9.9125852e-01
   1.1125653e+00   0.0000000e+00   8.7357159e-03   9.9126428e-01
   1.1125656e+00   0.0000000e+00   8.7439926e-03   9.9125601e-01
   1.1125657e+00   0.0000000e+00   8.7790702e-03   9.9122093e-01
   1.1125660e+00   0.0000000e+00   8.7394985e-03   9.9126050e-01
   1.1125673e+00   0.0000000e+00   8.8093831e-03   9.9119062e-01
   1.1125679e+00   0.0000000e+00   8.6856260e-03   9.9131437e-01
   1.1125679e+00   0.0000000e+00   8.7428406e-03   9.9125716e-01
   1.1125681e+00   0.0000000e+00   8.7255183e-03   9.9127448e-01
   1.1125690e+00   0.0000000e+00   8.7312708e-03   9.9126873e-01
   1.1125696e+00   0.0000000e+00   8.6549617e-03   9.9134504e-01
   1.1125702e+00   0.0000000e+00   8.7055681e-03   9.9129443e-01
   1.1125704e+00   0.0000000e+00   8.7649493e-03   9.9123505e-01
   1.1125705e+00   0.0000000e+00   8.7556127e-03   9.9124439e-01
   1.1125706e+00   0.0000000e+00   8.7227791e-03   9.9127722e-01
   1.1125709e+00   0.0000000e+00   8.7542430e-03   9.9124576e-01
   1.1125711e+00   0.0000000e+00   8.7438061e-03   9.9125619e-01
   1.1125722e+00   0.0000000e+00   8.7321954e-03   9.9126780e-01
   1.1125724e+00   0.0000000e+00   8.7482392e-03   9.9125176e-01
   1.1125724e+00   0.0000000e+00   8.7391940e-03   9.9126081e-01
   1.1125744e+00   0.0000000e+00   8.7293339e-03   9.9127067e-01
   1.1125744e+00   0.0000000e+00   8.7282597e-03   9.9127174e-01
   1.1125745e+00   0.0000000e+00   8.7520768e-03   9.9124792e-01
   1.1125746e+00   0.0000000e+00   8.7309795e-03   9.9126902e-01
   1.1125750e+00   0.0000000e+00   8.7975857e-03   9.9120241e-01
   1.1125758e+00   0.0000000e+00   8.7480617e-03   9.9125194e-01
   1.1125767e+00   0.0000000e+00   8.7496925e-03   9.9125031e-01
   1.1125767e+00   0.0000000e+00   8.7049897e-03   9.9129501e-01
   1.1125774e+00   0.0000000e+00   8.8869166e-03   9.9111308e-01
   1.1125779e+00   0.0000000e+00   8.6924479e-03   9.9130755e-01
   1.1125785e+00   0.0000000e+00   8.7496643e-03   9.9125034e-01
   1.1125793e+00   0.0000000e+00   8.7236020e-03   9.9127640e-01
   1.1125797e+00   0.0000000e+00   8.7666286e-03   9.9123337e-01
   1.1125800e+00   0.0000000e+00   8.6206084e-03   9.9137939e-01
   1.1125802e+00   0.0000000e+00   8.7302545e-03   9.9126975e-01
   1.1125804e+00   0.0000000e+00   8.6631227e-03   9.9133688e-01
   1.1125805e+00   0.0000000e+00   8.7479888e-03   9.9125201e-01
   1.1125807e+00   0.0000000e+00   8.7339757e-03   9.9126602e-01
   1.1125815e+00   0.0000000e+00   8.7363915e-03   9.9126361e-01
   1.1125817e+00   0.0000000e+00   8.7516315e-03   9.9124837e-01
   1.1125820e+00   0.0000000e+00   8.7299632e-03   9.9127004e-01
   1.1125821e+00   0.0000000e+00   8.7375277e-03   9.9126247e-01
   1.1125823e+00   0.0000000e+00   8.8546622e-03   9.9114534e-01
   1.1125835e+00   0.0000000e+00   8.7472094e-03   9.9125279e-01
   1.1125836e+00   0.0000000e+00   8.7802666e-03   9.9121973e-01
   1.1125836e+00   0.0000000e+00   8.7388472e-03   9.9126115e-01
   1.1125842e+00   0.0000000e+00   8.7554078e-03   9.9124459e-01
   1.1125848e+00   0.0000000e+00   8.7458387e-03   9.9125416e-01
   1.1125853e+00   0.0000000e+00   8.7057743e-03   9.9129423e-01
   1.1125856e+00   0.0000000e+00   8.8811620e-03   9.9111884e-01
   1.1125868e+00   0.0000000e+00   8.7268401e-03   9.9127316e-01
   1.1125873e+00   0.0000000e+00   8.7101999e-03   9.9128980e-01
   1.1125874e+00   0.0000000e+00   8.8789635e-03   9.9112104e-01
   1.1125875e+00   0.0000000e+00   8.7178806e-03   9.9128212e-01
   1.1125880e+00   0.0000000e+00   8.7091732e-03   9.9129083e-01
   1.1125880e+00   0.0000000e+00   8.7337870e-03   9.9126621e-01
   1.1125881e+00   0.0000000e+00   8.7648911e-03   9.9123511e-01
   1.1125883e+00   0.0000000e+00   8.7336693e-03   9.9126633e-01
   1.1125891e+00   0.0000000e+00   8.7346148e-03   9.9126539e-01
   1.1125897e+00   0.0000000e+00   8.7590445e-03   9.9124096e-01
   1.1125898e+00   0.0000000e+00   8.7267857e-03   9.9127321e-01
   1.1125899e+00   0.0000000e+00   8.7331432e-03   9.9126686e-01
   1.1125900e+00   0.0000000e+00   8.7443714e-03   9.9125563e-01
   1.1125920e+00   0.0000000e+00   8.7966725e-03   9.9120333e-01
   1.1125921e+00   0.0000000e+00   8.8383272e-03   9.9116167e-01
   1.1125935e+00   0.0000000e+00   8.7448631e-03   9.9125514e-01
   1.1125937e+00   0.0000000e+00   8.6074988e-03   9.9139250e-01
   1.1125946e+00   0.0000000e+00   8.7324094e-03   9.9126759e-01
   1.1125963e+00   0.0000000e+00   8.7577869e-03   9.9124221e-01
   1.1125964e+00   0.0000000e+00   8.7661568e-03   9.9123384e-01
   1.1125970e+00   0.0000000e+00   8.8220923e-03   9.9117791e-01
   1.1125971e+00   0.0000000e+00   8.7242419e-03   9.9127576e-01
   1.1125972e+00   0.0000000e+00   8.7329571e-03   9.9126704e-01
   1.1125972e+00   0.0000000e+00   8.6768167e-03   9.9132318e-01
   1.1125973e+00   0.0000000e+00   8.6894419e-03   9.9131056e-01
   1.1125975e+00   0.0000000e+00   8.7181030e-03   9.9128190e-01
   1.1125979e+00   0.0000000e+00   8.8906726e-03   9.9110933e-01
   1.1125983e+00   0.0000000e+00   8.7033035e-03   9.9129670e-01
   1.1125988e+00   0.0000000e+00   8.7254099e-03   9.9127459e-01
   1.1125989e+00   0.0000000e+00   8.7567993e-03   9.9124320e-01
   1.1125992e+00   0.0000000e+00   8.7371925e-03   9.9126281e-01
   1.1126003e+00   0.0000000e+00   8.9109673e-03   9.9108903e-01
   1.1126013e+00   0.0000000e+00   8.7060891e-03   9.9129391e-01
   1.1126020e+00   0.0000000e+00   8.7098303e-03   9.9129017e-01
   1.1126023e+00   0.0000000e+00   8.7340238e-03   9.9126598e-01
   1.1126026e+00   0.0000000e+00   8.6033380e-03   9.9139666e-01
   1.1126029e+00   0.0000000e+00   8.8456646e-03   9.9115434e-01
   1.1126030e+00   0.0000000e+00   8.7511363e-03   9.9124886e-01
   1.1126030e+00   0.0000000e+00   8.8239198e-03   9.9117608e-01
   1.1126033e+00   0.0000000e+00   8.7563529e-03   9.9124365e-01
   1.1126058e+00   0.0000000e+00   8.7271832e-03   9.9127282e-01
   1.1126069e+00   0.0000000e+00   8.6340523e-03   9.9136595e-01
   1.1126075e+00   0.0000000e+00   8.7286680e-03   9.9127133e-01
   1.1126080e+00   0.0000000e+00   8.7558025e-03   9.9124420e-01
   1.1126084e+00   0.0000000e+00   8.7248165e-03   9.9127518e-01
   1.1126096e+00   0.0000000e+00   8.7439987e-03   9.9125600e-01
   1.1126099e+00   0.0000000e+00   8.6932713e-03   9.9130673e-01
   1.1126103e+00   0.0000000e+00   8.7457516e-03   9.9125425e-01
   1.1126105e+00   0.0000000e+00   8.6603757e-03   9.9133962e-01
   1.1126107e+00   0.0000000e+00   8.7376359e-03   9.9126236e-01
   1.1126110e+00   0.0000000e+00   8.7777934e-03   9.9122221e-01
   1.1126128e+00   0.0000000e+00   8.8119426e-03   9.9118806e-01
   1.1126128e+00   0.0000000e+00   8.6696688e-03   9.9133033e-01
   1.1126160e+00   0.0000000e+00   8.7542360e-03   9.9124576e-01
   1.1126175e+00   0.0000000e+00   8.7112852e-03   9.9128871e-01
   1.1126201e+00   0.0000000e+00   8.7197741e-03   9.9128023e-01
   1.1126205e+00   0.0000000e+00   8.8178696e-03   9.9118213e-01
   1.1126217e+00   0.0000000e+00   8.8035225e-03   9.9119648e-01
   1.1126219e+00   0.0000000e+00   8.7359925e-03   9.9126401e-01
   1.1126229e+00   0.0000000e+00   8.7711838e-03   9.9122882e-01
   1.1126233e+00   0.0000000e+00   8.7205966e-03   9.9127940e-01
   1.1126241e+00   0.0000000e+00   8.7540022e-03   9.9124600e-01
   1.1126241e+00   0.0000000e+00   8.7783797e-03   9.9122162e-01
   1.1126245e+00   0.0000000e+00   8.9432516e-03   9.9105675e-01
   1.1126245e+00   0.0000000e+00   8.8073383e-03   9.9119266e-01
   1.1126247e+00   0.0000000e+00   8.8895128e-03   9.9111049e-01
   1.1126253e+00   0.0000000e+00   8.8105071e-03   9.9118949e-01
   1.1126260e+00   0.0000000e+00   8.7612028e-03   9.9123880e-01
   1.1126261e+00   0.0000000e+00   8.8667415e-03   9.9113326e-01
   1.1126272e+00   0.0000000e+00   8.6080094e-03   9.9139199e-01
   1.1126285e+00   0.0000000e+00   8.8223823e-03   9.9117762e-01
   1.1126297e+00   0.0000000e+00   8.7287679e-03   9.9127123e-01
   1.1126309e+00   0.0000000e+00   8.7174856e-03   9.9128251e-01
   1.1126314e+00   0.0000000e+00   8.5421822e-03   9.9145782e-01
   1.1126315e+00   0.0000000e+00   8.8067064e-03   9.9119329e-01
   1.1126318e+00   0.0000000e+00   9.0243243e-03   9.9097568e-01
   1.1126331e+00   0.0000000e+00   8.7150077e-03   9.9128499e-01
   1.1126353e+00   0.0000000e+00   8.6486025e-03   9.9135140e-01
   1.1126369e+00   0.0000000e+00   8.7510959e-03   9.9124890e-01
   1.1126372e+00   0.0000000e+00   8.6667212e-03   9.9133328e-01
   1.1126386e+00   0.0000000e+00   8.8292415e-03   9.9117076e-01
   1.1126393e+00   0.0000000e+00   8.7640367e-03   9.9123596e-01
   1.1126397e+00   0.0000000e+00   8.7289070e-03   9.9127109e-01
   1.1126398e+00   0.0000000e+00   8.6896201e-03   9.9131038e-01
   1.1126400e+00   0.0000000e+00   8.7697582e-03   9.9123024e-01
   1.1126404e+00   0.0000000e+00   8.9242926e-03   9.9107571e-01
   1.1126407e+00   0.0000000e+00   8.8370838e-03   9.9116292e-01
   1.1126441e+00   0.0000000e+00   8.7523263e-03   9.9124767e-01
   1.1126442e+00   0.0000000e+00   8.7713528e-03   9.9122865e-01
   1.1126455e+00   0.0000000e+00   8.7886995e-03   9.9121130e-01
   1.1126478e+00   0.0000000e+00   8.5497094e-03   9.9145029e-01
   1.1126481e+00   0.0000000e+00   8.9682561e-03   9.9103174e-01
   1.1126485e+00   0.0000000e+00   8.7516786e-03   9.9124832e-01
   1.1126486e+00   0.0000000e+00   8.6203241e-03   9.9137968e-01
   1.1126507e+00   0.0000000e+00   8.7927297e-03   9.9120727e-01
   1.1126517e+00   0.0000000e+00   8.8352962e-03   9.9116470e-01
   1.1126524e+00   0.0000000e+00   8.8340710e-03   9.9116593e-01
   1.1126543e+00   0.0000000e+00   8.8463940e-03   9.9115361e-01
   1.1126549e+00   0.0000000e+00   9.0622731e-03   9.9093773e-01
   1.1126550e+00   0.0000000e+00   8.8801378e-03   9.9111986e-01
   1.1126554e+00   0.0000000e+00   8.5053616e-03   9.9149464e-01
   1.1126556e+00   0.0000000e+00   8.7067887e-03   9.9129321e-01
   1.1126558e+00   0.0000000e+00   8.7752492e-03   9.9122475e-01
   1.1126565e+00   0.0000000e+00   8.7560034e-03   9.9124400e-01
   1.1126590e+00   0.0000000e+00   8.6914231e-03   9.9130858e-01
   1.1126599e+00   0.0000000e+00   8.8650880e-03   9.9113491e-01
   1.1126599e+00   0.0000000e+00   8.7232536e-03   9.9127675e-01
   1.1126607e+00   0.0000000e+00   8.8033372e-03   9.9119666e-01
   1.1126637e+00   0.0000000e+00   8.6540980e-03   9.9134590e-01
   1.1126645e+00   0.0000000e+00   8.7272552e-03   9.9127274e-01
   1.1126656e+00   0.0000000e+00   8.6121190e-03   9.9138788e-01
   1.1126663e+00   0.0000000e+00   8.6687602e-03   9.9133124e-01
   1.1126692e+00   0.0000000e+00   8.7976363e-03   9.9120236e-01
   1.1126735e+00   0.0000000e+00   8.9996876e-03   9.9100031e-01
   1.1126757e+00   0.0000000e+00   8.8942880e-03   9.9110571e-01
   1.1126766e+00   0.0000000e+00   8.8079585e-03   9.9119204e-01
   1.1126787e+00   0.0000000e+00   8.6703289e-03   9.9132967e-01
   1.1126796e+00   0.0000000e+00   8.8439504e-03   9.9115605e-01
   1.1126798e+00   0.0000000e+00   8.6889955e-03   9.9131100e-01
   1.1126809e+00   0.0000000e+00   8.7475189e-03   9.9125248e-01
   1.1126835e+00   0.0000000e+00   8.9050295e-03   9.9109497e-01
   1.1126848e+00   0.0000000e+00   8.8399114e-03   9.9116009e-01
   1.1126868e+00   0.0000000e+00   8.7964919e-03   9.9120351e-01
   1.1126870e+00   0.0000000e+00   8.8558681e-03   9.9114413e-01
   1.1126873e+00   0.0000000e+00   8.5724560e-03   9.9142754e-01
   1.1126887e+00   0.0000000e+00   8.6684487e-03   9.9133155e-01
   1.1126894e+00   0.0000000e+00   8.6409518e-03   9.9135905e-01
   1.1126908e+00   0.0000000e+00   8.9450818e-03   9.9105492e-01
   1.1126920e+00   0.0000000e+00   8.9025711e-03   9.9109743e-01
   1.1126931e+00   0.0000000e+00   8.8113681e-03   9.9118863e-01
   1.1126942e+00   0.0000000e+00   8.9558215e-03   9.9104418e-01
   1.1126970e+00   0.0000000e+00   8.9364863e-03   9.9106351e-01
   1.1126975e+00   0.0000000e+00   9.3091526e-03   9.9069085e-01
   1.1126981e+00   0.0000000e+00   9.2281149e-03   9.9077189e-01
   1.1126982e+00   0.0000000e+00   8.9039601e-03   9.9109604e-01
   1.1126983e+00   0.0000000e+00   8.8925419e-03   9.9110746e-01
   1.1126995e+00   0.0000000e+00   9.0126061e-03   9.9098739e-01
   1.1126999e+00   0.0000000e+00   8.8925527e-03   9.9110745e-01
   1.1127002e+00   0.0000000e+00   8.8373980e-03   9.9116260e-01
   1.1127006e+00   0.0000000e+00   8.9262045e-03   9.9107380e-01
   1.1127010e+00   0.0000000e+00   8.7318870e-03   9.9126811e-01
   1.1127016e+00   0.0000000e+00   8.5501578e-03   9.9144984e-01
   1.1127030e+00   0.0000000e+00   8.9860776e-03   9.9101392e-01
   1.1127050e+00   0.0000000e+00   9.0447909e-03   9.9095521e-01
   1.1127069e+00   0.0000000e+00   8.8430957e-03   9.9115690e-01
   1.1127074e+00   0.0000000e+00   8.9119756e-03   9.9108802e-01
   1.1127080e+00   0.0000000e+00   8.5376477e-03   9.9146235e-01
   1.1127087e+00   0.0000000e+00   8.6320804e-03   9.9136792e-01
   1.1127110e+00   0.0000000e+00   9.1169785e-03   9.9088302e-01
   1.1127118e+00   0.0000000e+00   9.1460728e-03   9.9085393e-01
   1.1127150e+00   0.0000000e+00   8.8733686e-03   9.9112663e-01
   1.1127156e+00   0.0000000e+00   8.9638726e-03   9.9103613e-01
   1.1127189e+00   0.0000000e+00   8.7468036e-03   9.9125320e-01
   1.1127192e+00   0.0000000e+00   8.9494166e-03   9.9105058e-01
   1.1127216e+00   0.0000000e+00   9.0697214e-03   9.9093028e-01
   1.1127234e+00   0.0000000e+00   9.0208002e-03   9.9097920e-01
   1.1127235e+00   0.0000000e+00   9.0320139e-03   9.9096799e-01
   1.1127256e+00   0.0000000e+00   8.8838299e-03   9.9111617e-01
   1.1127265e+00   0.0000000e+00   8.7910183e-03   9.9120898e-01
   1.1127268e+00   0.0000000e+00   8.9211311e-03   9.9107887e-01
   1.1127314e+00   0.0000000e+00   9.1965367e-03   9.9080346e-01
   1.1127320e+00   0.0000000e+00   9.1560244e-03   9.9084398e-01
   1.1127328e+00   0.0000000e+00   8.6905942e-03   9.9130941e-01
   1.1127334e+00   0.0000000e+00   8.9328955e-03   9.9106710e-01
   1.1127347e+00   0.0000000e+00   9.3483284e-03   9.9065167e-01
   1.1127396e+00   0.0000000e+00   9.0331015e-03   9.9096690e-01
   1.1127416e+00   0.0000000e+00   9.0354827e-03   9.9096452e-01
   1.1127428e+00   0.0000000e+00   9.0081047e-03   9.9099190e-01
   1.1127452e+00   0.0000000e+00   8.6920973e-03   9.9130790e-01
   1.1127460e+00   0.0000000e+00   8.5822764e-03   9.9141772e-01
   1.1127465e+00   0.0000000e+00   9.0541732e-03   9.9094583e-01
   1.1127472e+00   0.0000000e+00   8.9310053e-03   9.9106899e-01
   1.1127478e+00   0.0000000e+00   9.1368818e-03   9.9086312e-01
   1.1127485e+00   0.0000000e+00   9.2221973e-03   9.9077780e-01
   1.1127487e+00   0.0000000e+00   8.9237345e-03   9.9107627e-01
   1.1127511e+00   0.0000000e+00   8.9389145e-03   9.9106109e-01
   1.1127514e+00   0.0000000e+00   8.7500255e-03   9.9124997e-01
   1.1127526e+00   0.0000000e+00   8.9154820e-03   9.9108452e-01
   1.1127531e+00   0.0000000e+00   8.8728858e-03   9.9112711e-01
   1.1127533e+00   0.0000000e+00   9.0336893e-03   9.9096631e-01
   1.1127534e+00   0.0000000e+00   9.1136765e-03   9.9088632e-01
   1.1127571e+00   0.0000000e+00   9.0327097e-03   9.9096729e-01
   1.1127583e+00   0.0000000e+00   9.0753164e-03   9.9092468e-01
   1.1127589e+00   0.0000000e+00   9.2459173e-03   9.9075408e-01
   1.1127590e+00   0.0000000e+00   8.8512274e-03   9.9114877e-01
   1.1127619e+00   0.0000000e+00   9.2395200e-03   9.9076048e-01
   1.1127665e+00   0.0000000e+00   9.1352020e-03   9.9086480e-01
   1.1127678e+00   0.0000000e+00   9.2247072e-03   9.9077529e-01
   1.1127748e+00   0.0000000e+00   9.1591127e-03   9.9084089e-01
   1.1127759e+00   0.0000000e+00   9.0282469e-03   9.9097175e-01
   1.1127778e+00   0.0000000e+00   9.0201378e-03   9.9097986e-01
   1.1127794e+00   0.0000000e+00   9.2711923e-03   9.9072881e-01
   1.1127800e+00   0.0000000e+00   9.4723507e-03   9.9052765e-01
   1.1127839e+00   0.0000000e+00   8.7803341e-03   9.9121967e-01
   1.1127843e+00   0.0000000e+00   9.2787879e-03   9.9072121e-01
   1.1127847e+00   0.0000000e+00   9.2294977e-03   9.9077050e-01
   1.1127850e+00   0.0000000e+00   8.9948179e-03   9.9100518e-01
   1.1127868e+00   0.0000000e+00   8.7545288e-03   9.9124547e-01
   1.1127875e+00   0.0000000e+00   9.3456152e-03   9.9065438e-01
   1.1127878e+00   0.0000000e+00   9.4165875e-03   9.9058341e-01
   1.1127881e+00   0.0000000e+00   9.5061515e-03   9.9049385e-01
   1.1127902e+00   0.0000000e+00   9.4332663e-03   9.9056673e-01
   1.1127915e+00   0.0000000e+00   9.6593652e-03   9.9034063e-01
   1.1127942e+00   0.0000000e+00   9.2904276e-03   9.9070957e-01
   1.1127945e+00   0.0000000e+00   9.4466853e-03   9.9055331e-01
   1.1128033e+00   0.0000000e+00   9.2393628e-03   9.9076064e-01
   1.1128036e+00   0.0000000e+00   9.5256311e-03   9.9047437e-01
   1.1128060e+00   0.0000000e+00   9.8761402e-03   9.9012386e-01
   1.1128080e+00   0.0000000e+00   9.2277830e-03   9.9077222e-01
   1.1128089e+00   0.0000000e+00   9.5150075e-03   9.9048499e-01
   1.1128097e+00   0.0000000e+00   9.8913027e-03   9.9010870e-01
   1.1128106e+00   0.0000000e+00   8.9129923e-03   9.9108701e-01
   1.1128112e+00   0.0000000e+00   9.5358678e-03   9.9046413e-01
   1.1128115e+00   0.0000000e+00   9.4993315e-03   9.9050067e-01
   1.1128156e+00   0.0000000e+00   9.4891162e-03   9.9051088e-01
   1.1128175e+00   0.0000000e+00   9.4522060e-03   9.9054779e-01
   1.1128192e+00   0.0000000e+00   9.6090603e-03   9.9039094e-01
   1.1128198e+00   0.0000000e+00   8.9852876e-03   9.9101471e-01
   1.1128212e+00   0.0000000e+00   1.0017373e-02   9.8998263e-01
   1.1128229e+00   0.0000000e+00   9.7643307e-03   9.9023567e-01
   1.1128244e+00   0.0000000e+00   9.7594754e-03   9.9024052e-01
   1.1128301e+00   0.0000000e+00   9.0878718e-03   9.9091213e-01
   1.1128335e+00   0.0000000e+00   9.3071859e-03   9.9069281e-01
   1.1128343e+00   0.0000000e+00   9.5930476e-03   9.9040695e-01
   1.1128379e+00   0.0000000e+00   9.9630659e-03   9.9003693e-01
   1.1128433e+00   0.0000000e+00   1.0161288e-02   9.8983871e-01
   1.1128457e+00   0.0000000e+00   9.2953332e-03   9.9070467e-01
   1.1128482e+00   0.0000000e+00   9.2002022e-03   9.9079980e-01
   1.1128489e+00   0.0000000e+00   9.7585728e-03   9.9024143e-01
   1.1128499e+00   0.0000000e+00   1.0061711e-02   9.8993829e-01
   1.1128519e+00   0.0000000e+00   9.9079051e-03   9.9009209e-01
   1.1128661e+00   0.0000000e+00   1.0022488e-02   9.8997751e-01
   1.1128663e+00   0.0000000e+00   9.8574495e-03   9.9014255e-01
   1.1128675e+00   0.0000000e+00   1.0069522e-02   9.8993048e-01
   1.1128676e+00   0.0000000e+00   9.4249032e-03   9.9057510e-01
   1.1128732e+00   0.0000000e+00   9.8751050e-03   9.9012490e-01
   1.1128756e+00   0.0000000e+00   1.0809561e-02   9.8919044e-01
   1.1128790e+00   0.0000000e+00   9.7083028e-03   9.9029170e-01
   1.1128806e+00   0.0000000e+00   1.0331886e-02   9.8966811e-01
   1.1128852e+00   0.0000000e+00   1.0314777e-02   9.8968522e-01
   1.1128882e+00   0.0000000e+00   1.0387430e-02   9.8961257e-01
   1.1128893e+00   0.0000000e+00   1.0922499e-02   9.8907750e-01
   1.1128980e+00   0.0000000e+00   1.0493151e-02   9.8950685e-01
   1.1129021e+00   0.0000000e+00   9.5241542e-03   9.9047585e-01
   1.1129044e+00   0.0000000e+00   1.0131891e-02   9.8986811e-01
   1.1129052e+00   0.0000000e+00   1.0672080e-02   9.8932792e-01
   1.1129066e+00   0.0000000e+00   1.0416196e-02   9.8958380e-01
   1.1129072e+00   0.0000000e+00   9.4398593e-03   9.9056014e-01
   1.1129081e+00   0.0000000e+00   8.7293572e-03   9.9127064e-01
   1.1129094e+00   0.0000000e+00   9.1845101e-03   9.9081549e-01
   1.1129265e+00   0.0000000e+00   1.0712734e-02   9.8928727e-01
   1.1129266e+00   0.0000000e+00   1.0676022e-02   9.8932398e-01
   1.1129364e+00   0.0000000e+00   1.0237449e-02   9.8976255e-01
   1.1129364e+00   0.0000000e+00   1.2017569e-02   9.8798243e-01
   1.1129409e+00   0.0000000e+00   1.0498243e-02   9.8950176e-01
   1.1129431e+00   0.0000000e+00   1.0350995e-02   9.8964901e-01
   1.1129460e+00   0.0000000e+00   1.0340700e-02   9.8965930e-01
   1.1129485e+00   0.0000000e+00   1.1120032e-02   9.8887997e-01
   1.1129544e+00   0.0000000e+00   1.0892812e-02   9.8910719e-01
   1.1129586e+00   0.0000000e+00   1.1191637e-02   9.8880836e-01
   1.1129709e+00   0.0000000e+00   1.1017058e-02   9.8898294e-01
   1.1129747e+00   0.0000000e+00   9.3356789e-03   9.9066432e-01
   1.1129796e+00   0.0000000e+00   8.6259480e-03   9.9137405e-01
   1.1129926e+00   0.0000000e+00   1.1678289e-02   9.8832171e-01
   1.1129980e+00   0.0000000e+00   9.9723885e-03   9.9002761e-01
   1.1130018e+00   0.0000000e+00   1.1216909e-02   9.8878309e-01
   1.1130063e+00   0.0000000e+00   1.1423751e-02   9.8857625e-01
   1.1130075e+00   0.0000000e+00   1.1454658e-02   9.8854534e-01
   1.1130076e+00   0.0000000e+00   1.1775445e-02   9.8822456e-01
   1.1130117e+00   0.0000000e+00   1.1586639e-02   9.8841336e-01
   1.1130131e+00   0.0000000e+00   9.5549299e-03   9.9044507e-01
   1.1130179e+00   0.0000000e+00   1.1155813e-02   9.8884419e-01
   1.1130180e+00   0.0000000e+00   1.0603407e-02   9.8939659e-01
   1.1130213e+00   0.0000000e+00   1.0897427e-02   9.8910257e-01
   1.1130269e+00   0.0000000e+00   1.1093460e-02   9.8890654e-01
   1.1130365e+00   0.0000000e+00   1.1046289e-02   9.8895371e-01
   1.1130378e+00   0.0000000e+00   1.1338173e-02   9.8866183e-01
   1.1130497e+00   0.0000000e+00   1.1799725e-02   9.8820027e-01
   1.1130515e+00   0.0000000e+00   1.0298014e-02   9.8970199e-01
   1.1130768e+00   0.0000000e+00   1.1268689e-02   9.8873131e-01
   1.1130825e+00   0.0000000e+00   1.4691787e-02   9.8530821e-01
   1.1130831e+00   0.0000000e+00   1.2280907e-02   9.8771909e-01
   1.1130942e+00   0.0000000e+00   8.9614035e-03   9.9103860e-01
   1.1131048e+00   0.0000000e+00   1.2360654e-02   9.8763935e-01
   1.1131165e+00   0.0000000e+00   1.2110762e-02   9.8788924e-01
   1.1131214e+00   0.0000000e+00   1.2308027e-02   9.8769197e-01
   1.1131222e+00   0.0000000e+00   1.1920520e-02   9.8807948e-01
   1.1131258e+00   0.0000000e+00   1.1505288e-02   9.8849471e-01
   1.1131287e+00   0.0000000e+00   1.3517020e-02   9.8648298e-01
   1.1131289e+00   0.0000000e+00   1.3147435e-02   9.8685256e-01
   1.1131433e+00   0.0000000e+00   1.2265455e-02   9.8773454e-01
   1.1131453e+00   0.0000000e+00   1.2925503e-02   9.8707450e-01
   1.1131501e+00   0.0000000e+00   1.0317288e-02   9.8968271e-01
   1.1131538e+00   0.0000000e+00   1.2688400e-02   9.8731160e-01
   1.1131540e+00   0.0000000e+00   1.2413358e-02   9.8758664e-01
   1.1131596e+00   0.0000000e+00   1.1540298e-02   9.8845970e-01
   1.1131699e+00   0.0000000e+00   1.2856580e-02   9.8714342e-01
   1.1131801e+00   0.0000000e+00   1.1950069e-02   9.8804993e-01
   1.1131832e+00   0.0000000e+00   1.2883585e-02   9.8711641e-01
   1.1131955e+00   0.0000000e+00   1.2281377e-02   9.8771862e-01
   1.1132081e+00   0.0000000e+00   1.0329331e-02   9.8967067e-01
   1.1132492e+00   0.0000000e+00   1.4420779e-02   9.8557922e-01
   1.1132508e+00   0.0000000e+00   1.3935890e-02   9.8606411e-01
   1.1132577e+00   0.0000000e+00   1.4148238e-02   9.8585176e-01
   1.1132672e+00   0.0000000e+00   1.3943882e-02   9.8605612e-01
   1.1132745e+00   0.0000000e+00   1.2124087e-02   9.8787591e-01
   1.1133002e+00   0.0000000e+00   1.3410797e-02   9.8658920e-01
   1.1133146e+00   0.0000000e+00   1.4131427e-02   9.8586857e-01
   1.1133147e+00   0.0000000e+00   1.5261116e-02   9.8473888e-01
   1.1133178e+00   0.0000000e+00   1.4454696e-02   9.8554530e-01
   1.1133216e+00   0.0000000e+00   1.3753520e-02   9.8624648e-01
   1.1133438e+00   0.0000000e+00   1.4658227e-02   9.8534177e-01
   1.1133443e+00   0.0000000e+00   1.3918825e-02   9.8608117e-01
   1.1133507e+00   0.0000000e+00   1.5192334e-02   9.8480767e-01
   1.1133597e+00   0.0000000e+00   9.5775266e-03   9.9042247e-01
   1.1133664e+00   0.0000000e+00   1.5180235e-02   9.8481977e-01
   1.1133961e+00   0.0000000e+00   1.2074938e-02   9.8792506e-01
   1.1134022e+00   0.0000000e+00   1.3141743e-02   9.8685826e-01
   1.1134309e+00   0.0000000e+00   1.5540826e-02   9.8445917e-01
   1.1134356e+00   0.0000000e+00   1.5972510e-02   9.8402749e-01
   1.1134359e+00   0.0000000e+00   1.5581519e-02   9.8441848e-01
   1.1134408e+00   0.0000000e+00   1.6950870e-02   9.8304913e-01
   1.1134474e+00   0.0000000e+00   1.3120762e-02   9.8687924e-01
   1.1134732e+00   0.0000000e+00   9.5130342e-03   9.9048697e-01
   1.1134732e+00   0.0000000e+00   1.4531131e-02   9.8546887e-01
   1.1134990e+00   0.0000000e+00   1.6687366e-02   9.8331263e-01
   1.1135016e+00   0.0000000e+00   1.2767849e-02   9.8723215e-01
   1.1135162e+00   0.0000000e+00   1.3625615e-02   9.8637439e-01
   1.1135208e+00   0.0000000e+00   1.5678232e-02   9.8432177e-01
   1.1135388e+00   0.0000000e+00   1.5404792e-02   9.8459521e-01
   1.1135555e+00   0.0000000e+00   1.8750980e-02   9.8124902e-01
   1.1135555e+00   0.0000000e+00   1.8071800e-02   9.8192820e-01
   1.1135573e+00   0.0000000e+00   1.5696637e-02   9.8430336e-01
   1.1135738e+00   0.0000000e+00   1.8576178e-02   9.8142382e-01
   1.1136026e+00   0.0000000e+00   1.5689018e-02   9.8431098e-01
   1.1136055e+00   0.0000000e+00   1.7434209e-02   9.8256579e-01
   1.1136085e+00   0.0000000e+00   1.7336991e-02   9.8266301e-01
   1.1136591e+00   0.0000000e+00   1.6861467e-02   9.8313853e-01
   1.1136704e+00   0.0000000e+00   1.8603269e-02   9.8139673e-01
   1.1137021e+00   0.0000000e+00   1.7188921e-02   9.8281108e-01
   1.1137361e+00   0.0000000e+00   1.9463577e-02   9.8053642e-01
   1.1137568e+00   0.0000000e+00   1.4836263e-02   9.8516374e-01
   1.1137673e+00   0.0000000e+00   1.9539638e-02   9.8046036e-01
   1.1137841e+00   0.0000000e+00   1.8201557e-02   9.8179844e-01
   1.1137924e+00   0.0000000e+00   1.4853798e-02   9.8514620e-01
   1.1138160e+00   0.0000000e+00   2.1203909e-02   9.7879609e-01
   1.1138217e+00   0.0000000e+00   1.7915606e-02   9.8208439e-01
   1.1138218e+00   0.0000000e+00   1.8385590e-02   9.8161441e-01
   1.1138393e+00   0.0000000e+00   2.0434852e-02   9.7956515e-01
   1.1138822e+00   0.0000000e+00   1.8807333e-02   9.8119267e-01
   1.1138856e+00   0.0000000e+00   1.9933237e-02   9.8006676e-01
   1.1139026e+00   0.0000000e+00   1.6197732e-02   9.8380227e-01
   1.1139527e+00   0.0000000e+00   1.8917296e-02   9.8108270e-01
   1.1139625e+00   0.0000000e+00   2.1570706e-02   9.7842929e-01
   1.1139691e+00   0.0000000e+00   1.8060791e-02   9.8193921e-01
   1.1139838e+00   0.0000000e+00   2.3007515e-02   9.7699249e-01
   1.1139894e+00   0.0000000e+00   1.9521041e-02   9.8047896e-01
   1.1140098e+00   0.0000000e+00   2.1746880e-02   9.7825312e-01
   1.1140171e+00   0.0000000e+00   2.2526616e-02   9.7747338e-01
   1.1140976e+00   0.0000000e+00   2.2440775e-02   9.7755922e-01
   1.1141107e+00   0.0000000e+00   2.2670829e-02   9.7732917e-01
   1.1141174e+00   0.0000000e+00   2.2615723e-02   9.7738428e-01
   1.1141185e+00   0.0000000e+00   1.5820456e-02   9.8417954e-01
   1.1141375e+00   0.0000000e+00   1.3724979e-02   9.8627502e-01
   1.1142007e+00   0.0000000e+00   2.7132413e-02   9.7286759e-01
   1.1142066e+00   0.0000000e+00   2.3242116e-02   9.7675788e-01
   1.1142494e+00   0.0000000e+00   2.1829239e-02   9.7817076e-01
   1.1142600e+00   0.0000000e+00   2.4386429e-02   9.7561357e-01
   1.1142824e+00   0.0000000e+00   2.1931859e-02   9.7806814e-01
   1.1142868e+00   0.0000000e+00   2.3474510e-02   9.7652549e-01
   1.1142961e+00   0.0000000e+00   2.0394255e-02   9.7960575e-01
   1.1143178e+00   0.0000000e+00   2.3122475e-02   9.7687752e-01
   1.1143522e+00   0.0000000e+00   2.6040866e-02   9.7395913e-01
   1.1143859e+00   0.0000000e+00   2.0361684e-02   9.7963832e-01
   1.1144779e+00   0.0000000e+00   2.6848131e-02   9.7315187e-01
   1.1144840e+00   0.0000000e+00   1.1805422e-02   9.8819458e-01
   1.1145572e+00   0.0000000e+00   2.7270469e-02   9.7272953e-01
   1.1145576e+00   0.0000000e+00   2.6465780e-02   9.7353422e-01
   1.1145829e+00   0.0000000e+00   2.9914760e-02   9.7008524e-01
   1.1146199e+00   0.0000000e+00   2.8568230e-02   9.7143177e-01
   1.1146514e+00   0.0000000e+00   2.7236285e-02   9.7276371e-01
   1.1146882e+00   0.0000000e+00   2.3194249e-02   9.7680575e-01
   1.1147503e+00   0.0000000e+00   2.2938081e-02   9.7706192e-01
   1.1147558e+00   0.0000000e+00   2.4536900e-02   9.7546310e-01
   1.1147603e+00   0.0000000e+00   3.1690616e-02   9.6830938e-01
   1.1147664e+00   0.0000000e+00   2.2832797e-02   9.7716720e-01
   1.1148107e+00   0.0000000e+00   3.6432608e-02   9.6356739e-01
   1.1148155e+00   0.0000000e+00   2.5846710e-02   9.7415329e-01
   1.1148494e+00   0.0000000e+00   2.8367578e-02   9.7163242e-01
   1.1148591e+00   0.0000000e+00   2.8283257e-02   9.7171674e-01
   1.1148792e+00   0.0000000e+00   3.0901906e-02   9.6909809e-01
   1.1148799e+00   0.0000000e+00   2.8231486e-02   9.7176851e-01
   1.1150209e+00   0.0000000e+00   3.1993840e-02   9.6800616e-01
   1.1150369e+00   0.0000000e+00   3.2478966e-02   9.6752103e-01
   1.1150388e+00   0.0000000e+00   2.7169442e-02   9.7283056e-01
   1.1150435e+00   0.0000000e+00   3.1415957e-02   9.6858404e-01
   1.1151207e+00   0.0000000e+00   2.8999658e-02   9.7100034e-01
   1.1151411e+00   0.0000000e+00   3.4321722e-02   9.6567828e-01
   1.1151451e+00   0.0000000e+00   3.3095891e-02   9.6690411e-01
   1.1152233e+00   0.0000000e+00   1.3322495e-02   9.8667750e-01
   1.1152308e+00   0.0000000e+00   3.2956937e-02   9.6704306e-01
   1.1152518e+00   0.0000000e+00   3.3455836e-02   9.6654416e-01
   1.1152638e+00   0.0000000e+00   2.1626384e-02   9.7837362e-01
   1.1153471e+00   0.0000000e+00   3.8773081e-02   9.6122692e-01
   1.1153802e+00   0.0000000e+00   3.2746340e-02   9.6725366e-01
   1.1153836e+00   0.0000000e+00   2.6147039e-02   9.7385296e-01
   1.1154705e+00   0.0000000e+00   3.6764273e-02   9.6323573e-01
   1.1154718e+00   0.0000000e+00   3.0723086e-02   9.6927691e-01
   1.1155195e+00   0.0000000e+00   4.0184701e-02   9.5981530e-01
   1.1155691e+00   0.0000000e+00   3.4325490e-02   9.6567451e-01
   1.1157584e+00   0.0000000e+00   3.7206319e-02   9.6279368e-01
   1.1158678e+00   0.0000000e+00   3.9096776e-02   9.6090322e-01
   1.1158913e+00   0.0000000e+00   4.0222270e-02   9.5977773e-01
   1.1159173e+00   0.0000000e+00   4.1470092e-02   9.5852991e-01
   1.1159829e+00   0.0000000e+00   4.1864710e-02   9.5813529e-01
   1.1159897e+00   0.0000000e+00   2.1866121e-02   9.7813388e-01
   1.1161060e+00   0.0000000e+00   4.0001303e-02   9.5999870e-01
   1.1161178e+00   0.0000000e+00   4.3482868e-02   9.5651713e-01
   1.1161549e+00   0.0000000e+00   3.8658165e-02   9.6134184e-01
   1.1162291e+00   0.0000000e+00   3.1594582e-02   9.6840542e-01
   1.1162964e+00   0.0000000e+00   4.6232420e-02   9.5376758e-01
   1.1163414e+00   0.0000000e+00   4.8435739e-02   9.5156426e-01
   1.1163444e+00   0.0000000e+00   4.6087827e-02   9.5391217e-01
   1.1163555e+00   0.0000000e+00   3.2850022e-02   9.6714998e-01
   1.1163666e+00   0.0000000e+00   2.5072575e-02   9.7492743e-01
   1.1164335e+00   0.0000000e+00   3.5771727e-02   9.6422827e-01
   1.1165192e+00   0.0000000e+00   5.2664976e-02   9.4733502e-01
   1.1165485e+00   0.0000000e+00   4.1809820e-02   9.5819018e-01
   1.1166387e+00   0.0000000e+00   4.8433973e-02   9.5156603e-01
   1.1166819e+00   0.0000000e+00   2.4870814e-02   9.7512919e-01
   1.1167484e+00   0.0000000e+00   4.6824119e-02   9.5317588e-01
   1.1167845e+00   0.0000000e+00   4.4287161e-02   9.5571284e-01
   1.1168010e+00   0.0000000e+00   5.1566254e-02   9.4843375e-01
   1.1170199e+00   0.0000000e+00   4.9518582e-02   9.5048142e-01
   1.1170367e+00   0.0000000e+00   5.1178938e-02   9.4882106e-01
   1.1171194e+00   0.0000000e+00   4.7125810e-02   9.5287419e-01
   1.1171270e+00   0.0000000e+00   4.8711650e-02   9.5128835e-01
   1.1171442e+00   0.0000000e+00   4.4786325e-02   9.5521367e-01
   1.1172483e+00   0.0000000e+00   5.1416510e-02   9.4858349e-01
   1.1174993e+00   0.0000000e+00   6.4038137e-02   9.3596186e-01
   1.1176698e+00   0.0000000e+00   7.3380120e-02   9.2661988e-01
   1.1177257e+00   0.0000000e+00   5.8275291e-02   9.4172471e-01
   1.1177518e+00   0.0000000e+00   4.9143137e-02   9.5085686e-01
   1.1178509e+00   0.0000000e+00   4.3656614e-02   9.5634339e-01
   1.1178823e+00   0.0000000e+00   5.2213912e-02   9.4778609e-01
   1.1179095e+00   0.0000000e+00   5.1082154e-02   9.4891785e-01
   1.1180980e+00   0.0000000e+00   3.9809520e-02   9.6019048e-01
   1.1181240e+00   0.0000000e+00   6.1453046e-02   9.3854695e-01
   1.1181865e+00   0.0000000e+00   5.9735101e-02   9.4026490e-01
   1.1182196e+00   0.0000000e+00   5.0315206e-02   9.4968479e-01
   1.1182353e+00   0.0000000e+00   5.4849712e-02   9.4515029e-01
   1.1182445e+00   0.0000000e+00   4.4609800e-02   9.5539020e-01
   1.1182471e+00   0.0000000e+00   5.7675267e-02   9.4232473e-01
   1.1182629e+00   0.0000000e+00   5.9940086e-02   9.4005991e-01
   1.1183999e+00   0.0000000e+00   6.3704237e-02   9.3629576e-01
   1.1184708e+00   0.0000000e+00   6.2936894e-02   9.3706311e-01
   1.1185450e+00   0.0000000e+00   7.0096458e-02   9.2990354e-01
   1.1185504e+00   0.0000000e+00   6.7131641e-02   9.3286836e-01
   1.1185896e+00   0.0000000e+00   5.9249343e-02   9.4075066e-01
   1.1185963e+00   0.0000000e+00   7.5382045e-02   9.2461796e-01
   1.1187997e+00   0.0000000e+00   8.3819882e-02   9.1618012e-01
   1.1188080e+00   0.0000000e+00   4.1941408e-02   9.5805859e-01
   1.1190463e+00   0.0000000e+00   2.7275088e-02   9.7272491e-01
   1.1194295e+00   0.0000000e+00   6.4038764e-02   9.3596124e-01
   1.1195226e+00   0.0000000e+00   7.2551302e-02   9.2744870e-01
   1.1195887e+00   0.0000000e+00   7.0973814e-02   9.2902619e-01
   1.1196433e+00   0.0000000e+00   7.3290599e-02   9.2670940e-01
   1.1196791e+00   0.0000000e+00   7.2458827e-02   9.2754117e-01
   1.1196795e+00   0.0000000e+00   7.0877138e-02   9.2912286e-01
   1.1197687e+00   0.0000000e+00   6.0015808e-02   9.3998419e-01
   1.1199446e+00   0.0000000e+00   8.5956245e-02   9.1404376e-01
   1.1200449e+00   0.0000000e+00   7.2348594e-02   9.2765141e-01
   1.1200755e+00   0.0000000e+00   7.1157909e-02   9.2884209e-01
   1.1200856e+00   0.0000000e+00   7.4745008e-02   9.2525499e-01
   1.1202302e+00   0.0000000e+00   6.2855605e-02   9.3714439e-01
   1.1202383e+00   0.0000000e+00   6.8833391e-02   9.3116661e-01
   1.1202512e+00   0.0000000e+00   7.8665745e-02   9.2133426e-01
   1.1202615e+00   0.0000000e+00   7.7055496e-02   9.2294450e-01
   1.1203282e+00   0.0000000e+00   7.6135348e-02   9.2386465e-01
   1.1204519e+00   0.0000000e+00   7.7260473e-02   9.2273953e-01
   1.1204760e+00   0.0000000e+00   7.9855384e-02   9.2014462e-01
   1.1205163e+00   0.0000000e+00   5.9760637e-02   9.4023936e-01
   1.1205375e+00   0.0000000e+00   6.2510751e-02   9.3748925e-01
   1.1205628e+00   0.0000000e+00   6.6107607e-02   9.3389239e-01
   1.1206121e+00   0.0000000e+00   7.6757462e-02   9.2324254e-01
   1.1206227e+00   0.0000000e+00   7.6330707e-02   9.2366929e-01
   1.1207355e+00   0.0000000e+00   7.3758126e-02   9.2624187e-01
   1.1207769e+00   0.0000000e+00   7.2442190e-02   9.2755781e-01
   1.1209306e+00   0.0000000e+00   7.7475225e-02   9.2252477e-01
   1.1213485e+00   0.0000000e+00   6.7909203e-02   9.3209080e-01
   1.1213693e+00   0.0000000e+00   8.4176790e-02   9.1582321e-01
   1.1213962e+00   0.0000000e+00   7.5663193e-02   9.2433681e-01
   1.1215366e+00   0.0000000e+00   7.8327887e-02   9.2167211e-01
   1.1216904e+00   0.0000000e+00   6.4727230e-02   9.3527277e-01
   1.1216928e+00   0.0000000e+00   7.9383860e-02   9.2061614e-01
   1.1218894e+00   0.0000000e+00   7.8763427e-02   9.2123657e-01
   1.1219292e+00   0.0000000e+00   7.5940573e-02   9.2405943e-01
   1.1219364e+00   0.0000000e+00   8.3628922e-02   9.1637108e-01
   1.1219386e+00   0.0000000e+00   8.0718803e-02   9.1928120e-01
   1.1221576e+00   0.0000000e+00   8.3192601e-02   9.1680740e-01
   1.1225300e+00   0.0000000e+00   9.0921597e-02   9.0907840e-01
   1.1225349e+00   0.0000000e+00   7.8469774e-02   9.2153023e-01
   1.1228045e+00   0.0000000e+00   8.5148643e-02   9.1485136e-01
   1.1228557e+00   0.0000000e+00   8.1626780e-02   9.1837322e-01
   1.1229477e+00   0.0000000e+00   8.5682979e-02   9.1431702e-01
   1.1230003e+00   0.0000000e+00   8.3178885e-02   9.1682111e-01
   1.1231736e+00   0.0000000e+00   8.7873282e-02   9.1212672e-01
   1.1237239e+00   0.0000000e+00   7.9765258e-02   9.2023474e-01
   1.1237471e+00   0.0000000e+00   9.3603904e-02   9.0639610e-01
   1.1238204e+00   0.0000000e+00   7.8375341e-02   9.2162466e-01
   1.1238758e+00   0.0000000e+00   9.9557377e-02   9.0044262e-01
   1.1240588e+00   0.0000000e+00   8.1101859e-02   9.1889814e-01
   1.1242985e+00   0.0000000e+00   6.0191939e-02   9.3980806e-01
   1.1243754e+00   0.0000000e+00   9.0195737e-02   9.0980426e-01
   1.1243857e+00   0.0000000e+00   8.6299137e-02   9.1370086e-01
   1.1244683e+00   0.0000000e+00   9.1870515e-02   9.0812948e-01
   1.1245039e+00   0.0000000e+00   1.0640942e-01   8.9359058e-01
   1.1245985e+00   0.0000000e+00   9.0953477e-02   9.0904652e-01
   1.1246799e+00   0.0000000e+00   7.1467076e-02   9.2853292e-01
   1.1248080e+00   0.0000000e+00   8.8224827e-02   9.1177517e-01
   1.1252945e+00   0.0000000e+00   9.5435835e-02   9.0456416e-01
   1.1253395e+00   0.0000000e+00   8.8351823e-02   9.1164818e-01
   1.1254921e+00   0.0000000e+00   1.2217211e-01   8.7782789e-01
   1.1262011e+00   0.0000000e+00   8.6775085e-02   9.1322491e-01
   1.1262061e+00   0.0000000e+00   7.9086800e-02   9.2091320e-01
   1.1265689e+00   0.0000000e+00   9.7014931e-02   9.0298507e-01
   1.1265778e+00   0.0000000e+00   9.9059671e-02   9.0094033e-01
   1.1267277e+00   0.0000000e+00   9.3464482e-02   9.0653552e-01
   1.1267966e+00   0.0000000e+00   9.4980480e-02   9.0501952e-01
   1.1274247e+00   0.0000000e+00   1.0528098e-01   8.9471902e-01
   1.1278678e+00   0.0000000e+00   4.1876391e-02   9.5812361e-01
   1.1282588e+00   0.0000000e+00   9.6636730e-02   9.0336327e-01
   1.1282592e+00   0.0000000e+00   8.7470763e-02   9.1252924e-01
   1.1288700e+00   0.0000000e+00   9.8219810e-02   9.0178019e-01
   1.1289865e+00   0.0000000e+00   1.3026725e-01   8.6973275e-01
   1.1294461e+00   0.0000000e+00   1.0279711e-01   8.9720289e-01
   1.1298048e+00   0.0000000e+00   1.0989709e-01   8.9010291e-01
   1.1299170e+00   0.0000000e+00   1.0007747e-01   8.9992253e-01
   1.1308481e+00   0.0000000e+00   9.2518347e-02   9.0748165e-01
   1.1310638e+00   0.0000000e+00   8.7508032e-02   9.1249197e-01
   1.1317575e+00   0.0000000e+00   1.1481716e-01   8.8518284e-01
   1.1319125e+00   0.0000000e+00   1.1390326e-01   8.8609674e-01
   1.1323494e+00   0.0000000e+00   1.0329926e-01   8.9670074e-01
   1.1325114e+00   0.0000000e+00   1.0346640e-01   8.9653360e-01
   1.1326146e+00   0.0000000e+00   7.2581403e-02   9.2741860e-01
   1.1328071e+00   0.0000000e+00   1.0765180e-01   8.9234820e-01
   1.1330876e+00   0.0000000e+00   1.2314765e-01   8.7685235e-01
