   2.5776992e+01   0.0000000e+00   1.3749443e-01   8.6250557e-01
   2.5769286e+01   0.0000000e+00   1.3709532e-01   8.6290468e-01
   2.5800193e+01   0.0000000e+00   1.3769010e-01   8.6230990e-01
   2.5797674e+01   0.0000000e+00   1.3794919e-01   8.6205081e-01
   2.5846560e+01   0.0000000e+00   1.3791761e-01   8.6208239e-01
   2.5758122e+01   0.0000000e+00   1.3718779e-01   8.6281221e-01
   2.5804890e+01   0.0000000e+00   1.3779207e-01   8.6220793e-01
   2.5650241e+01   0.0000000e+00   1.3574214e-01   8.6425786e-01
   2.5935701e+01   0.0000000e+00   1.3894894e-01   8.6105106e-01
   2.5744181e+01   0.0000000e+00   1.3730360e-01   8.6269640e-01
   2.5748881e+01   0.0000000e+00   1.3687124e-01   8.6312876e-01
   2.5696784e+01   0.0000000e+00   1.3690564e-01   8.6309436e-01
   2.5648060e+01   0.0000000e+00   1.3627466e-01   8.6372534e-01
   2.5748213e+01   0.0000000e+00   1.3708796e-01   8.6291204e-01
   2.5761603e+01   0.0000000e+00   1.3688093e-01   8.6311907e-01
   2.5762435e+01   0.0000000e+00   1.3691691e-01   8.6308309e-01
   2.5791576e+01   0.0000000e+00   1.3793378e-01   8.6206622e-01
   2.5803326e+01   0.0000000e+00   1.3751607e-01   8.6248393e-01
   2.5791726e+01   0.0000000e+00   1.3721449e-01   8.6278551e-01
   2.5783796e+01   0.0000000e+00   1.3726589e-01   8.6273411e-01
   2.5740158e+01   0.0000000e+00   1.3684063e-01   8.6315937e-01
   2.5761046e+01   0.0000000e+00   1.3737562e-01   8.6262438e-01
   2.5818659e+01   0.0000000e+00   1.3743853e-01   8.6256147e-01
   2.5869715e+01   0.0000000e+00   1.3826242e-01   8.6173758e-01
   2.5787391e+01   0.0000000e+00   1.3728614e-01   8.6271386e-01
   2.5774031e+01   0.0000000e+00   1.3698510e-01   8.6301490e-01
   2.5786298e+01   0.0000000e+00   1.3733575e-01   8.6266425e-01
   2.5832151e+01   0.0000000e+00   1.3822491e-01   8.6177509e-01
   2.5668288e+01   0.0000000e+00   1.3612427e-01   8.6387573e-01
   2.5779073e+01   0.0000000e+00   1.3740956e-01   8.6259044e-01
   2.5653499e+01   0.0000000e+00   1.3514215e-01   8.6485785e-01
   2.5903358e+01   0.0000000e+00   1.3785801e-01   8.6214199e-01
   2.5802696e+01   0.0000000e+00   1.3703442e-01   8.6296558e-01
   2.5752099e+01   0.0000000e+00   1.3677026e-01   8.6322974e-01
   2.5743954e+01   0.0000000e+00   1.3656128e-01   8.6343872e-01
   2.5730305e+01   0.0000000e+00   1.3622655e-01   8.6377345e-01
   2.5785338e+01   0.0000000e+00   1.3721452e-01   8.6278548e-01
   2.5760662e+01   0.0000000e+00   1.3669393e-01   8.6330607e-01
   2.5774869e+01   0.0000000e+00   1.3708657e-01   8.6291343e-01
   2.5730055e+01   0.0000000e+00   1.3755499e-01   8.6244501e-01
   2.5793922e+01   0.0000000e+00   1.3715938e-01   8.6284062e-01
   2.5737102e+01   0.0000000e+00   1.3728730e-01   8.6271270e-01
   2.5797034e+01   0.0000000e+00   1.3719296e-01   8.6280704e-01
   2.5691230e+01   0.0000000e+00   1.3608538e-01   8.6391462e-01
   2.5886987e+01   0.0000000e+00   1.3910493e-01   8.6089507e-01
   2.5758431e+01   0.0000000e+00   1.3691756e-01   8.6308244e-01
   2.5741465e+01   0.0000000e+00   1.3652363e-01   8.6347637e-01
   2.5961791e+01   0.0000000e+00   1.3905679e-01   8.6094321e-01
   2.5782786e+01   0.0000000e+00   1.3636686e-01   8.6363314e-01
   2.5866351e+01   0.0000000e+00   1.3789163e-01   8.6210837e-01
   2.5703838e+01   0.0000000e+00   1.3699380e-01   8.6300620e-01
   2.5721515e+01   0.0000000e+00   1.3617891e-01   8.6382109e-01
   2.5766169e+01   0.0000000e+00   1.3714270e-01   8.6285730e-01
   2.5747093e+01   0.0000000e+00   1.3747587e-01   8.6252413e-01
   2.5729177e+01   0.0000000e+00   1.3630563e-01   8.6369437e-01
   2.5717287e+01   0.0000000e+00   1.3616980e-01   8.6383020e-01
   2.5757710e+01   0.0000000e+00   1.3678123e-01   8.6321877e-01
   2.5780697e+01   0.0000000e+00   1.3689225e-01   8.6310775e-01
   2.5882886e+01   0.0000000e+00   1.3802639e-01   8.6197361e-01
   2.5593519e+01   0.0000000e+00   1.3587609e-01   8.6412391e-01
   2.5557718e+01   0.0000000e+00   1.3502816e-01   8.6497184e-01
   2.5803575e+01   0.0000000e+00   1.3697030e-01   8.6302970e-01
   2.5698097e+01   0.0000000e+00   1.3567931e-01   8.6432069e-01
   2.5754847e+01   0.0000000e+00   1.3676549e-01   8.6323451e-01
   2.5826301e+01   0.0000000e+00   1.3779032e-01   8.6220968e-01
   2.5700022e+01   0.0000000e+00   1.3741111e-01   8.6258889e-01
   2.5801095e+01   0.0000000e+00   1.3707031e-01   8.6292969e-01
   2.5618331e+01   0.0000000e+00   1.3584991e-01   8.6415009e-01
   2.5812834e+01   0.0000000e+00   1.3697926e-01   8.6302074e-01
   2.5814528e+01   0.0000000e+00   1.3688103e-01   8.6311897e-01
   2.5832915e+01   0.0000000e+00   1.3764054e-01   8.6235946e-01
   2.5574488e+01   0.0000000e+00   1.3477206e-01   8.6522794e-01
   2.5728364e+01   0.0000000e+00   1.3617925e-01   8.6382075e-01
   2.5762664e+01   0.0000000e+00   1.3674873e-01   8.6325127e-01
   2.5771291e+01   0.0000000e+00   1.3647547e-01   8.6352453e-01
   2.5711710e+01   0.0000000e+00   1.3574518e-01   8.6425482e-01
   2.5587967e+01   0.0000000e+00   1.3466512e-01   8.6533488e-01
   2.5740855e+01   0.0000000e+00   1.3595739e-01   8.6404261e-01
   2.5563682e+01   0.0000000e+00   1.3334173e-01   8.6665827e-01
   2.5772795e+01   0.0000000e+00   1.3662749e-01   8.6337251e-01
   2.5753566e+01   0.0000000e+00   1.3647907e-01   8.6352093e-01
   2.5664441e+01   0.0000000e+00   1.3512974e-01   8.6487026e-01
   2.5756498e+01   0.0000000e+00   1.3723825e-01   8.6276175e-01
   2.5890065e+01   0.0000000e+00   1.3868522e-01   8.6131478e-01
   2.5728263e+01   0.0000000e+00   1.3782698e-01   8.6217302e-01
   2.6042370e+01   0.0000000e+00   1.4002084e-01   8.5997916e-01
   2.5829150e+01   0.0000000e+00   1.3664132e-01   8.6335868e-01
   2.5536662e+01   0.0000000e+00   1.3473082e-01   8.6526918e-01
   2.5715417e+01   0.0000000e+00   1.3566361e-01   8.6433639e-01
   2.5725126e+01   0.0000000e+00   1.3576702e-01   8.6423298e-01
   2.5814791e+01   0.0000000e+00   1.3666114e-01   8.6333886e-01
   2.5785906e+01   0.0000000e+00   1.3655044e-01   8.6344956e-01
   2.5631060e+01   0.0000000e+00   1.3458361e-01   8.6541639e-01
   2.5590385e+01   0.0000000e+00   1.3468851e-01   8.6531149e-01
   2.5933004e+01   0.0000000e+00   1.3807110e-01   8.6192890e-01
   2.5749642e+01   0.0000000e+00   1.3587117e-01   8.6412883e-01
   2.5802315e+01   0.0000000e+00   1.3642517e-01   8.6357483e-01
   2.5858843e+01   0.0000000e+00   1.3699604e-01   8.6300396e-01
   2.5894353e+01   0.0000000e+00   1.3727140e-01   8.6272860e-01
   2.6057069e+01   0.0000000e+00   1.3987106e-01   8.6012894e-01
   2.5719544e+01   0.0000000e+00   1.3532265e-01   8.6467735e-01
   2.5426905e+01   0.0000000e+00   1.3324125e-01   8.6675875e-01
   2.6001451e+01   0.0000000e+00   1.3941171e-01   8.6058829e-01
   2.5848400e+01   0.0000000e+00   1.3691555e-01   8.6308445e-01
   2.5923182e+01   0.0000000e+00   1.4054241e-01   8.5945759e-01
   2.5610349e+01   0.0000000e+00   1.3471846e-01   8.6528154e-01
   2.5479182e+01   0.0000000e+00   1.3423335e-01   8.6576665e-01
   2.6018682e+01   0.0000000e+00   1.3935836e-01   8.6064164e-01
   2.5887088e+01   0.0000000e+00   1.3704867e-01   8.6295133e-01
   2.5652756e+01   0.0000000e+00   1.3552486e-01   8.6447514e-01
   2.5735362e+01   0.0000000e+00   1.3505513e-01   8.6494487e-01
   2.5573118e+01   0.0000000e+00   1.3570788e-01   8.6429212e-01
   2.5925099e+01   0.0000000e+00   1.3829653e-01   8.6170347e-01
   2.5730464e+01   0.0000000e+00   1.3555020e-01   8.6444980e-01
   2.5660776e+01   0.0000000e+00   1.3456449e-01   8.6543551e-01
   2.5450270e+01   0.0000000e+00   1.3440968e-01   8.6559032e-01
   2.5953064e+01   0.0000000e+00   1.3755142e-01   8.6244858e-01
   2.5795403e+01   0.0000000e+00   1.3645209e-01   8.6354791e-01
   2.5811432e+01   0.0000000e+00   1.3636811e-01   8.6363189e-01
   2.5711360e+01   0.0000000e+00   1.3561440e-01   8.6438560e-01
   2.6122712e+01   0.0000000e+00   1.4016124e-01   8.5983876e-01
   2.5770160e+01   0.0000000e+00   1.3556601e-01   8.6443399e-01
   2.5725576e+01   0.0000000e+00   1.3547778e-01   8.6452222e-01
   2.5726293e+01   0.0000000e+00   1.3499661e-01   8.6500339e-01
   2.5660418e+01   0.0000000e+00   1.3459374e-01   8.6540626e-01
   2.5773275e+01   0.0000000e+00   1.3562128e-01   8.6437872e-01
   2.6027531e+01   0.0000000e+00   1.3779904e-01   8.6220096e-01
   2.5807246e+01   0.0000000e+00   1.3574972e-01   8.6425028e-01
   2.5639426e+01   0.0000000e+00   1.3398847e-01   8.6601153e-01
   2.5582532e+01   0.0000000e+00   1.3336027e-01   8.6663973e-01
   2.6129526e+01   0.0000000e+00   1.4119074e-01   8.5880926e-01
   2.5562755e+01   0.0000000e+00   1.3377265e-01   8.6622735e-01
   2.5885805e+01   0.0000000e+00   1.3615657e-01   8.6384343e-01
   2.5393009e+01   0.0000000e+00   1.3302481e-01   8.6697519e-01
   2.5433337e+01   0.0000000e+00   1.3221131e-01   8.6778869e-01
   2.5946695e+01   0.0000000e+00   1.3716791e-01   8.6283209e-01
   2.5363859e+01   0.0000000e+00   1.3248918e-01   8.6751082e-01
   2.5775367e+01   0.0000000e+00   1.3505457e-01   8.6494543e-01
   2.5870926e+01   0.0000000e+00   1.3632347e-01   8.6367653e-01
   2.5812069e+01   0.0000000e+00   1.3537674e-01   8.6462326e-01
   2.5832364e+01   0.0000000e+00   1.3701330e-01   8.6298670e-01
   2.5559696e+01   0.0000000e+00   1.3346547e-01   8.6653453e-01
   2.5684424e+01   0.0000000e+00   1.3424783e-01   8.6575217e-01
   2.5634443e+01   0.0000000e+00   1.3509980e-01   8.6490020e-01
   2.6036204e+01   0.0000000e+00   1.3815696e-01   8.6184304e-01
   2.5821381e+01   0.0000000e+00   1.3582825e-01   8.6417175e-01
   2.5589966e+01   0.0000000e+00   1.3299108e-01   8.6700892e-01
   2.5723774e+01   0.0000000e+00   1.3439715e-01   8.6560285e-01
   2.6027533e+01   0.0000000e+00   1.3785512e-01   8.6214488e-01
   2.5443757e+01   0.0000000e+00   1.3151820e-01   8.6848180e-01
   2.5916378e+01   0.0000000e+00   1.3546141e-01   8.6453859e-01
   2.5542438e+01   0.0000000e+00   1.3302221e-01   8.6697779e-01
   2.5822152e+01   0.0000000e+00   1.3576208e-01   8.6423792e-01
   2.5817881e+01   0.0000000e+00   1.3531810e-01   8.6468190e-01
   2.5913062e+01   0.0000000e+00   1.3628479e-01   8.6371521e-01
   2.5855589e+01   0.0000000e+00   1.3728032e-01   8.6271968e-01
   2.6038813e+01   0.0000000e+00   1.3829382e-01   8.6170618e-01
   2.5789443e+01   0.0000000e+00   1.3511915e-01   8.6488085e-01
   2.5636450e+01   0.0000000e+00   1.3338638e-01   8.6661362e-01
   2.5788079e+01   0.0000000e+00   1.3464841e-01   8.6535159e-01
   2.6227103e+01   0.0000000e+00   1.4168741e-01   8.5831259e-01
   2.5919630e+01   0.0000000e+00   1.3721290e-01   8.6278710e-01
   2.5562033e+01   0.0000000e+00   1.3257592e-01   8.6742408e-01
   2.5679132e+01   0.0000000e+00   1.3409777e-01   8.6590223e-01
   2.5839741e+01   0.0000000e+00   1.3527344e-01   8.6472656e-01
   2.5633027e+01   0.0000000e+00   1.3312212e-01   8.6687788e-01
   2.5337188e+01   0.0000000e+00   1.3123335e-01   8.6876665e-01
   2.5891350e+01   0.0000000e+00   1.3564213e-01   8.6435787e-01
   2.6023656e+01   0.0000000e+00   1.3789312e-01   8.6210688e-01
   2.5775847e+01   0.0000000e+00   1.3431001e-01   8.6568999e-01
   2.6047109e+01   0.0000000e+00   1.3710180e-01   8.6289820e-01
   2.5808305e+01   0.0000000e+00   1.3548984e-01   8.6451016e-01
   2.5585061e+01   0.0000000e+00   1.3264868e-01   8.6735132e-01
   2.5662477e+01   0.0000000e+00   1.3548617e-01   8.6451383e-01
   2.5689994e+01   0.0000000e+00   1.3337553e-01   8.6662447e-01
   2.5475970e+01   0.0000000e+00   1.3191292e-01   8.6808708e-01
   2.5693460e+01   0.0000000e+00   1.3442372e-01   8.6557628e-01
   2.5977980e+01   0.0000000e+00   1.3667622e-01   8.6332378e-01
   2.5754502e+01   0.0000000e+00   1.3491522e-01   8.6508478e-01
   2.5548660e+01   0.0000000e+00   1.3269265e-01   8.6730735e-01
   2.5528219e+01   0.0000000e+00   1.3262379e-01   8.6737621e-01
   2.6110190e+01   0.0000000e+00   1.3869260e-01   8.6130740e-01
   2.5822982e+01   0.0000000e+00   1.3456603e-01   8.6543397e-01
   2.5597438e+01   0.0000000e+00   1.3330728e-01   8.6669272e-01
   2.5484281e+01   0.0000000e+00   1.3131238e-01   8.6868762e-01
   2.5612452e+01   0.0000000e+00   1.3297180e-01   8.6702820e-01
   2.5409898e+01   0.0000000e+00   1.3159307e-01   8.6840693e-01
   2.5900242e+01   0.0000000e+00   1.3492958e-01   8.6507042e-01
   2.5927082e+01   0.0000000e+00   1.3584258e-01   8.6415742e-01
   2.5420250e+01   0.0000000e+00   1.3102697e-01   8.6897303e-01
   2.5680744e+01   0.0000000e+00   1.3269182e-01   8.6730818e-01
   2.5899581e+01   0.0000000e+00   1.3546379e-01   8.6453621e-01
   2.5593905e+01   0.0000000e+00   1.3265196e-01   8.6734804e-01
   2.5432423e+01   0.0000000e+00   1.3161482e-01   8.6838518e-01
   2.6103804e+01   0.0000000e+00   1.3888756e-01   8.6111244e-01
   2.5567142e+01   0.0000000e+00   1.3262274e-01   8.6737726e-01
   2.5490780e+01   0.0000000e+00   1.3169335e-01   8.6830665e-01
   2.6105196e+01   0.0000000e+00   1.3805503e-01   8.6194497e-01
   2.5422805e+01   0.0000000e+00   1.3171297e-01   8.6828703e-01
   2.5721219e+01   0.0000000e+00   1.3327277e-01   8.6672723e-01
   2.5415249e+01   0.0000000e+00   1.3095567e-01   8.6904433e-01
   2.6001390e+01   0.0000000e+00   1.3623417e-01   8.6376583e-01
   2.6053281e+01   0.0000000e+00   1.3741048e-01   8.6258952e-01
   2.6063670e+01   0.0000000e+00   1.3741674e-01   8.6258326e-01
   2.6099233e+01   0.0000000e+00   1.3773114e-01   8.6226886e-01
   2.5593201e+01   0.0000000e+00   1.3368545e-01   8.6631455e-01
   2.6115460e+01   0.0000000e+00   1.3806790e-01   8.6193210e-01
   2.5954485e+01   0.0000000e+00   1.3602605e-01   8.6397395e-01
   2.6030273e+01   0.0000000e+00   1.3643150e-01   8.6356850e-01
   2.6137334e+01   0.0000000e+00   1.3785343e-01   8.6214657e-01
   2.6130543e+01   0.0000000e+00   1.3802957e-01   8.6197043e-01
   2.5811689e+01   0.0000000e+00   1.3431330e-01   8.6568670e-01
   2.6143136e+01   0.0000000e+00   1.3823739e-01   8.6176261e-01
   2.5777949e+01   0.0000000e+00   1.3396035e-01   8.6603965e-01
   2.6140901e+01   0.0000000e+00   1.3789753e-01   8.6210247e-01
   2.6099805e+01   0.0000000e+00   1.3707118e-01   8.6292882e-01
   2.6124735e+01   0.0000000e+00   1.3829204e-01   8.6170796e-01
   2.5852891e+01   0.0000000e+00   1.3452986e-01   8.6547014e-01
   2.6244977e+01   0.0000000e+00   1.3946892e-01   8.6053108e-01
   2.5687855e+01   0.0000000e+00   1.3264277e-01   8.6735723e-01
   2.5970806e+01   0.0000000e+00   1.3648551e-01   8.6351449e-01
   2.6044210e+01   0.0000000e+00   1.3699580e-01   8.6300420e-01
   2.5964072e+01   0.0000000e+00   1.3558343e-01   8.6441657e-01
   2.5927944e+01   0.0000000e+00   1.3562955e-01   8.6437045e-01
   2.6110253e+01   0.0000000e+00   1.3753185e-01   8.6246815e-01
   2.5878527e+01   0.0000000e+00   1.3532011e-01   8.6467989e-01
   2.5880285e+01   0.0000000e+00   1.3528311e-01   8.6471689e-01
   2.6040640e+01   0.0000000e+00   1.3697443e-01   8.6302557e-01
   2.6344875e+01   0.0000000e+00   1.3981050e-01   8.6018950e-01
   2.5774482e+01   0.0000000e+00   1.3361860e-01   8.6638140e-01
   2.6254253e+01   0.0000000e+00   1.3910614e-01   8.6089386e-01
   2.6260889e+01   0.0000000e+00   1.3928676e-01   8.6071324e-01
   2.6203614e+01   0.0000000e+00   1.3830292e-01   8.6169708e-01
   2.5161812e+01   0.0000000e+00   1.2900772e-01   8.7099228e-01
   2.6255543e+01   0.0000000e+00   1.3959717e-01   8.6040283e-01
   2.6390921e+01   0.0000000e+00   1.4218387e-01   8.5781613e-01
   2.6222930e+01   0.0000000e+00   1.3897418e-01   8.6102582e-01
   2.5207000e+01   0.0000000e+00   1.2887212e-01   8.7112788e-01
   2.5850231e+01   0.0000000e+00   1.3518553e-01   8.6481447e-01
   2.6307263e+01   0.0000000e+00   1.3981232e-01   8.6018768e-01
   2.6319556e+01   0.0000000e+00   1.3949205e-01   8.6050795e-01
   2.5133976e+01   0.0000000e+00   1.2770314e-01   8.7229686e-01
   2.5185843e+01   0.0000000e+00   1.2829318e-01   8.7170682e-01
   2.6369659e+01   0.0000000e+00   1.4014437e-01   8.5985563e-01
   2.6371785e+01   0.0000000e+00   1.4000415e-01   8.5999585e-01
   2.5694843e+01   0.0000000e+00   1.3346872e-01   8.6653128e-01
   2.6272190e+01   0.0000000e+00   1.3965064e-01   8.6034936e-01
   2.6360777e+01   0.0000000e+00   1.4045204e-01   8.5954796e-01
   2.6173409e+01   0.0000000e+00   1.3831923e-01   8.6168077e-01
   2.5270998e+01   0.0000000e+00   1.2818074e-01   8.7181926e-01
   2.6348539e+01   0.0000000e+00   1.4039931e-01   8.5960069e-01
   2.6400478e+01   0.0000000e+00   1.4085750e-01   8.5914250e-01
   2.6411500e+01   0.0000000e+00   1.4091419e-01   8.5908581e-01
   2.6425185e+01   0.0000000e+00   1.4084316e-01   8.5915684e-01
   2.6405321e+01   0.0000000e+00   1.4083313e-01   8.5916687e-01
   2.6251136e+01   0.0000000e+00   1.3921905e-01   8.6078095e-01
   2.6463954e+01   0.0000000e+00   1.4163873e-01   8.5836127e-01
   2.6406054e+01   0.0000000e+00   1.4041018e-01   8.5958982e-01
   2.6416064e+01   0.0000000e+00   1.4157250e-01   8.5842750e-01
   2.6452531e+01   0.0000000e+00   1.4136435e-01   8.5863565e-01
   2.6532294e+01   0.0000000e+00   1.4238913e-01   8.5761087e-01
   2.6157041e+01   0.0000000e+00   1.3846035e-01   8.6153965e-01
   2.5706153e+01   0.0000000e+00   1.3289446e-01   8.6710554e-01
   2.6343536e+01   0.0000000e+00   1.4009398e-01   8.5990602e-01
   2.6434539e+01   0.0000000e+00   1.4151750e-01   8.5848250e-01
   2.6484366e+01   0.0000000e+00   1.4181019e-01   8.5818981e-01
   2.6508690e+01   0.0000000e+00   1.4134286e-01   8.5865714e-01
   2.6007072e+01   0.0000000e+00   1.3635743e-01   8.6364257e-01
   2.6344845e+01   0.0000000e+00   1.3987386e-01   8.6012614e-01
   2.6532973e+01   0.0000000e+00   1.4230158e-01   8.5769842e-01
   2.6457002e+01   0.0000000e+00   1.4112451e-01   8.5887549e-01
   2.6536684e+01   0.0000000e+00   1.4190605e-01   8.5809395e-01
   2.6521142e+01   0.0000000e+00   1.4166891e-01   8.5833109e-01
   2.6394809e+01   0.0000000e+00   1.4093089e-01   8.5906911e-01
   2.6436568e+01   0.0000000e+00   1.4142084e-01   8.5857916e-01
   2.6489285e+01   0.0000000e+00   1.4155286e-01   8.5844714e-01
   2.6420177e+01   0.0000000e+00   1.4087731e-01   8.5912269e-01
   2.6614868e+01   0.0000000e+00   1.4272608e-01   8.5727392e-01
   2.6592656e+01   0.0000000e+00   1.4258170e-01   8.5741830e-01
   2.6568546e+01   0.0000000e+00   1.4286373e-01   8.5713627e-01
   2.5664915e+01   0.0000000e+00   1.3233251e-01   8.6766749e-01
   2.6579116e+01   0.0000000e+00   1.4285229e-01   8.5714771e-01
   2.6604644e+01   0.0000000e+00   1.4298627e-01   8.5701373e-01
   2.6598691e+01   0.0000000e+00   1.4322506e-01   8.5677494e-01
   2.6490411e+01   0.0000000e+00   1.4140152e-01   8.5859848e-01
   2.6569267e+01   0.0000000e+00   1.4244138e-01   8.5755862e-01
   2.6531275e+01   0.0000000e+00   1.4203303e-01   8.5796697e-01
   2.6427945e+01   0.0000000e+00   1.4090717e-01   8.5909283e-01
   2.6567132e+01   0.0000000e+00   1.4290331e-01   8.5709669e-01
   2.6646951e+01   0.0000000e+00   1.4323486e-01   8.5676514e-01
   2.6480335e+01   0.0000000e+00   1.4133743e-01   8.5866257e-01
   2.5533555e+01   0.0000000e+00   1.3175619e-01   8.6824381e-01
   2.6632034e+01   0.0000000e+00   1.4325686e-01   8.5674314e-01
   2.6635045e+01   0.0000000e+00   1.4277520e-01   8.5722480e-01
   2.6622487e+01   0.0000000e+00   1.4303581e-01   8.5696419e-01
   2.6494267e+01   0.0000000e+00   1.4186343e-01   8.5813657e-01
   2.6389556e+01   0.0000000e+00   1.4116767e-01   8.5883233e-01
   2.6585099e+01   0.0000000e+00   1.4266407e-01   8.5733593e-01
   2.6525764e+01   0.0000000e+00   1.4234285e-01   8.5765715e-01
   2.6608011e+01   0.0000000e+00   1.4265896e-01   8.5734104e-01
   2.6593328e+01   0.0000000e+00   1.4286726e-01   8.5713274e-01
   2.6417979e+01   0.0000000e+00   1.4046585e-01   8.5953415e-01
   2.6538459e+01   0.0000000e+00   1.4181191e-01   8.5818809e-01
   2.6530078e+01   0.0000000e+00   1.4167108e-01   8.5832892e-01
   2.6691650e+01   0.0000000e+00   1.4338108e-01   8.5661892e-01
   2.6621373e+01   0.0000000e+00   1.4317398e-01   8.5682602e-01
   2.6462214e+01   0.0000000e+00   1.4199807e-01   8.5800193e-01
   2.6684718e+01   0.0000000e+00   1.4371096e-01   8.5628904e-01
   2.6617320e+01   0.0000000e+00   1.4301911e-01   8.5698089e-01
   2.6425530e+01   0.0000000e+00   1.4070941e-01   8.5929059e-01
   2.6595218e+01   0.0000000e+00   1.4283833e-01   8.5716167e-01
   2.6665286e+01   0.0000000e+00   1.4353953e-01   8.5646047e-01
   2.6574173e+01   0.0000000e+00   1.4310436e-01   8.5689564e-01
   2.6555684e+01   0.0000000e+00   1.4261283e-01   8.5738717e-01
   2.5746055e+01   0.0000000e+00   1.3391862e-01   8.6608138e-01
   2.5775416e+01   0.0000000e+00   1.3366205e-01   8.6633795e-01
   2.6680196e+01   0.0000000e+00   1.4370206e-01   8.5629794e-01
   2.6577511e+01   0.0000000e+00   1.4274773e-01   8.5725227e-01
   2.6755992e+01   0.0000000e+00   1.4438344e-01   8.5561656e-01
   2.6737972e+01   0.0000000e+00   1.4445759e-01   8.5554241e-01
   2.6686383e+01   0.0000000e+00   1.4386755e-01   8.5613245e-01
   2.6557380e+01   0.0000000e+00   1.4263808e-01   8.5736192e-01
   2.6513202e+01   0.0000000e+00   1.4219500e-01   8.5780500e-01
   2.6623570e+01   0.0000000e+00   1.4329974e-01   8.5670026e-01
   2.6492782e+01   0.0000000e+00   1.4152075e-01   8.5847925e-01
   2.6571466e+01   0.0000000e+00   1.4217520e-01   8.5782480e-01
   2.6318723e+01   0.0000000e+00   1.4062415e-01   8.5937585e-01
   2.6725025e+01   0.0000000e+00   1.4440490e-01   8.5559510e-01
   2.6700055e+01   0.0000000e+00   1.4398198e-01   8.5601802e-01
   2.6664204e+01   0.0000000e+00   1.4342074e-01   8.5657926e-01
   2.6579483e+01   0.0000000e+00   1.4252461e-01   8.5747539e-01
   2.6640664e+01   0.0000000e+00   1.4299015e-01   8.5700985e-01
   2.6328791e+01   0.0000000e+00   1.3951265e-01   8.6048735e-01
   2.6599559e+01   0.0000000e+00   1.4291522e-01   8.5708478e-01
   2.6717765e+01   0.0000000e+00   1.4443524e-01   8.5556476e-01
   2.6614656e+01   0.0000000e+00   1.4279712e-01   8.5720288e-01
   2.6347247e+01   0.0000000e+00   1.4012833e-01   8.5987167e-01
   2.6706725e+01   0.0000000e+00   1.4381876e-01   8.5618124e-01
   2.6603609e+01   0.0000000e+00   1.4306385e-01   8.5693615e-01
   2.6593894e+01   0.0000000e+00   1.4297267e-01   8.5702733e-01
   2.6667444e+01   0.0000000e+00   1.4332886e-01   8.5667114e-01
   2.6727227e+01   0.0000000e+00   1.4481067e-01   8.5518933e-01
   2.6772330e+01   0.0000000e+00   1.4417504e-01   8.5582496e-01
   2.6400112e+01   0.0000000e+00   1.4125740e-01   8.5874260e-01
   2.6710531e+01   0.0000000e+00   1.4362196e-01   8.5637804e-01
   2.6777871e+01   0.0000000e+00   1.4421902e-01   8.5578098e-01
   2.6726377e+01   0.0000000e+00   1.4422684e-01   8.5577316e-01
   2.6616970e+01   0.0000000e+00   1.4315210e-01   8.5684790e-01
   2.6556070e+01   0.0000000e+00   1.4256429e-01   8.5743571e-01
   2.6742073e+01   0.0000000e+00   1.4465182e-01   8.5534818e-01
   2.6606436e+01   0.0000000e+00   1.4318031e-01   8.5681969e-01
   2.6644357e+01   0.0000000e+00   1.4372925e-01   8.5627075e-01
   2.6749702e+01   0.0000000e+00   1.4450318e-01   8.5549682e-01
   2.6288340e+01   0.0000000e+00   1.3934053e-01   8.6065947e-01
   2.6785637e+01   0.0000000e+00   1.4452684e-01   8.5547316e-01
   2.6637898e+01   0.0000000e+00   1.4349485e-01   8.5650515e-01
   2.6677339e+01   0.0000000e+00   1.4397770e-01   8.5602230e-01
   2.6873320e+01   0.0000000e+00   1.4594026e-01   8.5405974e-01
   2.6750806e+01   0.0000000e+00   1.4425315e-01   8.5574685e-01
   2.6807592e+01   0.0000000e+00   1.4523860e-01   8.5476140e-01
   2.6309396e+01   0.0000000e+00   1.3975560e-01   8.6024440e-01
   2.6545956e+01   0.0000000e+00   1.4247848e-01   8.5752152e-01
   2.6559033e+01   0.0000000e+00   1.4281917e-01   8.5718083e-01
   2.6826780e+01   0.0000000e+00   1.4534401e-01   8.5465599e-01
   2.6557446e+01   0.0000000e+00   1.4275630e-01   8.5724370e-01
   2.6317050e+01   0.0000000e+00   1.3996832e-01   8.6003168e-01
   2.6736530e+01   0.0000000e+00   1.4414613e-01   8.5585387e-01
   2.6523080e+01   0.0000000e+00   1.4237417e-01   8.5762583e-01
   2.6575758e+01   0.0000000e+00   1.4276800e-01   8.5723200e-01
   2.6673376e+01   0.0000000e+00   1.4364017e-01   8.5635983e-01
   2.6549912e+01   0.0000000e+00   1.4256451e-01   8.5743549e-01
   2.6466888e+01   0.0000000e+00   1.4164998e-01   8.5835002e-01
   2.6682658e+01   0.0000000e+00   1.4433183e-01   8.5566817e-01
   2.6529296e+01   0.0000000e+00   1.4189941e-01   8.5810059e-01
   2.6535742e+01   0.0000000e+00   1.4284883e-01   8.5715117e-01
   2.6658310e+01   0.0000000e+00   1.4322312e-01   8.5677688e-01
   2.6887060e+01   0.0000000e+00   1.4556818e-01   8.5443182e-01
   2.6757011e+01   0.0000000e+00   1.4421915e-01   8.5578085e-01
   2.6514871e+01   0.0000000e+00   1.4223050e-01   8.5776950e-01
   2.6551111e+01   0.0000000e+00   1.4241695e-01   8.5758305e-01
   2.6730710e+01   0.0000000e+00   1.4385813e-01   8.5614187e-01
   2.6824708e+01   0.0000000e+00   1.4563710e-01   8.5436290e-01
   2.6430739e+01   0.0000000e+00   1.4128702e-01   8.5871298e-01
   2.6699300e+01   0.0000000e+00   1.4355211e-01   8.5644789e-01
   2.6780086e+01   0.0000000e+00   1.4469832e-01   8.5530168e-01
   2.6722098e+01   0.0000000e+00   1.4410630e-01   8.5589370e-01
   2.6445858e+01   0.0000000e+00   1.4161590e-01   8.5838410e-01
   2.6481999e+01   0.0000000e+00   1.4201529e-01   8.5798471e-01
   2.6580227e+01   0.0000000e+00   1.4319318e-01   8.5680682e-01
   2.6913117e+01   0.0000000e+00   1.4578891e-01   8.5421109e-01
   2.6782527e+01   0.0000000e+00   1.4540873e-01   8.5459127e-01
   2.6548657e+01   0.0000000e+00   1.4248259e-01   8.5751741e-01
   2.6519293e+01   0.0000000e+00   1.4151282e-01   8.5848718e-01
   2.6838221e+01   0.0000000e+00   1.4504714e-01   8.5495286e-01
   2.6499881e+01   0.0000000e+00   1.4226180e-01   8.5773820e-01
   2.6672190e+01   0.0000000e+00   1.4411351e-01   8.5588649e-01
   2.6633447e+01   0.0000000e+00   1.4360391e-01   8.5639609e-01
   2.6477040e+01   0.0000000e+00   1.4195955e-01   8.5804045e-01
   2.6469723e+01   0.0000000e+00   1.4224495e-01   8.5775505e-01
   2.6350765e+01   0.0000000e+00   1.4045314e-01   8.5954686e-01
   2.6696625e+01   0.0000000e+00   1.4346807e-01   8.5653193e-01
   2.6909766e+01   0.0000000e+00   1.4581144e-01   8.5418856e-01
   2.6590883e+01   0.0000000e+00   1.4325913e-01   8.5674087e-01
   2.6645945e+01   0.0000000e+00   1.4316845e-01   8.5683155e-01
   2.6488097e+01   0.0000000e+00   1.4198659e-01   8.5801341e-01
   2.6573254e+01   0.0000000e+00   1.4281651e-01   8.5718349e-01
   2.6581450e+01   0.0000000e+00   1.4312575e-01   8.5687425e-01
   2.6560940e+01   0.0000000e+00   1.4297746e-01   8.5702254e-01
   2.6813484e+01   0.0000000e+00   1.4490495e-01   8.5509505e-01
   2.6402683e+01   0.0000000e+00   1.4112893e-01   8.5887107e-01
   2.6475273e+01   0.0000000e+00   1.4207013e-01   8.5792987e-01
   2.6471984e+01   0.0000000e+00   1.4206106e-01   8.5793894e-01
   2.6488100e+01   0.0000000e+00   1.4219399e-01   8.5780601e-01
   2.6553630e+01   0.0000000e+00   1.4321314e-01   8.5678686e-01
   2.6449878e+01   0.0000000e+00   1.4183683e-01   8.5816317e-01
   2.6569713e+01   0.0000000e+00   1.4327669e-01   8.5672331e-01
   2.6528043e+01   0.0000000e+00   1.4259012e-01   8.5740988e-01
   2.6430225e+01   0.0000000e+00   1.4138129e-01   8.5861871e-01
   2.6292765e+01   0.0000000e+00   1.4047109e-01   8.5952891e-01
   2.6366305e+01   0.0000000e+00   1.4110601e-01   8.5889399e-01
   2.6536818e+01   0.0000000e+00   1.4281316e-01   8.5718684e-01
   2.6349825e+01   0.0000000e+00   1.4082719e-01   8.5917281e-01
   2.6415112e+01   0.0000000e+00   1.4148288e-01   8.5851712e-01
   2.6735867e+01   0.0000000e+00   1.4379544e-01   8.5620456e-01
   2.6403201e+01   0.0000000e+00   1.4142464e-01   8.5857536e-01
   2.6446506e+01   0.0000000e+00   1.4196926e-01   8.5803074e-01
   2.6402951e+01   0.0000000e+00   1.4141261e-01   8.5858739e-01
   2.6483083e+01   0.0000000e+00   1.4221756e-01   8.5778244e-01
   2.6464390e+01   0.0000000e+00   1.4201381e-01   8.5798619e-01
   2.6590229e+01   0.0000000e+00   1.4342222e-01   8.5657778e-01
   2.6325055e+01   0.0000000e+00   1.4049707e-01   8.5950293e-01
   2.6390480e+01   0.0000000e+00   1.4129756e-01   8.5870244e-01
   2.6599593e+01   0.0000000e+00   1.4371141e-01   8.5628859e-01
   2.6323791e+01   0.0000000e+00   1.4083418e-01   8.5916582e-01
   2.6491989e+01   0.0000000e+00   1.4251326e-01   8.5748674e-01
   2.6409856e+01   0.0000000e+00   1.4188639e-01   8.5811361e-01
   2.6443480e+01   0.0000000e+00   1.4197077e-01   8.5802923e-01
   2.6498534e+01   0.0000000e+00   1.4234004e-01   8.5765996e-01
   2.6433569e+01   0.0000000e+00   1.4184306e-01   8.5815694e-01
   2.6498698e+01   0.0000000e+00   1.4257112e-01   8.5742888e-01
   2.6421706e+01   0.0000000e+00   1.4148420e-01   8.5851580e-01
   2.6432907e+01   0.0000000e+00   1.4166857e-01   8.5833143e-01
   2.6367912e+01   0.0000000e+00   1.4130974e-01   8.5869026e-01
   2.6424229e+01   0.0000000e+00   1.4169634e-01   8.5830366e-01
   2.6431760e+01   0.0000000e+00   1.4200109e-01   8.5799891e-01
   2.6397099e+01   0.0000000e+00   1.4139503e-01   8.5860497e-01
   2.6473818e+01   0.0000000e+00   1.4146182e-01   8.5853818e-01
   2.6480185e+01   0.0000000e+00   1.4197366e-01   8.5802634e-01
   2.6381586e+01   0.0000000e+00   1.4131098e-01   8.5868902e-01
   2.6488622e+01   0.0000000e+00   1.4167944e-01   8.5832056e-01
   2.6383717e+01   0.0000000e+00   1.4130267e-01   8.5869733e-01
   2.6643125e+01   0.0000000e+00   1.4362196e-01   8.5637804e-01
   2.6323493e+01   0.0000000e+00   1.4040840e-01   8.5959160e-01
   2.6485452e+01   0.0000000e+00   1.4222299e-01   8.5777701e-01
   2.6506940e+01   0.0000000e+00   1.4238686e-01   8.5761314e-01
   2.6362427e+01   0.0000000e+00   1.4122294e-01   8.5877706e-01
   2.6532769e+01   0.0000000e+00   1.4300701e-01   8.5699299e-01
   2.6351486e+01   0.0000000e+00   1.4103616e-01   8.5896384e-01
   2.6396729e+01   0.0000000e+00   1.4150500e-01   8.5849500e-01
   2.6165709e+01   0.0000000e+00   1.3912512e-01   8.6087488e-01
   2.6441983e+01   0.0000000e+00   1.4203799e-01   8.5796201e-01
   2.6375945e+01   0.0000000e+00   1.4127461e-01   8.5872539e-01
   2.6371049e+01   0.0000000e+00   1.4123916e-01   8.5876084e-01
   2.6285393e+01   0.0000000e+00   1.4003957e-01   8.5996043e-01
   2.6303783e+01   0.0000000e+00   1.4062130e-01   8.5937870e-01
   2.6351058e+01   0.0000000e+00   1.4118857e-01   8.5881143e-01
   2.6349822e+01   0.0000000e+00   1.4097574e-01   8.5902426e-01
   2.6445065e+01   0.0000000e+00   1.4186344e-01   8.5813656e-01
   2.6201860e+01   0.0000000e+00   1.3989521e-01   8.6010479e-01
   2.6342008e+01   0.0000000e+00   1.4097969e-01   8.5902031e-01
   2.6531420e+01   0.0000000e+00   1.4249162e-01   8.5750838e-01
   2.6312162e+01   0.0000000e+00   1.4103633e-01   8.5896367e-01
   2.6327939e+01   0.0000000e+00   1.4087652e-01   8.5912348e-01
   2.6360681e+01   0.0000000e+00   1.4118386e-01   8.5881614e-01
   2.6504500e+01   0.0000000e+00   1.4296482e-01   8.5703518e-01
   2.6462081e+01   0.0000000e+00   1.4229411e-01   8.5770589e-01
   2.6397954e+01   0.0000000e+00   1.4151732e-01   8.5848268e-01
   2.6372755e+01   0.0000000e+00   1.4125439e-01   8.5874561e-01
   2.6254469e+01   0.0000000e+00   1.4033550e-01   8.5966450e-01
   2.6686072e+01   0.0000000e+00   1.4363553e-01   8.5636447e-01
   2.6356803e+01   0.0000000e+00   1.4119132e-01   8.5880868e-01
   2.6502872e+01   0.0000000e+00   1.4212338e-01   8.5787662e-01
   2.6301252e+01   0.0000000e+00   1.4072574e-01   8.5927426e-01
   2.6467161e+01   0.0000000e+00   1.4176482e-01   8.5823518e-01
   2.6286706e+01   0.0000000e+00   1.4056362e-01   8.5943638e-01
   2.6406335e+01   0.0000000e+00   1.4130618e-01   8.5869382e-01
   2.6393584e+01   0.0000000e+00   1.4163028e-01   8.5836972e-01
   2.6358390e+01   0.0000000e+00   1.4118586e-01   8.5881414e-01
   2.6530403e+01   0.0000000e+00   1.4301797e-01   8.5698203e-01
   2.6327832e+01   0.0000000e+00   1.4096340e-01   8.5903660e-01
   2.6304372e+01   0.0000000e+00   1.4054615e-01   8.5945385e-01
   2.6354727e+01   0.0000000e+00   1.4110520e-01   8.5889480e-01
   2.6426122e+01   0.0000000e+00   1.4169109e-01   8.5830891e-01
   2.6342704e+01   0.0000000e+00   1.4101608e-01   8.5898392e-01
   2.6366656e+01   0.0000000e+00   1.4133978e-01   8.5866022e-01
   2.6395079e+01   0.0000000e+00   1.4159575e-01   8.5840425e-01
   2.6381742e+01   0.0000000e+00   1.4126960e-01   8.5873040e-01
   2.6561362e+01   0.0000000e+00   1.4201192e-01   8.5798808e-01
   2.6617104e+01   0.0000000e+00   1.4450277e-01   8.5549723e-01
   2.6313430e+01   0.0000000e+00   1.4099552e-01   8.5900448e-01
   2.6330246e+01   0.0000000e+00   1.4089261e-01   8.5910739e-01
   2.6195857e+01   0.0000000e+00   1.3955259e-01   8.6044741e-01
   2.6338786e+01   0.0000000e+00   1.4098754e-01   8.5901246e-01
   2.6354149e+01   0.0000000e+00   1.4116196e-01   8.5883804e-01
   2.6347464e+01   0.0000000e+00   1.4118318e-01   8.5881682e-01
   2.6548622e+01   0.0000000e+00   1.4257287e-01   8.5742713e-01
   2.6614829e+01   0.0000000e+00   1.4335385e-01   8.5664615e-01
   2.6256402e+01   0.0000000e+00   1.4011781e-01   8.5988219e-01
   2.6283661e+01   0.0000000e+00   1.4051196e-01   8.5948804e-01
   2.6323894e+01   0.0000000e+00   1.4088414e-01   8.5911586e-01
   2.6493281e+01   0.0000000e+00   1.4191958e-01   8.5808042e-01
   2.6358268e+01   0.0000000e+00   1.4118973e-01   8.5881027e-01
   2.6320076e+01   0.0000000e+00   1.4116025e-01   8.5883975e-01
   2.6330027e+01   0.0000000e+00   1.4089755e-01   8.5910245e-01
   2.6398479e+01   0.0000000e+00   1.4142005e-01   8.5857995e-01
   2.6085072e+01   0.0000000e+00   1.3894645e-01   8.6105355e-01
   2.6317571e+01   0.0000000e+00   1.4083994e-01   8.5916006e-01
   2.6407491e+01   0.0000000e+00   1.4165530e-01   8.5834470e-01
   2.6447919e+01   0.0000000e+00   1.4176927e-01   8.5823073e-01
   2.6357740e+01   0.0000000e+00   1.4116694e-01   8.5883306e-01
   2.6315489e+01   0.0000000e+00   1.4087759e-01   8.5912241e-01
   2.6319416e+01   0.0000000e+00   1.4087660e-01   8.5912340e-01
   2.6370271e+01   0.0000000e+00   1.4129657e-01   8.5870343e-01
   2.6376477e+01   0.0000000e+00   1.4139101e-01   8.5860899e-01
   2.6305672e+01   0.0000000e+00   1.4067896e-01   8.5932104e-01
   2.6314501e+01   0.0000000e+00   1.4072042e-01   8.5927958e-01
   2.6308355e+01   0.0000000e+00   1.4068087e-01   8.5931913e-01
   2.6324185e+01   0.0000000e+00   1.4103181e-01   8.5896819e-01
   2.6451074e+01   0.0000000e+00   1.4181299e-01   8.5818701e-01
   2.6389999e+01   0.0000000e+00   1.4175006e-01   8.5824994e-01
   2.6331134e+01   0.0000000e+00   1.4098230e-01   8.5901770e-01
   2.6304092e+01   0.0000000e+00   1.4070698e-01   8.5929302e-01
   2.6210687e+01   0.0000000e+00   1.3981576e-01   8.6018424e-01
   2.6383266e+01   0.0000000e+00   1.4141526e-01   8.5858474e-01
   2.6247638e+01   0.0000000e+00   1.4019024e-01   8.5980976e-01
   2.6260564e+01   0.0000000e+00   1.4086413e-01   8.5913587e-01
   2.6430857e+01   0.0000000e+00   1.4166911e-01   8.5833089e-01
   2.6379840e+01   0.0000000e+00   1.4120545e-01   8.5879455e-01
   2.6315630e+01   0.0000000e+00   1.4080623e-01   8.5919377e-01
   2.6282414e+01   0.0000000e+00   1.4065535e-01   8.5934465e-01
   2.6268413e+01   0.0000000e+00   1.4039921e-01   8.5960079e-01
   2.6164240e+01   0.0000000e+00   1.3833510e-01   8.6166490e-01
   2.6273070e+01   0.0000000e+00   1.4045968e-01   8.5954032e-01
   2.6300702e+01   0.0000000e+00   1.4052864e-01   8.5947136e-01
   2.6299061e+01   0.0000000e+00   1.4060688e-01   8.5939312e-01
   2.6392782e+01   0.0000000e+00   1.4195369e-01   8.5804631e-01
   2.6291407e+01   0.0000000e+00   1.4057369e-01   8.5942631e-01
   2.6309898e+01   0.0000000e+00   1.4081843e-01   8.5918157e-01
   2.6235453e+01   0.0000000e+00   1.4025056e-01   8.5974944e-01
   2.6451774e+01   0.0000000e+00   1.4205662e-01   8.5794338e-01
   2.6292210e+01   0.0000000e+00   1.4061379e-01   8.5938621e-01
   2.6275338e+01   0.0000000e+00   1.4060569e-01   8.5939431e-01
   2.6122374e+01   0.0000000e+00   1.3925995e-01   8.6074005e-01
   2.6239269e+01   0.0000000e+00   1.3994591e-01   8.6005409e-01
   2.6502028e+01   0.0000000e+00   1.4223203e-01   8.5776797e-01
   2.6345463e+01   0.0000000e+00   1.4101948e-01   8.5898052e-01
   2.6231478e+01   0.0000000e+00   1.4045852e-01   8.5954148e-01
   2.6268799e+01   0.0000000e+00   1.4037931e-01   8.5962069e-01
   2.6504750e+01   0.0000000e+00   1.4214105e-01   8.5785895e-01
   2.6282489e+01   0.0000000e+00   1.4053631e-01   8.5946369e-01
   2.6242181e+01   0.0000000e+00   1.4018108e-01   8.5981892e-01
   2.6232899e+01   0.0000000e+00   1.4031509e-01   8.5968491e-01
   2.6311548e+01   0.0000000e+00   1.4050818e-01   8.5949182e-01
   2.6290557e+01   0.0000000e+00   1.4053158e-01   8.5946842e-01
   2.6396288e+01   0.0000000e+00   1.4126203e-01   8.5873797e-01
   2.6306074e+01   0.0000000e+00   1.4075489e-01   8.5924511e-01
   2.6469263e+01   0.0000000e+00   1.4249234e-01   8.5750766e-01
   2.6336956e+01   0.0000000e+00   1.4117291e-01   8.5882709e-01
   2.5949500e+01   0.0000000e+00   1.3749880e-01   8.6250120e-01
   2.6245846e+01   0.0000000e+00   1.4019165e-01   8.5980835e-01
   2.6232795e+01   0.0000000e+00   1.4005734e-01   8.5994266e-01
   2.6312266e+01   0.0000000e+00   1.4083761e-01   8.5916239e-01
   2.6458104e+01   0.0000000e+00   1.4212525e-01   8.5787475e-01
   2.6273034e+01   0.0000000e+00   1.4033188e-01   8.5966812e-01
   2.6193915e+01   0.0000000e+00   1.3938265e-01   8.6061735e-01
   2.6617861e+01   0.0000000e+00   1.4345988e-01   8.5654012e-01
   2.6200674e+01   0.0000000e+00   1.3986047e-01   8.6013953e-01
   2.6250288e+01   0.0000000e+00   1.4026273e-01   8.5973727e-01
   2.5922943e+01   0.0000000e+00   1.3625830e-01   8.6374170e-01
   2.6394897e+01   0.0000000e+00   1.4147358e-01   8.5852642e-01
   2.6381738e+01   0.0000000e+00   1.4113930e-01   8.5886070e-01
   2.6499462e+01   0.0000000e+00   1.4260922e-01   8.5739078e-01
   2.6368191e+01   0.0000000e+00   1.4119684e-01   8.5880316e-01
   2.5896022e+01   0.0000000e+00   1.3675961e-01   8.6324039e-01
   2.6232348e+01   0.0000000e+00   1.3968022e-01   8.6031978e-01
   2.6272682e+01   0.0000000e+00   1.4040044e-01   8.5959956e-01
   2.6339721e+01   0.0000000e+00   1.4098635e-01   8.5901365e-01
   2.6385526e+01   0.0000000e+00   1.4133529e-01   8.5866471e-01
   2.6498919e+01   0.0000000e+00   1.4204773e-01   8.5795227e-01
   2.6285978e+01   0.0000000e+00   1.4070082e-01   8.5929918e-01
   2.6480778e+01   0.0000000e+00   1.4222251e-01   8.5777749e-01
   2.6181699e+01   0.0000000e+00   1.4043815e-01   8.5956185e-01
   2.6417311e+01   0.0000000e+00   1.4163698e-01   8.5836302e-01
   2.6248246e+01   0.0000000e+00   1.4015843e-01   8.5984157e-01
   2.6247155e+01   0.0000000e+00   1.4020393e-01   8.5979607e-01
   2.6232114e+01   0.0000000e+00   1.3995633e-01   8.6004367e-01
   2.6238965e+01   0.0000000e+00   1.4019824e-01   8.5980176e-01
   2.6286945e+01   0.0000000e+00   1.4055521e-01   8.5944479e-01
   2.6430968e+01   0.0000000e+00   1.4167472e-01   8.5832528e-01
   2.6211086e+01   0.0000000e+00   1.3988887e-01   8.6011113e-01
   2.6344087e+01   0.0000000e+00   1.4085152e-01   8.5914848e-01
   2.5418689e+01   0.0000000e+00   1.3057326e-01   8.6942674e-01
   2.6266002e+01   0.0000000e+00   1.4024985e-01   8.5975015e-01
   2.6721296e+01   0.0000000e+00   1.4359687e-01   8.5640313e-01
   2.6301695e+01   0.0000000e+00   1.4069860e-01   8.5930140e-01
   2.6353979e+01   0.0000000e+00   1.4143689e-01   8.5856311e-01
   2.6452429e+01   0.0000000e+00   1.4165846e-01   8.5834154e-01
   2.6151259e+01   0.0000000e+00   1.3947662e-01   8.6052338e-01
   2.6233993e+01   0.0000000e+00   1.3988509e-01   8.6011491e-01
   2.6265230e+01   0.0000000e+00   1.4036932e-01   8.5963068e-01
   2.6557495e+01   0.0000000e+00   1.4296755e-01   8.5703245e-01
   2.6274976e+01   0.0000000e+00   1.4037573e-01   8.5962427e-01
   2.6421256e+01   0.0000000e+00   1.4147036e-01   8.5852964e-01
   2.6213821e+01   0.0000000e+00   1.3983386e-01   8.6016614e-01
   2.6354763e+01   0.0000000e+00   1.4105871e-01   8.5894129e-01
