   1.1777705e+00   0.0000000e+00   1.5270767e-01   8.4729233e-01
   1.1777735e+00   0.0000000e+00   1.5231682e-01   8.4768318e-01
   1.1783541e+00   0.0000000e+00   1.5296056e-01   8.4703944e-01
   1.1781198e+00   0.0000000e+00   1.5318340e-01   8.4681660e-01
   1.1791909e+00   0.0000000e+00   1.5319570e-01   8.4680430e-01
   1.1771724e+00   0.0000000e+00   1.5233432e-01   8.4766568e-01
   1.1782640e+00   0.0000000e+00   1.5300776e-01   8.4699224e-01
   1.1750431e+00   0.0000000e+00   1.5076281e-01   8.4923719e-01
   1.1816532e+00   0.0000000e+00   1.5444882e-01   8.4555118e-01
   1.1769835e+00   0.0000000e+00   1.5246717e-01   8.4753283e-01
   1.1767182e+00   0.0000000e+00   1.5196247e-01   8.4803753e-01
   1.1757402e+00   0.0000000e+00   1.5195220e-01   8.4804780e-01
   1.1747767e+00   0.0000000e+00   1.5127574e-01   8.4872426e-01
   1.1771779e+00   0.0000000e+00   1.5226062e-01   8.4773938e-01
   1.1773671e+00   0.0000000e+00   1.5202488e-01   8.4797512e-01
   1.1773476e+00   0.0000000e+00   1.5205457e-01   8.4794543e-01
   1.1779512e+00   0.0000000e+00   1.5316218e-01   8.4683782e-01
   1.1787160e+00   0.0000000e+00   1.5278978e-01   8.4721022e-01
   1.1782367e+00   0.0000000e+00   1.5244019e-01   8.4755981e-01
   1.1777571e+00   0.0000000e+00   1.5242454e-01   8.4757546e-01
   1.1767768e+00   0.0000000e+00   1.5193495e-01   8.4806505e-01
   1.1773488e+00   0.0000000e+00   1.5254654e-01   8.4745346e-01
   1.1784928e+00   0.0000000e+00   1.5263849e-01   8.4736151e-01
   1.1797304e+00   0.0000000e+00   1.5357456e-01   8.4642544e-01
   1.1777922e+00   0.0000000e+00   1.5244583e-01   8.4755417e-01
   1.1775324e+00   0.0000000e+00   1.5211928e-01   8.4788072e-01
   1.1778551e+00   0.0000000e+00   1.5251568e-01   8.4748432e-01
   1.1788583e+00   0.0000000e+00   1.5347995e-01   8.4652005e-01
   1.1753438e+00   0.0000000e+00   1.5115089e-01   8.4884911e-01
   1.1775838e+00   0.0000000e+00   1.5255918e-01   8.4744082e-01
   1.1748597e+00   0.0000000e+00   1.5006970e-01   8.4993030e-01
   1.1806567e+00   0.0000000e+00   1.5321352e-01   8.4678648e-01
   1.1783465e+00   0.0000000e+00   1.5223788e-01   8.4776212e-01
   1.1770891e+00   0.0000000e+00   1.5188069e-01   8.4811931e-01
   1.1768212e+00   0.0000000e+00   1.5163147e-01   8.4836853e-01
   1.1765895e+00   0.0000000e+00   1.5127178e-01   8.4872822e-01
   1.1780043e+00   0.0000000e+00   1.5242295e-01   8.4757705e-01
   1.1771728e+00   0.0000000e+00   1.5177310e-01   8.4822690e-01
   1.1774951e+00   0.0000000e+00   1.5220602e-01   8.4779398e-01
   1.1765842e+00   0.0000000e+00   1.5270397e-01   8.4729603e-01
   1.1778639e+00   0.0000000e+00   1.5229885e-01   8.4770115e-01
   1.1768596e+00   0.0000000e+00   1.5243737e-01   8.4756263e-01
   1.1779296e+00   0.0000000e+00   1.5232835e-01   8.4767165e-01
   1.1756464e+00   0.0000000e+00   1.5107814e-01   8.4892186e-01
   1.1801793e+00   0.0000000e+00   1.5450464e-01   8.4549536e-01
   1.1771544e+00   0.0000000e+00   1.5201412e-01   8.4798588e-01
   1.1766704e+00   0.0000000e+00   1.5156129e-01   8.4843871e-01
   1.1818759e+00   0.0000000e+00   1.5451783e-01   8.4548217e-01
   1.1780602e+00   0.0000000e+00   1.5153248e-01   8.4846752e-01
   1.1795582e+00   0.0000000e+00   1.5315061e-01   8.4684939e-01
   1.1762213e+00   0.0000000e+00   1.5210422e-01   8.4789578e-01
   1.1762052e+00   0.0000000e+00   1.5117276e-01   8.4882724e-01
   1.1772060e+00   0.0000000e+00   1.5223958e-01   8.4776042e-01
   1.1768161e+00   0.0000000e+00   1.5258778e-01   8.4741222e-01
   1.1764149e+00   0.0000000e+00   1.5131145e-01   8.4868855e-01
   1.1762906e+00   0.0000000e+00   1.5119580e-01   8.4880420e-01
   1.1771362e+00   0.0000000e+00   1.5187187e-01   8.4812813e-01
   1.1775223e+00   0.0000000e+00   1.5197207e-01   8.4802793e-01
   1.1797237e+00   0.0000000e+00   1.5327020e-01   8.4672980e-01
   1.1733910e+00   0.0000000e+00   1.5074341e-01   8.4925659e-01
   1.1729611e+00   0.0000000e+00   1.4991197e-01   8.5008803e-01
   1.1779018e+00   0.0000000e+00   1.5206900e-01   8.4793100e-01
   1.1756916e+00   0.0000000e+00   1.5061052e-01   8.4938948e-01
   1.1770232e+00   0.0000000e+00   1.5182770e-01   8.4817230e-01
   1.1789328e+00   0.0000000e+00   1.5307527e-01   8.4692473e-01
   1.1762168e+00   0.0000000e+00   1.5257063e-01   8.4742937e-01
   1.1780110e+00   0.0000000e+00   1.5218997e-01   8.4781003e-01
   1.1739367e+00   0.0000000e+00   1.5074552e-01   8.4925448e-01
   1.1781116e+00   0.0000000e+00   1.5207025e-01   8.4792975e-01
   1.1786676e+00   0.0000000e+00   1.5208939e-01   8.4791061e-01
   1.1788249e+00   0.0000000e+00   1.5287377e-01   8.4712623e-01
   1.1730388e+00   0.0000000e+00   1.4957560e-01   8.5042440e-01
   1.1762771e+00   0.0000000e+00   1.5114631e-01   8.4885369e-01
   1.1773903e+00   0.0000000e+00   1.5188758e-01   8.4811242e-01
   1.1776747e+00   0.0000000e+00   1.5160716e-01   8.4839284e-01
   1.1758653e+00   0.0000000e+00   1.5066793e-01   8.4933207e-01
   1.1732456e+00   0.0000000e+00   1.4946311e-01   8.5053689e-01
   1.1766087e+00   0.0000000e+00   1.5093189e-01   8.4906811e-01
   1.1728295e+00   0.0000000e+00   1.4807632e-01   8.5192368e-01
   1.1772115e+00   0.0000000e+00   1.5163715e-01   8.4836285e-01
   1.1768825e+00   0.0000000e+00   1.5147361e-01   8.4852639e-01
   1.1750676e+00   0.0000000e+00   1.5002234e-01   8.4997766e-01
   1.1768153e+00   0.0000000e+00   1.5228238e-01   8.4771762e-01
   1.1805518e+00   0.0000000e+00   1.5412881e-01   8.4587119e-01
   1.1762513e+00   0.0000000e+00   1.5290593e-01   8.4709407e-01
   1.1835617e+00   0.0000000e+00   1.5558381e-01   8.4441619e-01
   1.1782020e+00   0.0000000e+00   1.5165283e-01   8.4834717e-01
   1.1721103e+00   0.0000000e+00   1.4946909e-01   8.5053091e-01
   1.1761377e+00   0.0000000e+00   1.5061868e-01   8.4938132e-01
   1.1761504e+00   0.0000000e+00   1.5067160e-01   8.4932840e-01
   1.1781235e+00   0.0000000e+00   1.5170447e-01   8.4829553e-01
   1.1782428e+00   0.0000000e+00   1.5175620e-01   8.4824380e-01
   1.1741113e+00   0.0000000e+00   1.4934703e-01   8.5065297e-01
   1.1731220e+00   0.0000000e+00   1.4942595e-01   8.5057405e-01
   1.1804970e+00   0.0000000e+00   1.5328880e-01   8.4671120e-01
   1.1766237e+00   0.0000000e+00   1.5079177e-01   8.4920823e-01
   1.1786250e+00   0.0000000e+00   1.5163325e-01   8.4836675e-01
   1.1797502e+00   0.0000000e+00   1.5225330e-01   8.4774670e-01
   1.1807552e+00   0.0000000e+00   1.5263330e-01   8.4736670e-01
   1.1833907e+00   0.0000000e+00   1.5534432e-01   8.4465568e-01
   1.1758528e+00   0.0000000e+00   1.5016657e-01   8.4983343e-01
   1.1697488e+00   0.0000000e+00   1.4781733e-01   8.5218267e-01
   1.1825730e+00   0.0000000e+00   1.5486708e-01   8.4513292e-01
   1.1788217e+00   0.0000000e+00   1.5203630e-01   8.4796370e-01
   1.1810323e+00   0.0000000e+00   1.5604735e-01   8.4395265e-01
   1.1738260e+00   0.0000000e+00   1.4952271e-01   8.5047729e-01
   1.1715468e+00   0.0000000e+00   1.4903945e-01   8.5096055e-01
   1.1830844e+00   0.0000000e+00   1.5484806e-01   8.4515194e-01
   1.1799550e+00   0.0000000e+00   1.5221985e-01   8.4778015e-01
   1.1751903e+00   0.0000000e+00   1.5046540e-01   8.4953460e-01
   1.1766819e+00   0.0000000e+00   1.5000131e-01   8.4999869e-01
   1.1726239e+00   0.0000000e+00   1.5045593e-01   8.4954407e-01
   1.1811075e+00   0.0000000e+00   1.5366079e-01   8.4633921e-01
   1.1762789e+00   0.0000000e+00   1.5045425e-01   8.4954575e-01
   1.1748047e+00   0.0000000e+00   1.4935779e-01   8.5064221e-01
   1.1701285e+00   0.0000000e+00   1.4904409e-01   8.5095591e-01
   1.1815206e+00   0.0000000e+00   1.5282517e-01   8.4717483e-01
   1.1773299e+00   0.0000000e+00   1.5135629e-01   8.4864371e-01
   1.1777585e+00   0.0000000e+00   1.5130426e-01   8.4869574e-01
   1.1757278e+00   0.0000000e+00   1.5043169e-01   8.4956831e-01
   1.1857142e+00   0.0000000e+00   1.5584598e-01   8.4415402e-01
   1.1767746e+00   0.0000000e+00   1.5041138e-01   8.4958862e-01
   1.1756243e+00   0.0000000e+00   1.5026608e-01   8.4973392e-01
   1.1760741e+00   0.0000000e+00   1.4982917e-01   8.5017083e-01
   1.1745821e+00   0.0000000e+00   1.4934088e-01   8.5065912e-01
   1.1769774e+00   0.0000000e+00   1.5049761e-01   8.4950239e-01
   1.1825725e+00   0.0000000e+00   1.5303907e-01   8.4696093e-01
   1.1780326e+00   0.0000000e+00   1.5073377e-01   8.4926623e-01
   1.1743195e+00   0.0000000e+00   1.4871751e-01   8.5128249e-01
   1.1725444e+00   0.0000000e+00   1.4789740e-01   8.5210260e-01
   1.1857804e+00   0.0000000e+00   1.5696237e-01   8.4303763e-01
   1.1733638e+00   0.0000000e+00   1.4861195e-01   8.5138805e-01
   1.1788352e+00   0.0000000e+00   1.5103861e-01   8.4896139e-01
   1.1695912e+00   0.0000000e+00   1.4767387e-01   8.5232613e-01
   1.1697630e+00   0.0000000e+00   1.4665237e-01   8.5334763e-01
   1.1819151e+00   0.0000000e+00   1.5252527e-01   8.4747473e-01
   1.1688610e+00   0.0000000e+00   1.4704615e-01   8.5295385e-01
   1.1763601e+00   0.0000000e+00   1.4974974e-01   8.5025026e-01
   1.1798718e+00   0.0000000e+00   1.5148801e-01   8.4851199e-01
   1.1776231e+00   0.0000000e+00   1.5022165e-01   8.4977835e-01
   1.1776751e+00   0.0000000e+00   1.5185651e-01   8.4814349e-01
   1.1724734e+00   0.0000000e+00   1.4807509e-01   8.5192491e-01
   1.1749355e+00   0.0000000e+00   1.4894694e-01   8.5105306e-01
   1.1741421e+00   0.0000000e+00   1.4991060e-01   8.5008940e-01
   1.1832073e+00   0.0000000e+00   1.5348442e-01   8.4651558e-01
   1.1774864e+00   0.0000000e+00   1.5061386e-01   8.4938614e-01
   1.1731003e+00   0.0000000e+00   1.4759684e-01   8.5240316e-01
   1.1764330e+00   0.0000000e+00   1.4927910e-01   8.5072090e-01
   1.1828964e+00   0.0000000e+00   1.5316276e-01   8.4683724e-01
   1.1698508e+00   0.0000000e+00   1.4592291e-01   8.5407709e-01
   1.1796361e+00   0.0000000e+00   1.5037431e-01   8.4962569e-01
   1.1715298e+00   0.0000000e+00   1.4746069e-01   8.5253931e-01
   1.1779171e+00   0.0000000e+00   1.5065281e-01   8.4934719e-01
   1.1773446e+00   0.0000000e+00   1.5006066e-01   8.4993934e-01
   1.1800723e+00   0.0000000e+00   1.5130995e-01   8.4869005e-01
   1.1788094e+00   0.0000000e+00   1.5231361e-01   8.4768639e-01
   1.1832558e+00   0.0000000e+00   1.5361306e-01   8.4638694e-01
   1.1769668e+00   0.0000000e+00   1.4988480e-01   8.5011520e-01
   1.1736678e+00   0.0000000e+00   1.4793725e-01   8.5206275e-01
   1.1781177e+00   0.0000000e+00   1.4965609e-01   8.5034391e-01
   1.1873354e+00   0.0000000e+00   1.5742380e-01   8.4257620e-01
   1.1806995e+00   0.0000000e+00   1.5238614e-01   8.4761386e-01
   1.1716964e+00   0.0000000e+00   1.4694258e-01   8.5305742e-01
   1.1759275e+00   0.0000000e+00   1.4900451e-01   8.5099549e-01
   1.1777485e+00   0.0000000e+00   1.5002698e-01   8.4997302e-01
   1.1738453e+00   0.0000000e+00   1.4771680e-01   8.5228320e-01
   1.1682521e+00   0.0000000e+00   1.4574443e-01   8.5425557e-01
   1.1788757e+00   0.0000000e+00   1.5045722e-01   8.4954278e-01
   1.1837526e+00   0.0000000e+00   1.5338876e-01   8.4661124e-01
   1.1771678e+00   0.0000000e+00   1.4915387e-01   8.5084613e-01
   1.1828963e+00   0.0000000e+00   1.5228035e-01   8.4771965e-01
   1.1765941e+00   0.0000000e+00   1.5011125e-01   8.4988875e-01
   1.1728616e+00   0.0000000e+00   1.4719114e-01   8.5280886e-01
   1.1752346e+00   0.0000000e+00   1.5046422e-01   8.4953578e-01
   1.1753291e+00   0.0000000e+00   1.4809369e-01   8.5190631e-01
   1.1704583e+00   0.0000000e+00   1.4630487e-01   8.5369513e-01
   1.1766772e+00   0.0000000e+00   1.4948884e-01   8.5051116e-01
   1.1810227e+00   0.0000000e+00   1.5167532e-01   8.4832468e-01
   1.1753985e+00   0.0000000e+00   1.4945119e-01   8.5054881e-01
   1.1716429e+00   0.0000000e+00   1.4709634e-01   8.5290366e-01
   1.1705936e+00   0.0000000e+00   1.4687532e-01   8.5312468e-01
   1.1844879e+00   0.0000000e+00   1.5403813e-01   8.4596187e-01
   1.1785185e+00   0.0000000e+00   1.4952298e-01   8.5047702e-01
   1.1723787e+00   0.0000000e+00   1.4769338e-01   8.5230662e-01
   1.1700202e+00   0.0000000e+00   1.4557588e-01   8.5442412e-01
   1.1727883e+00   0.0000000e+00   1.4739166e-01   8.5260834e-01
   1.1684486e+00   0.0000000e+00   1.4577488e-01   8.5422512e-01
   1.1795174e+00   0.0000000e+00   1.4982503e-01   8.5017497e-01
   1.1801654e+00   0.0000000e+00   1.5080705e-01   8.4919295e-01
   1.1696007e+00   0.0000000e+00   1.4543118e-01   8.5456882e-01
   1.1751295e+00   0.0000000e+00   1.4737831e-01   8.5262169e-01
   1.1798424e+00   0.0000000e+00   1.5045833e-01   8.4954167e-01
   1.1722452e+00   0.0000000e+00   1.4700357e-01   8.5299643e-01
   1.1688804e+00   0.0000000e+00   1.4581110e-01   8.5418890e-01
   1.1837363e+00   0.0000000e+00   1.5409502e-01   8.4590498e-01
   1.1710037e+00   0.0000000e+00   1.4679106e-01   8.5320894e-01
   1.1712165e+00   0.0000000e+00   1.4618924e-01   8.5381076e-01
   1.1847068e+00   0.0000000e+00   1.5340838e-01   8.4659162e-01
   1.1690351e+00   0.0000000e+00   1.4597179e-01   8.5402821e-01
   1.1766115e+00   0.0000000e+00   1.4814569e-01   8.5185431e-01
   1.1694481e+00   0.0000000e+00   1.4532396e-01   8.5467604e-01
   1.1823213e+00   0.0000000e+00   1.5138704e-01   8.4861296e-01
   1.1819385e+00   0.0000000e+00   1.5235711e-01   8.4764289e-01
   1.1818195e+00   0.0000000e+00   1.5230239e-01   8.4769761e-01
   1.1832374e+00   0.0000000e+00   1.5279397e-01   8.4720603e-01
   1.1717452e+00   0.0000000e+00   1.4793640e-01   8.5206360e-01
   1.1842030e+00   0.0000000e+00   1.5327922e-01   8.4672078e-01
   1.1807795e+00   0.0000000e+00   1.5102844e-01   8.4897156e-01
   1.1808661e+00   0.0000000e+00   1.5119505e-01   8.4880495e-01
   1.1839708e+00   0.0000000e+00   1.5293367e-01   8.4706633e-01
   1.1847829e+00   0.0000000e+00   1.5330192e-01   8.4669808e-01
   1.1756816e+00   0.0000000e+00   1.4864667e-01   8.5135333e-01
   1.1844361e+00   0.0000000e+00   1.5340247e-01   8.4659753e-01
   1.1771444e+00   0.0000000e+00   1.4878015e-01   8.5121985e-01
   1.1839005e+00   0.0000000e+00   1.5295053e-01   8.4704947e-01
   1.1845646e+00   0.0000000e+00   1.5236488e-01   8.4763512e-01
   1.1833224e+00   0.0000000e+00   1.5329035e-01   8.4670965e-01
   1.1801517e+00   0.0000000e+00   1.4970031e-01   8.5029969e-01
   1.1867353e+00   0.0000000e+00   1.5481066e-01   8.4518934e-01
   1.1736347e+00   0.0000000e+00   1.4696727e-01   8.5303273e-01
   1.1805743e+00   0.0000000e+00   1.5137980e-01   8.4862020e-01
   1.1818277e+00   0.0000000e+00   1.5192172e-01   8.4807828e-01
   1.1797138e+00   0.0000000e+00   1.5030362e-01   8.4969638e-01
   1.1795515e+00   0.0000000e+00   1.5046923e-01   8.4953077e-01
   1.1853915e+00   0.0000000e+00   1.5299083e-01   8.4700917e-01
   1.1796111e+00   0.0000000e+00   1.5032872e-01   8.4967128e-01
   1.1786005e+00   0.0000000e+00   1.5008129e-01   8.4991871e-01
   1.1842989e+00   0.0000000e+00   1.5243638e-01   8.4756362e-01
   1.1895752e+00   0.0000000e+00   1.5540537e-01   8.4459463e-01
   1.1760967e+00   0.0000000e+00   1.4820936e-01   8.5179064e-01
   1.1871595e+00   0.0000000e+00   1.5447375e-01   8.4552625e-01
   1.1865586e+00   0.0000000e+00   1.5452255e-01   8.4547745e-01
   1.1859506e+00   0.0000000e+00   1.5355986e-01   8.4644014e-01
   1.1638878e+00   0.0000000e+00   1.4302821e-01   8.5697179e-01
   1.1876498e+00   0.0000000e+00   1.5507124e-01   8.4492876e-01
   1.1911162e+00   0.0000000e+00   1.5804163e-01   8.4195837e-01
   1.1874515e+00   0.0000000e+00   1.5448578e-01   8.4551422e-01
   1.1653557e+00   0.0000000e+00   1.4304017e-01   8.5695983e-01
   1.1770190e+00   0.0000000e+00   1.4974555e-01   8.5025445e-01
   1.1887825e+00   0.0000000e+00   1.5536552e-01   8.4463448e-01
   1.1891418e+00   0.0000000e+00   1.5504602e-01   8.4495398e-01
   1.1625729e+00   0.0000000e+00   1.4147268e-01   8.5852732e-01
   1.1642459e+00   0.0000000e+00   1.4226706e-01   8.5773294e-01
   1.1892115e+00   0.0000000e+00   1.5557220e-01   8.4442780e-01
   1.1890249e+00   0.0000000e+00   1.5538789e-01   8.4461211e-01
   1.1740627e+00   0.0000000e+00   1.4789834e-01   8.5210166e-01
   1.1900524e+00   0.0000000e+00   1.5555016e-01   8.4444984e-01
   1.1897490e+00   0.0000000e+00   1.5601098e-01   8.4398902e-01
   1.1834057e+00   0.0000000e+00   1.5313720e-01   8.4686280e-01
   1.1651039e+00   0.0000000e+00   1.4200934e-01   8.5799066e-01
   1.1887129e+00   0.0000000e+00   1.5578930e-01   8.4421070e-01
   1.1901559e+00   0.0000000e+00   1.5638638e-01   8.4361362e-01
   1.1896832e+00   0.0000000e+00   1.5632368e-01   8.4367632e-01
   1.1921474e+00   0.0000000e+00   1.5668582e-01   8.4331418e-01
   1.1897223e+00   0.0000000e+00   1.5624930e-01   8.4375070e-01
   1.1856764e+00   0.0000000e+00   1.5428090e-01   8.4571910e-01
   1.1916921e+00   0.0000000e+00   1.5730327e-01   8.4269673e-01
   1.1907973e+00   0.0000000e+00   1.5604911e-01   8.4395089e-01
   1.1914970e+00   0.0000000e+00   1.5732479e-01   8.4267521e-01
   1.1914841e+00   0.0000000e+00   1.5698734e-01   8.4301266e-01
   1.1937303e+00   0.0000000e+00   1.5825566e-01   8.4174434e-01
   1.1842899e+00   0.0000000e+00   1.5350256e-01   8.4649744e-01
   1.1754257e+00   0.0000000e+00   1.4757424e-01   8.5242576e-01
   1.1872300e+00   0.0000000e+00   1.5518805e-01   8.4481195e-01
   1.1899587e+00   0.0000000e+00   1.5690415e-01   8.4309585e-01
   1.1922526e+00   0.0000000e+00   1.5751721e-01   8.4248279e-01
   1.1918333e+00   0.0000000e+00   1.5686033e-01   8.4313967e-01
   1.1803281e+00   0.0000000e+00   1.5109263e-01   8.4890737e-01
   1.1872070e+00   0.0000000e+00   1.5492498e-01   8.4507502e-01
   1.1936250e+00   0.0000000e+00   1.5812720e-01   8.4187280e-01
   1.1910230e+00   0.0000000e+00   1.5664551e-01   8.4335449e-01
   1.1929762e+00   0.0000000e+00   1.5757592e-01   8.4242408e-01
   1.1918675e+00   0.0000000e+00   1.5717084e-01   8.4282916e-01
   1.1887662e+00   0.0000000e+00   1.5617345e-01   8.4382655e-01
   1.1896782e+00   0.0000000e+00   1.5673290e-01   8.4326710e-01
   1.1910007e+00   0.0000000e+00   1.5696347e-01   8.4303653e-01
   1.1933372e+00   0.0000000e+00   1.5693483e-01   8.4306517e-01
   1.1960942e+00   0.0000000e+00   1.5878510e-01   8.4121490e-01
   1.1949684e+00   0.0000000e+00   1.5848901e-01   8.4151099e-01
   1.1934030e+00   0.0000000e+00   1.5854407e-01   8.4145593e-01
   1.1743895e+00   0.0000000e+00   1.4693155e-01   8.5306845e-01
   1.1944081e+00   0.0000000e+00   1.5869600e-01   8.4130400e-01
   1.1945931e+00   0.0000000e+00   1.5879092e-01   8.4120908e-01
   1.1962331e+00   0.0000000e+00   1.5936220e-01   8.4063780e-01
   1.1915761e+00   0.0000000e+00   1.5692834e-01   8.4307166e-01
   1.1931049e+00   0.0000000e+00   1.5803501e-01   8.4196499e-01
   1.1919353e+00   0.0000000e+00   1.5752371e-01   8.4247629e-01
   1.1889096e+00   0.0000000e+00   1.5605549e-01   8.4394451e-01
   1.1930590e+00   0.0000000e+00   1.5850414e-01   8.4149586e-01
   1.1963763e+00   0.0000000e+00   1.5923350e-01   8.4076650e-01
   1.1901245e+00   0.0000000e+00   1.5657262e-01   8.4342738e-01
   1.1717992e+00   0.0000000e+00   1.4624350e-01   8.5375650e-01
   1.1948147e+00   0.0000000e+00   1.5902293e-01   8.4097707e-01
   1.1966593e+00   0.0000000e+00   1.5887148e-01   8.4112852e-01
   1.1948557e+00   0.0000000e+00   1.5882591e-01   8.4117409e-01
   1.1904118e+00   0.0000000e+00   1.5713038e-01   8.4286962e-01
   1.1878818e+00   0.0000000e+00   1.5623342e-01   8.4376658e-01
   1.1934059e+00   0.0000000e+00   1.5826083e-01   8.4173917e-01
   1.1914508e+00   0.0000000e+00   1.5773140e-01   8.4226860e-01
   1.1953211e+00   0.0000000e+00   1.5858301e-01   8.4141699e-01
   1.1936080e+00   0.0000000e+00   1.5848594e-01   8.4151406e-01
   1.1904502e+00   0.0000000e+00   1.5598224e-01   8.4401776e-01
   1.1912459e+00   0.0000000e+00   1.5711003e-01   8.4288997e-01
   1.1932526e+00   0.0000000e+00   1.5741313e-01   8.4258687e-01
   1.1961237e+00   0.0000000e+00   1.5920309e-01   8.4079691e-01
   1.1946117e+00   0.0000000e+00   1.5891531e-01   8.4108469e-01
   1.1901367e+00   0.0000000e+00   1.5733686e-01   8.4266314e-01
   1.1977356e+00   0.0000000e+00   1.5987874e-01   8.4012126e-01
   1.1940397e+00   0.0000000e+00   1.5865201e-01   8.4134799e-01
   1.1903179e+00   0.0000000e+00   1.5618434e-01   8.4381566e-01
   1.1933547e+00   0.0000000e+00   1.5839904e-01   8.4160096e-01
   1.1962527e+00   0.0000000e+00   1.5947296e-01   8.4052704e-01
   1.1927891e+00   0.0000000e+00   1.5863618e-01   8.4136382e-01
   1.1922279e+00   0.0000000e+00   1.5806442e-01   8.4193558e-01
   1.1770019e+00   0.0000000e+00   1.4880306e-01   8.5119694e-01
   1.1762990e+00   0.0000000e+00   1.4830297e-01   8.5169703e-01
   1.1958435e+00   0.0000000e+00   1.5951244e-01   8.4048756e-01
   1.1926286e+00   0.0000000e+00   1.5821247e-01   8.4178753e-01
   1.1982620e+00   0.0000000e+00   1.6046133e-01   8.3953867e-01
   1.1980325e+00   0.0000000e+00   1.6053969e-01   8.3946031e-01
   1.1964263e+00   0.0000000e+00   1.5977678e-01   8.4022322e-01
   1.1923944e+00   0.0000000e+00   1.5810669e-01   8.4189331e-01
   1.1938438e+00   0.0000000e+00   1.5813335e-01   8.4186665e-01
   1.1945070e+00   0.0000000e+00   1.5900287e-01   8.4099713e-01
   1.1907315e+00   0.0000000e+00   1.5688067e-01   8.4311933e-01
   1.1955206e+00   0.0000000e+00   1.5822671e-01   8.4177329e-01
   1.1865370e+00   0.0000000e+00   1.5563775e-01   8.4436225e-01
   1.1976580e+00   0.0000000e+00   1.6044134e-01   8.3955866e-01
   1.1962925e+00   0.0000000e+00   1.5982544e-01   8.4017456e-01
   1.1956801e+00   0.0000000e+00   1.5926077e-01   8.4073923e-01
   1.1922612e+00   0.0000000e+00   1.5789381e-01   8.4210619e-01
   1.1940618e+00   0.0000000e+00   1.5856193e-01   8.4143807e-01
   1.1862324e+00   0.0000000e+00   1.5441090e-01   8.4558910e-01
   1.1929873e+00   0.0000000e+00   1.5837699e-01   8.4162301e-01
   1.1967395e+00   0.0000000e+00   1.6031435e-01   8.3968565e-01
   1.1949341e+00   0.0000000e+00   1.5865020e-01   8.4134980e-01
   1.1861736e+00   0.0000000e+00   1.5490899e-01   8.4509101e-01
   1.1983129e+00   0.0000000e+00   1.6002713e-01   8.3997287e-01
   1.1931134e+00   0.0000000e+00   1.5853877e-01   8.4146123e-01
   1.1924906e+00   0.0000000e+00   1.5835281e-01   8.4164719e-01
   1.1974227e+00   0.0000000e+00   1.5947499e-01   8.4052501e-01
   1.1969187e+00   0.0000000e+00   1.6070264e-01   8.3929736e-01
   1.2008852e+00   0.0000000e+00   1.6068912e-01   8.3931088e-01
   1.1875961e+00   0.0000000e+00   1.5619796e-01   8.4380204e-01
   1.1957084e+00   0.0000000e+00   1.5930455e-01   8.4069545e-01
   1.1999016e+00   0.0000000e+00   1.6051704e-01   8.3948296e-01
   1.1988877e+00   0.0000000e+00   1.6047363e-01   8.3952637e-01
   1.1934227e+00   0.0000000e+00   1.5864832e-01   8.4135168e-01
   1.1937057e+00   0.0000000e+00   1.5834921e-01   8.4165079e-01
   1.1978655e+00   0.0000000e+00   1.6067436e-01   8.3932564e-01
   1.1925813e+00   0.0000000e+00   1.5853415e-01   8.4146585e-01
   1.1950189e+00   0.0000000e+00   1.5945630e-01   8.4054370e-01
   1.1974987e+00   0.0000000e+00   1.6043499e-01   8.3956501e-01
   1.1864329e+00   0.0000000e+00   1.5445201e-01   8.4554799e-01
   1.1986963e+00   0.0000000e+00   1.6056889e-01   8.3943111e-01
   1.1938252e+00   0.0000000e+00   1.5900738e-01   8.4099262e-01
   1.1946598e+00   0.0000000e+00   1.5955820e-01   8.4044180e-01
   1.2026132e+00   0.0000000e+00   1.6250369e-01   8.3749631e-01
   1.1972550e+00   0.0000000e+00   1.6011552e-01   8.3988448e-01
   1.2002859e+00   0.0000000e+00   1.6154344e-01   8.3845656e-01
   1.1867608e+00   0.0000000e+00   1.5485638e-01   8.4514362e-01
   1.1912917e+00   0.0000000e+00   1.5773299e-01   8.4226701e-01
   1.1918501e+00   0.0000000e+00   1.5815114e-01   8.4184886e-01
   1.2001217e+00   0.0000000e+00   1.6156891e-01   8.3843109e-01
   1.1910442e+00   0.0000000e+00   1.5794653e-01   8.4205347e-01
   1.1852688e+00   0.0000000e+00   1.5462694e-01   8.4537306e-01
   1.1975467e+00   0.0000000e+00   1.6014586e-01   8.3985414e-01
   1.1904198e+00   0.0000000e+00   1.5751748e-01   8.4248252e-01
   1.1918413e+00   0.0000000e+00   1.5803963e-01   8.4196037e-01
   1.1944424e+00   0.0000000e+00   1.5916250e-01   8.4083750e-01
   1.1913472e+00   0.0000000e+00   1.5780910e-01   8.4219090e-01
   1.1887887e+00   0.0000000e+00   1.5660289e-01   8.4339711e-01
   1.1948936e+00   0.0000000e+00   1.5992172e-01   8.4007828e-01
   1.1932252e+00   0.0000000e+00   1.5765093e-01   8.4234907e-01
   1.1906441e+00   0.0000000e+00   1.5799100e-01   8.4200900e-01
   1.1979401e+00   0.0000000e+00   1.5948291e-01   8.4051709e-01
   1.2040453e+00   0.0000000e+00   1.6231407e-01   8.3768593e-01
   1.1983162e+00   0.0000000e+00   1.6030492e-01   8.3969508e-01
   1.1901591e+00   0.0000000e+00   1.5732137e-01   8.4267863e-01
   1.1926718e+00   0.0000000e+00   1.5799215e-01   8.4200785e-01
   1.1999475e+00   0.0000000e+00   1.6028930e-01   8.3971070e-01
   1.2007170e+00   0.0000000e+00   1.6195299e-01   8.3804701e-01
   1.1876307e+00   0.0000000e+00   1.5609943e-01   8.4390057e-01
   1.1973882e+00   0.0000000e+00   1.5962186e-01   8.4037814e-01
   1.1972759e+00   0.0000000e+00   1.6047223e-01   8.3952777e-01
   1.1977192e+00   0.0000000e+00   1.6015928e-01   8.3984072e-01
   1.1884234e+00   0.0000000e+00   1.5653169e-01   8.4346831e-01
   1.1887771e+00   0.0000000e+00   1.5691228e-01   8.4308772e-01
   1.1913618e+00   0.0000000e+00   1.5836048e-01   8.4163952e-01
   1.2043085e+00   0.0000000e+00   1.6251317e-01   8.3748683e-01
   1.1976198e+00   0.0000000e+00   1.6124670e-01   8.3875330e-01
   1.1906016e+00   0.0000000e+00   1.5756598e-01   8.4243402e-01
   1.1921229e+00   0.0000000e+00   1.5707773e-01   8.4292227e-01
   1.2004970e+00   0.0000000e+00   1.6132400e-01   8.3867600e-01
   1.1898151e+00   0.0000000e+00   1.5730496e-01   8.4269504e-01
   1.1941370e+00   0.0000000e+00   1.5956159e-01   8.4043841e-01
   1.1928963e+00   0.0000000e+00   1.5890222e-01   8.4109778e-01
   1.1888364e+00   0.0000000e+00   1.5686702e-01   8.4313298e-01
   1.1889158e+00   0.0000000e+00   1.5719218e-01   8.4280782e-01
   1.1861627e+00   0.0000000e+00   1.5522202e-01   8.4477798e-01
   1.1961774e+00   0.0000000e+00   1.5931413e-01   8.4068587e-01
   1.2049454e+00   0.0000000e+00   1.6265141e-01   8.3734859e-01
   1.1916038e+00   0.0000000e+00   1.5841538e-01   8.4158462e-01
   1.1970441e+00   0.0000000e+00   1.5931768e-01   8.4068232e-01
   1.1891412e+00   0.0000000e+00   1.5691647e-01   8.4308353e-01
   1.1926939e+00   0.0000000e+00   1.5819108e-01   8.4180892e-01
   1.1908919e+00   0.0000000e+00   1.5817629e-01   8.4182371e-01
   1.1904823e+00   0.0000000e+00   1.5798648e-01   8.4201352e-01
   1.1999771e+00   0.0000000e+00   1.6115721e-01   8.3884279e-01
   1.1869647e+00   0.0000000e+00   1.5589438e-01   8.4410562e-01
   1.1884820e+00   0.0000000e+00   1.5689584e-01   8.4310416e-01
   1.1883302e+00   0.0000000e+00   1.5686614e-01   8.4313386e-01
   1.1888575e+00   0.0000000e+00   1.5705571e-01   8.4294429e-01
   1.1905996e+00   0.0000000e+00   1.5824392e-01   8.4175608e-01
   1.1878250e+00   0.0000000e+00   1.5658827e-01   8.4341173e-01
   1.1907602e+00   0.0000000e+00   1.5830621e-01   8.4169379e-01
   1.1897308e+00   0.0000000e+00   1.5754439e-01   8.4245561e-01
   1.1872267e+00   0.0000000e+00   1.5606310e-01   8.4393690e-01
   1.1841084e+00   0.0000000e+00   1.5488249e-01   8.4511751e-01
   1.1859267e+00   0.0000000e+00   1.5568631e-01   8.4431369e-01
   1.1897881e+00   0.0000000e+00   1.5774399e-01   8.4225601e-01
   1.1853257e+00   0.0000000e+00   1.5534580e-01   8.4465420e-01
   1.1868464e+00   0.0000000e+00   1.5612369e-01   8.4387631e-01
   1.1970128e+00   0.0000000e+00   1.5969699e-01   8.4030301e-01
   1.1866627e+00   0.0000000e+00   1.5605465e-01   8.4394535e-01
   1.1878266e+00   0.0000000e+00   1.5670694e-01   8.4329306e-01
   1.1866947e+00   0.0000000e+00   1.5607806e-01   8.4392194e-01
   1.1886859e+00   0.0000000e+00   1.5702804e-01   8.4297196e-01
   1.1881107e+00   0.0000000e+00   1.5676471e-01   8.4323529e-01
   1.1915847e+00   0.0000000e+00   1.5859735e-01   8.4140265e-01
   1.1847813e+00   0.0000000e+00   1.5497478e-01   8.4502522e-01
   1.1862025e+00   0.0000000e+00   1.5588123e-01   8.4411877e-01
   1.1913390e+00   0.0000000e+00   1.5875507e-01   8.4124493e-01
   1.1849834e+00   0.0000000e+00   1.5530796e-01   8.4469204e-01
   1.1889975e+00   0.0000000e+00   1.5734239e-01   8.4265761e-01
   1.1867431e+00   0.0000000e+00   1.5649783e-01   8.4350217e-01
   1.1874879e+00   0.0000000e+00   1.5663847e-01   8.4336153e-01
   1.1891092e+00   0.0000000e+00   1.5726134e-01   8.4273866e-01
   1.1870127e+00   0.0000000e+00   1.5644045e-01   8.4355955e-01
   1.1889001e+00   0.0000000e+00   1.5737441e-01   8.4262559e-01
   1.1869803e+00   0.0000000e+00   1.5616042e-01   8.4383958e-01
   1.1869275e+00   0.0000000e+00   1.5625152e-01   8.4374848e-01
   1.1855578e+00   0.0000000e+00   1.5578917e-01   8.4421083e-01
   1.1871030e+00   0.0000000e+00   1.5632693e-01   8.4367307e-01
   1.1871629e+00   0.0000000e+00   1.5663105e-01   8.4336895e-01
   1.1864622e+00   0.0000000e+00   1.5596897e-01   8.4403103e-01
   1.1889281e+00   0.0000000e+00   1.5645502e-01   8.4354498e-01
   1.1890650e+00   0.0000000e+00   1.5695844e-01   8.4304156e-01
   1.1860612e+00   0.0000000e+00   1.5584520e-01   8.4415480e-01
   1.1897357e+00   0.0000000e+00   1.5682301e-01   8.4317699e-01
   1.1859903e+00   0.0000000e+00   1.5581573e-01   8.4418427e-01
   1.1925159e+00   0.0000000e+00   1.5883825e-01   8.4116175e-01
   1.1843165e+00   0.0000000e+00   1.5473742e-01   8.4526258e-01
   1.1886050e+00   0.0000000e+00   1.5698821e-01   8.4301179e-01
   1.1884436e+00   0.0000000e+00   1.5707102e-01   8.4292898e-01
   1.1854062e+00   0.0000000e+00   1.5567246e-01   8.4432754e-01
   1.1898242e+00   0.0000000e+00   1.5788672e-01   8.4211328e-01
   1.1853972e+00   0.0000000e+00   1.5550252e-01   8.4449748e-01
   1.1863441e+00   0.0000000e+00   1.5604594e-01   8.4395406e-01
   1.1807940e+00   0.0000000e+00   1.5317191e-01   8.4682809e-01
   1.1874684e+00   0.0000000e+00   1.5667902e-01   8.4332098e-01
   1.1859818e+00   0.0000000e+00   1.5578531e-01   8.4421469e-01
   1.1858203e+00   0.0000000e+00   1.5573132e-01   8.4426868e-01
   1.1836540e+00   0.0000000e+00   1.5435632e-01   8.4564368e-01
   1.1840429e+00   0.0000000e+00   1.5493174e-01   8.4506826e-01
   1.1852535e+00   0.0000000e+00   1.5561813e-01   8.4438187e-01
   1.1854776e+00   0.0000000e+00   1.5543778e-01   8.4456222e-01
   1.1875874e+00   0.0000000e+00   1.5649602e-01   8.4350398e-01
   1.1821399e+00   0.0000000e+00   1.5408434e-01   8.4591566e-01
   1.1852350e+00   0.0000000e+00   1.5540886e-01   8.4459114e-01
   1.1915746e+00   0.0000000e+00   1.5762456e-01   8.4237544e-01
   1.1845939e+00   0.0000000e+00   1.5542507e-01   8.4457493e-01
   1.1846965e+00   0.0000000e+00   1.5524438e-01   8.4475562e-01
   1.1854974e+00   0.0000000e+00   1.5562105e-01   8.4437895e-01
   1.1889877e+00   0.0000000e+00   1.5773151e-01   8.4226849e-01
   1.1879635e+00   0.0000000e+00   1.5695853e-01   8.4304147e-01
   1.1864336e+00   0.0000000e+00   1.5603614e-01   8.4396386e-01
   1.1860096e+00   0.0000000e+00   1.5575265e-01   8.4424735e-01
   1.1829448e+00   0.0000000e+00   1.5455689e-01   8.4544311e-01
   1.1935376e+00   0.0000000e+00   1.5896507e-01   8.4103493e-01
   1.1855805e+00   0.0000000e+00   1.5564324e-01   8.4435676e-01
   1.1894447e+00   0.0000000e+00   1.5713231e-01   8.4286769e-01
   1.1840901e+00   0.0000000e+00   1.5503683e-01   8.4496317e-01
   1.1885535e+00   0.0000000e+00   1.5668133e-01   8.4331867e-01
   1.1836639e+00   0.0000000e+00   1.5483194e-01   8.4516806e-01
   1.1870107e+00   0.0000000e+00   1.5605710e-01   8.4394290e-01
   1.1860767e+00   0.0000000e+00   1.5609890e-01   8.4390110e-01
   1.1854198e+00   0.0000000e+00   1.5559776e-01   8.4440224e-01
   1.1896753e+00   0.0000000e+00   1.5782802e-01   8.4217198e-01
   1.1848119e+00   0.0000000e+00   1.5533146e-01   8.4466854e-01
   1.1837396e+00   0.0000000e+00   1.5478453e-01   8.4521547e-01
   1.1853179e+00   0.0000000e+00   1.5550414e-01   8.4449586e-01
   1.1871143e+00   0.0000000e+00   1.5625355e-01   8.4374645e-01
   1.1851207e+00   0.0000000e+00   1.5540208e-01   8.4459792e-01
   1.1854094e+00   0.0000000e+00   1.5578453e-01   8.4421547e-01
   1.1864437e+00   0.0000000e+00   1.5610865e-01   8.4389135e-01
   1.1860197e+00   0.0000000e+00   1.5583324e-01   8.4416676e-01
   1.1929610e+00   0.0000000e+00   1.5763523e-01   8.4236477e-01
   1.1919036e+00   0.0000000e+00   1.5954252e-01   8.4045748e-01
   1.1843818e+00   0.0000000e+00   1.5537727e-01   8.4462273e-01
   1.1848730e+00   0.0000000e+00   1.5525406e-01   8.4474594e-01
   1.1813028e+00   0.0000000e+00   1.5359298e-01   8.4640702e-01
   1.1847780e+00   0.0000000e+00   1.5537921e-01   8.4462079e-01
   1.1854477e+00   0.0000000e+00   1.5557501e-01   8.4442499e-01
   1.1852745e+00   0.0000000e+00   1.5557883e-01   8.4442117e-01
   1.1894088e+00   0.0000000e+00   1.5736853e-01   8.4263147e-01
   1.1907001e+00   0.0000000e+00   1.5821668e-01   8.4178332e-01
   1.1828643e+00   0.0000000e+00   1.5434113e-01   8.4565887e-01
   1.1841388e+00   0.0000000e+00   1.5483365e-01   8.4516635e-01
   1.1847671e+00   0.0000000e+00   1.5523318e-01   8.4476682e-01
   1.1888441e+00   0.0000000e+00   1.5681851e-01   8.4318149e-01
   1.1855494e+00   0.0000000e+00   1.5560266e-01   8.4439734e-01
   1.1848347e+00   0.0000000e+00   1.5553569e-01   8.4446431e-01
   1.1850698e+00   0.0000000e+00   1.5528135e-01   8.4471865e-01
   1.1863672e+00   0.0000000e+00   1.5601755e-01   8.4398245e-01
   1.1794644e+00   0.0000000e+00   1.5289161e-01   8.4710839e-01
   1.1846129e+00   0.0000000e+00   1.5517123e-01   8.4482877e-01
   1.1862241e+00   0.0000000e+00   1.5609143e-01   8.4390857e-01
   1.1876014e+00   0.0000000e+00   1.5651248e-01   8.4348752e-01
   1.1852816e+00   0.0000000e+00   1.5562564e-01   8.4437436e-01
   1.1846790e+00   0.0000000e+00   1.5521728e-01   8.4478272e-01
   1.1847030e+00   0.0000000e+00   1.5520912e-01   8.4479088e-01
   1.1859407e+00   0.0000000e+00   1.5573201e-01   8.4426799e-01
   1.1858555e+00   0.0000000e+00   1.5580493e-01   8.4419507e-01
   1.1844690e+00   0.0000000e+00   1.5499138e-01   8.4500862e-01
   1.1845728e+00   0.0000000e+00   1.5503222e-01   8.4496778e-01
   1.1844606e+00   0.0000000e+00   1.5498555e-01   8.4501445e-01
   1.1848816e+00   0.0000000e+00   1.5538008e-01   8.4461992e-01
   1.1879843e+00   0.0000000e+00   1.5641756e-01   8.4358244e-01
   1.1864001e+00   0.0000000e+00   1.5623150e-01   8.4376850e-01
   1.1851436e+00   0.0000000e+00   1.5535060e-01   8.4464940e-01
   1.1843993e+00   0.0000000e+00   1.5500769e-01   8.4499231e-01
   1.1827851e+00   0.0000000e+00   1.5401911e-01   8.4598089e-01
   1.1857780e+00   0.0000000e+00   1.5590169e-01   8.4409831e-01
   1.1829011e+00   0.0000000e+00   1.5445731e-01   8.4554269e-01
   1.1837767e+00   0.0000000e+00   1.5515938e-01   8.4484062e-01
   1.1873201e+00   0.0000000e+00   1.5619867e-01   8.4380133e-01
   1.1859442e+00   0.0000000e+00   1.5577551e-01   8.4422449e-01
   1.1847560e+00   0.0000000e+00   1.5511813e-01   8.4488187e-01
   1.1841031e+00   0.0000000e+00   1.5491885e-01   8.4508115e-01
   1.1836264e+00   0.0000000e+00   1.5461150e-01   8.4538850e-01
   1.1803081e+00   0.0000000e+00   1.5228296e-01   8.4771704e-01
   1.1837267e+00   0.0000000e+00   1.5467761e-01   8.4532239e-01
   1.1844974e+00   0.0000000e+00   1.5480420e-01   8.4519580e-01
   1.1845250e+00   0.0000000e+00   1.5489330e-01   8.4510670e-01
   1.1866998e+00   0.0000000e+00   1.5643283e-01   8.4356717e-01
   1.1843327e+00   0.0000000e+00   1.5484013e-01   8.4515987e-01
   1.1848255e+00   0.0000000e+00   1.5513046e-01   8.4486954e-01
   1.1822376e+00   0.0000000e+00   1.5438535e-01   8.4561465e-01
   1.1874339e+00   0.0000000e+00   1.5671360e-01   8.4328640e-01
   1.1842412e+00   0.0000000e+00   1.5486171e-01   8.4513829e-01
   1.1840253e+00   0.0000000e+00   1.5484982e-01   8.4515018e-01
   1.1798921e+00   0.0000000e+00   1.5314032e-01   8.4685968e-01
   1.1830085e+00   0.0000000e+00   1.5407636e-01   8.4592364e-01
   1.1892315e+00   0.0000000e+00   1.5718947e-01   8.4281053e-01
   1.1855234e+00   0.0000000e+00   1.5535132e-01   8.4464868e-01
   1.1829888e+00   0.0000000e+00   1.5460851e-01   8.4539149e-01
   1.1838146e+00   0.0000000e+00   1.5457682e-01   8.4542318e-01
   1.1892700e+00   0.0000000e+00   1.5678592e-01   8.4321408e-01
   1.1842211e+00   0.0000000e+00   1.5476962e-01   8.4523038e-01
   1.1832165e+00   0.0000000e+00   1.5432761e-01   8.4567239e-01
   1.1831780e+00   0.0000000e+00   1.5447635e-01   8.4552365e-01
   1.1851178e+00   0.0000000e+00   1.5481287e-01   8.4518713e-01
   1.1844329e+00   0.0000000e+00   1.5477214e-01   8.4522786e-01
   1.1861829e+00   0.0000000e+00   1.5582745e-01   8.4417255e-01
   1.1849295e+00   0.0000000e+00   1.5504646e-01   8.4495354e-01
   1.1880028e+00   0.0000000e+00   1.5722784e-01   8.4277216e-01
   1.1848097e+00   0.0000000e+00   1.5557784e-01   8.4442216e-01
   1.1765929e+00   0.0000000e+00   1.5112310e-01   8.4887690e-01
   1.1833574e+00   0.0000000e+00   1.5434096e-01   8.4565904e-01
   1.1830415e+00   0.0000000e+00   1.5417730e-01   8.4582270e-01
   1.1852144e+00   0.0000000e+00   1.5515298e-01   8.4484702e-01
   1.1875030e+00   0.0000000e+00   1.5678400e-01   8.4321600e-01
   1.1842145e+00   0.0000000e+00   1.5455417e-01   8.4544583e-01
   1.1819708e+00   0.0000000e+00   1.5338394e-01   8.4661606e-01
   1.1906216e+00   0.0000000e+00   1.5829998e-01   8.4170002e-01
   1.1826907e+00   0.0000000e+00   1.5396890e-01   8.4603110e-01
   1.1836198e+00   0.0000000e+00   1.5442195e-01   8.4557805e-01
   1.1753486e+00   0.0000000e+00   1.4968012e-01   8.5031988e-01
   1.1859904e+00   0.0000000e+00   1.5598614e-01   8.4401386e-01
   1.1856126e+00   0.0000000e+00   1.5560205e-01   8.4439795e-01
   1.1883565e+00   0.0000000e+00   1.5731539e-01   8.4268461e-01
   1.1864689e+00   0.0000000e+00   1.5557131e-01   8.4442869e-01
   1.1748324e+00   0.0000000e+00   1.5015469e-01   8.4984531e-01
   1.1832662e+00   0.0000000e+00   1.5378647e-01   8.4621353e-01
   1.1844138e+00   0.0000000e+00   1.5462222e-01   8.4537778e-01
   1.1848441e+00   0.0000000e+00   1.5541985e-01   8.4458015e-01
   1.1859104e+00   0.0000000e+00   1.5587341e-01   8.4412659e-01
   1.1879485e+00   0.0000000e+00   1.5665077e-01   8.4334923e-01
   1.1834399e+00   0.0000000e+00   1.5495464e-01   8.4504536e-01
   1.1878056e+00   0.0000000e+00   1.5686759e-01   8.4313241e-01
   1.1822786e+00   0.0000000e+00   1.5449983e-01   8.4550017e-01
   1.1863997e+00   0.0000000e+00   1.5616596e-01   8.4383404e-01
   1.1838885e+00   0.0000000e+00   1.5432691e-01   8.4567309e-01
   1.1839160e+00   0.0000000e+00   1.5438089e-01   8.4561911e-01
   1.1834447e+00   0.0000000e+00   1.5407886e-01   8.4592114e-01
   1.1837029e+00   0.0000000e+00   1.5435308e-01   8.4564692e-01
   1.1849120e+00   0.0000000e+00   1.5480754e-01   8.4519246e-01
   1.1866875e+00   0.0000000e+00   1.5622926e-01   8.4377074e-01
   1.1830410e+00   0.0000000e+00   1.5398033e-01   8.4601967e-01
   1.1846427e+00   0.0000000e+00   1.5519846e-01   8.4480154e-01
   1.1696208e+00   0.0000000e+00   1.4500621e-01   8.5499379e-01
   1.1843978e+00   0.0000000e+00   1.5443764e-01   8.4556236e-01
   1.1948787e+00   0.0000000e+00   1.5864377e-01   8.4135623e-01
   1.1855539e+00   0.0000000e+00   1.5499991e-01   8.4500009e-01
   1.1865108e+00   0.0000000e+00   1.5580042e-01   8.4419958e-01
   1.1875923e+00   0.0000000e+00   1.5639355e-01   8.4360645e-01
   1.1822057e+00   0.0000000e+00   1.5352945e-01   8.4647055e-01
   1.1838548e+00   0.0000000e+00   1.5403136e-01   8.4596864e-01
   1.1845578e+00   0.0000000e+00   1.5457241e-01   8.4542759e-01
   1.1902109e+00   0.0000000e+00   1.5796458e-01   8.4203542e-01
   1.1848634e+00   0.0000000e+00   1.5459827e-01   8.4540173e-01
   1.1870377e+00   0.0000000e+00   1.5618832e-01   8.4381168e-01
   1.1833925e+00   0.0000000e+00   1.5393208e-01   8.4606792e-01
   1.1871836e+00   0.0000000e+00   1.5548912e-01   8.4451088e-01
