   6.8669203e-01   0.0000000e+00   5.2905622e-01   4.7094378e-01
   6.8669209e-01   0.0000000e+00   5.2859394e-01   4.7140606e-01
   6.8669215e-01   0.0000000e+00   5.2886417e-01   4.7113583e-01
   6.8669263e-01   0.0000000e+00   5.2906213e-01   4.7093787e-01
   6.8669377e-01   0.0000000e+00   5.2932496e-01   4.7067504e-01
   6.8669516e-01   0.0000000e+00   5.2796794e-01   4.7203206e-01
   6.8669524e-01   0.0000000e+00   5.2888049e-01   4.7111951e-01
   6.8669561e-01   0.0000000e+00   5.2840560e-01   4.7159440e-01
   6.8669624e-01   0.0000000e+00   5.2971023e-01   4.7028977e-01
   6.8669649e-01   0.0000000e+00   5.2844954e-01   4.7155046e-01
   6.8669665e-01   0.0000000e+00   5.2927266e-01   4.7072734e-01
   6.8669669e-01   0.0000000e+00   5.2898709e-01   4.7101291e-01
   6.8669762e-01   0.0000000e+00   5.2948767e-01   4.7051233e-01
   6.8669783e-01   0.0000000e+00   5.2796510e-01   4.7203490e-01
   6.8669800e-01   0.0000000e+00   5.2870992e-01   4.7129008e-01
   6.8669841e-01   0.0000000e+00   5.2921086e-01   4.7078914e-01
   6.8669875e-01   0.0000000e+00   5.2871893e-01   4.7128107e-01
   6.8669892e-01   0.0000000e+00   5.2896626e-01   4.7103374e-01
   6.8669943e-01   0.0000000e+00   5.2914513e-01   4.7085487e-01
   6.8669953e-01   0.0000000e+00   5.2922207e-01   4.7077793e-01
   6.8669958e-01   0.0000000e+00   5.2920740e-01   4.7079260e-01
   6.8669959e-01   0.0000000e+00   5.2897280e-01   4.7102720e-01
   6.8669961e-01   0.0000000e+00   5.3006431e-01   4.6993569e-01
   6.8669996e-01   0.0000000e+00   5.2897111e-01   4.7102889e-01
   6.8669996e-01   0.0000000e+00   5.2779254e-01   4.7220746e-01
   6.8669997e-01   0.0000000e+00   5.2920035e-01   4.7079965e-01
   6.8669997e-01   0.0000000e+00   5.2909144e-01   4.7090856e-01
   6.8670018e-01   0.0000000e+00   5.2867810e-01   4.7132190e-01
   6.8670036e-01   0.0000000e+00   5.2904470e-01   4.7095530e-01
   6.8670060e-01   0.0000000e+00   5.2902305e-01   4.7097695e-01
   6.8670071e-01   0.0000000e+00   5.2931043e-01   4.7068957e-01
   6.8670081e-01   0.0000000e+00   5.2909887e-01   4.7090113e-01
   6.8670085e-01   0.0000000e+00   5.2898716e-01   4.7101284e-01
   6.8670119e-01   0.0000000e+00   5.2837239e-01   4.7162761e-01
   6.8670181e-01   0.0000000e+00   5.2920338e-01   4.7079662e-01
   6.8670191e-01   0.0000000e+00   5.2913533e-01   4.7086467e-01
   6.8670192e-01   0.0000000e+00   5.2875886e-01   4.7124114e-01
   6.8670220e-01   0.0000000e+00   5.3048956e-01   4.6951044e-01
   6.8670222e-01   0.0000000e+00   5.2877151e-01   4.7122849e-01
   6.8670250e-01   0.0000000e+00   5.2912147e-01   4.7087853e-01
   6.8670286e-01   0.0000000e+00   5.2926666e-01   4.7073334e-01
   6.8670303e-01   0.0000000e+00   5.2937946e-01   4.7062054e-01
   6.8670307e-01   0.0000000e+00   5.2991488e-01   4.7008512e-01
   6.8670322e-01   0.0000000e+00   5.2847581e-01   4.7152419e-01
   6.8670338e-01   0.0000000e+00   5.2889036e-01   4.7110964e-01
   6.8670348e-01   0.0000000e+00   5.2885314e-01   4.7114686e-01
   6.8670374e-01   0.0000000e+00   5.2959758e-01   4.7040242e-01
   6.8670378e-01   0.0000000e+00   5.2681520e-01   4.7318480e-01
   6.8670389e-01   0.0000000e+00   5.2884022e-01   4.7115978e-01
   6.8670421e-01   0.0000000e+00   5.2821777e-01   4.7178223e-01
   6.8670449e-01   0.0000000e+00   5.2899785e-01   4.7100215e-01
   6.8670492e-01   0.0000000e+00   5.2778568e-01   4.7221432e-01
   6.8670610e-01   0.0000000e+00   5.2900491e-01   4.7099509e-01
   6.8670615e-01   0.0000000e+00   5.2850588e-01   4.7149412e-01
   6.8670669e-01   0.0000000e+00   5.2888402e-01   4.7111598e-01
   6.8670673e-01   0.0000000e+00   5.2953954e-01   4.7046046e-01
   6.8670684e-01   0.0000000e+00   5.2795009e-01   4.7204991e-01
   6.8670695e-01   0.0000000e+00   5.2898598e-01   4.7101402e-01
   6.8670723e-01   0.0000000e+00   5.2879447e-01   4.7120553e-01
   6.8670761e-01   0.0000000e+00   5.2918970e-01   4.7081030e-01
   6.8670762e-01   0.0000000e+00   5.2997862e-01   4.7002138e-01
   6.8670776e-01   0.0000000e+00   5.2853716e-01   4.7146284e-01
   6.8670808e-01   0.0000000e+00   5.2961854e-01   4.7038146e-01
   6.8670809e-01   0.0000000e+00   5.2901774e-01   4.7098226e-01
   6.8670880e-01   0.0000000e+00   5.2889516e-01   4.7110484e-01
   6.8670894e-01   0.0000000e+00   5.2887933e-01   4.7112067e-01
   6.8670899e-01   0.0000000e+00   5.2890419e-01   4.7109581e-01
   6.8670930e-01   0.0000000e+00   5.2774426e-01   4.7225574e-01
   6.8670946e-01   0.0000000e+00   5.2766854e-01   4.7233146e-01
   6.8670947e-01   0.0000000e+00   5.2964185e-01   4.7035815e-01
   6.8670951e-01   0.0000000e+00   5.2842414e-01   4.7157586e-01
   6.8670984e-01   0.0000000e+00   5.2895130e-01   4.7104870e-01
   6.8671002e-01   0.0000000e+00   5.2883693e-01   4.7116307e-01
   6.8671025e-01   0.0000000e+00   5.2797723e-01   4.7202277e-01
   6.8671044e-01   0.0000000e+00   5.2926008e-01   4.7073992e-01
   6.8671078e-01   0.0000000e+00   5.2976564e-01   4.7023436e-01
   6.8671131e-01   0.0000000e+00   5.2889059e-01   4.7110941e-01
   6.8671133e-01   0.0000000e+00   5.2952597e-01   4.7047403e-01
   6.8671151e-01   0.0000000e+00   5.2664343e-01   4.7335657e-01
   6.8671160e-01   0.0000000e+00   5.2930640e-01   4.7069360e-01
   6.8671163e-01   0.0000000e+00   5.2787117e-01   4.7212883e-01
   6.8671313e-01   0.0000000e+00   5.3121294e-01   4.6878706e-01
   6.8671360e-01   0.0000000e+00   5.2958013e-01   4.7041987e-01
   6.8671390e-01   0.0000000e+00   5.2921677e-01   4.7078323e-01
   6.8671397e-01   0.0000000e+00   5.2922387e-01   4.7077613e-01
   6.8671453e-01   0.0000000e+00   5.3013861e-01   4.6986139e-01
   6.8671464e-01   0.0000000e+00   5.3040444e-01   4.6959556e-01
   6.8671481e-01   0.0000000e+00   5.2874896e-01   4.7125104e-01
   6.8671492e-01   0.0000000e+00   5.2902072e-01   4.7097928e-01
   6.8671549e-01   0.0000000e+00   5.2997047e-01   4.7002953e-01
   6.8671562e-01   0.0000000e+00   5.2940804e-01   4.7059196e-01
   6.8671564e-01   0.0000000e+00   5.3141452e-01   4.6858548e-01
   6.8671578e-01   0.0000000e+00   5.3043567e-01   4.6956433e-01
   6.8671590e-01   0.0000000e+00   5.2889593e-01   4.7110407e-01
   6.8671606e-01   0.0000000e+00   5.2902767e-01   4.7097233e-01
   6.8671640e-01   0.0000000e+00   5.2926417e-01   4.7073583e-01
   6.8671706e-01   0.0000000e+00   5.3070468e-01   4.6929532e-01
   6.8671719e-01   0.0000000e+00   5.3125175e-01   4.6874825e-01
   6.8671746e-01   0.0000000e+00   5.2860370e-01   4.7139630e-01
   6.8671747e-01   0.0000000e+00   5.2869504e-01   4.7130496e-01
   6.8671764e-01   0.0000000e+00   5.2887759e-01   4.7112241e-01
   6.8671811e-01   0.0000000e+00   5.2927543e-01   4.7072457e-01
   6.8671814e-01   0.0000000e+00   5.2659407e-01   4.7340593e-01
   6.8671821e-01   0.0000000e+00   5.2716687e-01   4.7283313e-01
   6.8671828e-01   0.0000000e+00   5.2979106e-01   4.7020894e-01
   6.8671829e-01   0.0000000e+00   5.2921997e-01   4.7078003e-01
   6.8671854e-01   0.0000000e+00   5.2798233e-01   4.7201767e-01
   6.8671938e-01   0.0000000e+00   5.2963687e-01   4.7036313e-01
   6.8671983e-01   0.0000000e+00   5.2920577e-01   4.7079423e-01
   6.8672030e-01   0.0000000e+00   5.2959531e-01   4.7040469e-01
   6.8672080e-01   0.0000000e+00   5.2913774e-01   4.7086226e-01
   6.8672101e-01   0.0000000e+00   5.2903410e-01   4.7096590e-01
   6.8672208e-01   0.0000000e+00   5.3038970e-01   4.6961030e-01
   6.8672244e-01   0.0000000e+00   5.2900245e-01   4.7099755e-01
   6.8672330e-01   0.0000000e+00   5.3119278e-01   4.6880722e-01
   6.8672408e-01   0.0000000e+00   5.2837858e-01   4.7162142e-01
   6.8672410e-01   0.0000000e+00   5.2861143e-01   4.7138857e-01
   6.8672415e-01   0.0000000e+00   5.3034582e-01   4.6965418e-01
   6.8672470e-01   0.0000000e+00   5.2918399e-01   4.7081601e-01
   6.8672497e-01   0.0000000e+00   5.2914157e-01   4.7085843e-01
   6.8672601e-01   0.0000000e+00   5.3025880e-01   4.6974120e-01
   6.8672677e-01   0.0000000e+00   5.2792097e-01   4.7207903e-01
   6.8672722e-01   0.0000000e+00   5.2924982e-01   4.7075018e-01
   6.8672777e-01   0.0000000e+00   5.3005497e-01   4.6994503e-01
   6.8672782e-01   0.0000000e+00   5.2968608e-01   4.7031392e-01
   6.8672803e-01   0.0000000e+00   5.2892317e-01   4.7107683e-01
   6.8672919e-01   0.0000000e+00   5.2615714e-01   4.7384286e-01
   6.8672945e-01   0.0000000e+00   5.2715350e-01   4.7284650e-01
   6.8672999e-01   0.0000000e+00   5.3107007e-01   4.6892993e-01
   6.8673027e-01   0.0000000e+00   5.2956512e-01   4.7043488e-01
   6.8673051e-01   0.0000000e+00   5.2841304e-01   4.7158696e-01
   6.8673067e-01   0.0000000e+00   5.2920539e-01   4.7079461e-01
   6.8673124e-01   0.0000000e+00   5.2905641e-01   4.7094359e-01
   6.8673129e-01   0.0000000e+00   5.2980496e-01   4.7019504e-01
   6.8673193e-01   0.0000000e+00   5.2925064e-01   4.7074936e-01
   6.8673290e-01   0.0000000e+00   5.2782215e-01   4.7217785e-01
   6.8673356e-01   0.0000000e+00   5.2982848e-01   4.7017152e-01
   6.8673366e-01   0.0000000e+00   5.3142409e-01   4.6857591e-01
   6.8673380e-01   0.0000000e+00   5.2872198e-01   4.7127802e-01
   6.8673424e-01   0.0000000e+00   5.2982279e-01   4.7017721e-01
   6.8673508e-01   0.0000000e+00   5.2707965e-01   4.7292035e-01
   6.8673514e-01   0.0000000e+00   5.2922913e-01   4.7077087e-01
   6.8673558e-01   0.0000000e+00   5.2932674e-01   4.7067326e-01
   6.8673577e-01   0.0000000e+00   5.2736264e-01   4.7263736e-01
   6.8673597e-01   0.0000000e+00   5.3213487e-01   4.6786513e-01
   6.8673651e-01   0.0000000e+00   5.3008090e-01   4.6991910e-01
   6.8673660e-01   0.0000000e+00   5.2790750e-01   4.7209250e-01
   6.8673730e-01   0.0000000e+00   5.2953735e-01   4.7046265e-01
   6.8673906e-01   0.0000000e+00   5.3009354e-01   4.6990646e-01
   6.8674018e-01   0.0000000e+00   5.2904085e-01   4.7095915e-01
   6.8674063e-01   0.0000000e+00   5.2996869e-01   4.7003131e-01
   6.8674213e-01   0.0000000e+00   5.2515408e-01   4.7484592e-01
   6.8674395e-01   0.0000000e+00   5.3109986e-01   4.6890014e-01
   6.8674484e-01   0.0000000e+00   5.2689152e-01   4.7310848e-01
   6.8674504e-01   0.0000000e+00   5.2960524e-01   4.7039476e-01
   6.8674535e-01   0.0000000e+00   5.2949599e-01   4.7050401e-01
   6.8674598e-01   0.0000000e+00   5.2734316e-01   4.7265684e-01
   6.8674628e-01   0.0000000e+00   5.2974640e-01   4.7025360e-01
   6.8674639e-01   0.0000000e+00   5.2906929e-01   4.7093071e-01
   6.8674735e-01   0.0000000e+00   5.2856653e-01   4.7143347e-01
   6.8674748e-01   0.0000000e+00   5.3071953e-01   4.6928047e-01
   6.8674847e-01   0.0000000e+00   5.2927118e-01   4.7072882e-01
   6.8674855e-01   0.0000000e+00   5.3100778e-01   4.6899222e-01
   6.8674863e-01   0.0000000e+00   5.2992457e-01   4.7007543e-01
   6.8674901e-01   0.0000000e+00   5.2879022e-01   4.7120978e-01
   6.8674954e-01   0.0000000e+00   5.2916012e-01   4.7083988e-01
   6.8674971e-01   0.0000000e+00   5.3049465e-01   4.6950535e-01
   6.8674987e-01   0.0000000e+00   5.2829837e-01   4.7170163e-01
   6.8674996e-01   0.0000000e+00   5.2937931e-01   4.7062069e-01
   6.8675154e-01   0.0000000e+00   5.2899217e-01   4.7100783e-01
   6.8675219e-01   0.0000000e+00   5.2752136e-01   4.7247864e-01
   6.8675274e-01   0.0000000e+00   5.2819940e-01   4.7180060e-01
   6.8675624e-01   0.0000000e+00   5.3200897e-01   4.6799103e-01
   6.8675688e-01   0.0000000e+00   5.3343524e-01   4.6656476e-01
   6.8675689e-01   0.0000000e+00   5.2884378e-01   4.7115622e-01
   6.8675725e-01   0.0000000e+00   5.2397544e-01   4.7602456e-01
   6.8675810e-01   0.0000000e+00   5.2899285e-01   4.7100715e-01
   6.8675855e-01   0.0000000e+00   5.2888714e-01   4.7111286e-01
   6.8675981e-01   0.0000000e+00   5.2957171e-01   4.7042829e-01
   6.8676054e-01   0.0000000e+00   5.2625911e-01   4.7374089e-01
   6.8676100e-01   0.0000000e+00   5.3228574e-01   4.6771426e-01
   6.8676155e-01   0.0000000e+00   5.3007071e-01   4.6992929e-01
   6.8676379e-01   0.0000000e+00   5.3095415e-01   4.6904585e-01
   6.8676428e-01   0.0000000e+00   5.2971319e-01   4.7028681e-01
   6.8676456e-01   0.0000000e+00   5.2944185e-01   4.7055815e-01
   6.8676664e-01   0.0000000e+00   5.2904373e-01   4.7095627e-01
   6.8676691e-01   0.0000000e+00   5.2997195e-01   4.7002805e-01
   6.8676728e-01   0.0000000e+00   5.2907077e-01   4.7092923e-01
   6.8676864e-01   0.0000000e+00   5.2914333e-01   4.7085667e-01
   6.8677066e-01   0.0000000e+00   5.2623531e-01   4.7376469e-01
   6.8677096e-01   0.0000000e+00   5.2986053e-01   4.7013947e-01
   6.8677233e-01   0.0000000e+00   5.3301300e-01   4.6698700e-01
   6.8677289e-01   0.0000000e+00   5.2821945e-01   4.7178055e-01
   6.8677314e-01   0.0000000e+00   5.3027240e-01   4.6972760e-01
   6.8677499e-01   0.0000000e+00   5.2862354e-01   4.7137646e-01
   6.8677518e-01   0.0000000e+00   5.3030443e-01   4.6969557e-01
   6.8677627e-01   0.0000000e+00   5.3107018e-01   4.6892982e-01
   6.8677774e-01   0.0000000e+00   5.2723092e-01   4.7276908e-01
   6.8677833e-01   0.0000000e+00   5.3138288e-01   4.6861712e-01
   6.8677866e-01   0.0000000e+00   5.2992172e-01   4.7007828e-01
   6.8677867e-01   0.0000000e+00   5.3158256e-01   4.6841744e-01
   6.8677949e-01   0.0000000e+00   5.3012432e-01   4.6987568e-01
   6.8678080e-01   0.0000000e+00   5.2973520e-01   4.7026480e-01
   6.8678200e-01   0.0000000e+00   5.2927701e-01   4.7072299e-01
   6.8678224e-01   0.0000000e+00   5.2894818e-01   4.7105182e-01
   6.8678269e-01   0.0000000e+00   5.2840114e-01   4.7159886e-01
   6.8678387e-01   0.0000000e+00   5.2947491e-01   4.7052509e-01
   6.8678431e-01   0.0000000e+00   5.2723752e-01   4.7276248e-01
   6.8678463e-01   0.0000000e+00   5.2990232e-01   4.7009768e-01
   6.8678487e-01   0.0000000e+00   5.3151719e-01   4.6848281e-01
   6.8678773e-01   0.0000000e+00   5.2861264e-01   4.7138736e-01
   6.8678864e-01   0.0000000e+00   5.2933535e-01   4.7066465e-01
   6.8679020e-01   0.0000000e+00   5.3090780e-01   4.6909220e-01
   6.8679051e-01   0.0000000e+00   5.2981158e-01   4.7018842e-01
   6.8679094e-01   0.0000000e+00   5.2890639e-01   4.7109361e-01
   6.8679230e-01   0.0000000e+00   5.3277258e-01   4.6722742e-01
   6.8679413e-01   0.0000000e+00   5.3000777e-01   4.6999223e-01
   6.8679467e-01   0.0000000e+00   5.2964583e-01   4.7035417e-01
   6.8679528e-01   0.0000000e+00   5.3103001e-01   4.6896999e-01
   6.8679659e-01   0.0000000e+00   5.3235090e-01   4.6764910e-01
   6.8679674e-01   0.0000000e+00   5.2592957e-01   4.7407043e-01
   6.8679830e-01   0.0000000e+00   5.2984585e-01   4.7015415e-01
   6.8679940e-01   0.0000000e+00   5.2333526e-01   4.7666474e-01
   6.8679945e-01   0.0000000e+00   5.2760465e-01   4.7239535e-01
   6.8679972e-01   0.0000000e+00   5.3212549e-01   4.6787451e-01
   6.8680054e-01   0.0000000e+00   5.2658787e-01   4.7341213e-01
   6.8680308e-01   0.0000000e+00   5.3139350e-01   4.6860650e-01
   6.8680357e-01   0.0000000e+00   5.2550005e-01   4.7449995e-01
   6.8680486e-01   0.0000000e+00   5.2671084e-01   4.7328916e-01
   6.8680539e-01   0.0000000e+00   5.2959413e-01   4.7040587e-01
   6.8680557e-01   0.0000000e+00   5.3066870e-01   4.6933130e-01
   6.8680600e-01   0.0000000e+00   5.3055073e-01   4.6944927e-01
   6.8680824e-01   0.0000000e+00   5.2679174e-01   4.7320826e-01
   6.8680877e-01   0.0000000e+00   5.3349802e-01   4.6650198e-01
   6.8680965e-01   0.0000000e+00   5.3085886e-01   4.6914114e-01
   6.8680990e-01   0.0000000e+00   5.3173973e-01   4.6826027e-01
   6.8681120e-01   0.0000000e+00   5.2718551e-01   4.7281449e-01
   6.8681213e-01   0.0000000e+00   5.2769747e-01   4.7230253e-01
   6.8681295e-01   0.0000000e+00   5.2907092e-01   4.7092908e-01
   6.8681329e-01   0.0000000e+00   5.3021439e-01   4.6978561e-01
   6.8681341e-01   0.0000000e+00   5.2480651e-01   4.7519349e-01
   6.8681403e-01   0.0000000e+00   5.3013089e-01   4.6986911e-01
   6.8681654e-01   0.0000000e+00   5.2925653e-01   4.7074347e-01
   6.8682148e-01   0.0000000e+00   5.2886274e-01   4.7113726e-01
   6.8682256e-01   0.0000000e+00   5.2929031e-01   4.7070969e-01
   6.8682337e-01   0.0000000e+00   5.2624300e-01   4.7375700e-01
   6.8682345e-01   0.0000000e+00   5.2916471e-01   4.7083529e-01
   6.8682389e-01   0.0000000e+00   5.2377328e-01   4.7622672e-01
   6.8682432e-01   0.0000000e+00   5.2595612e-01   4.7404388e-01
   6.8682661e-01   0.0000000e+00   5.2503932e-01   4.7496068e-01
   6.8682769e-01   0.0000000e+00   5.2942093e-01   4.7057907e-01
   6.8682802e-01   0.0000000e+00   5.3477878e-01   4.6522122e-01
   6.8682983e-01   0.0000000e+00   5.3352870e-01   4.6647130e-01
   6.8683126e-01   0.0000000e+00   5.3388880e-01   4.6611120e-01
   6.8683146e-01   0.0000000e+00   5.3493169e-01   4.6506831e-01
   6.8683268e-01   0.0000000e+00   5.2797356e-01   4.7202644e-01
   6.8683294e-01   0.0000000e+00   5.2773713e-01   4.7226287e-01
   6.8683300e-01   0.0000000e+00   5.3000715e-01   4.6999285e-01
   6.8683470e-01   0.0000000e+00   5.2696404e-01   4.7303596e-01
   6.8683660e-01   0.0000000e+00   5.2806207e-01   4.7193793e-01
   6.8683921e-01   0.0000000e+00   5.3285865e-01   4.6714135e-01
   6.8683961e-01   0.0000000e+00   5.2921116e-01   4.7078884e-01
   6.8684074e-01   0.0000000e+00   5.3452576e-01   4.6547424e-01
   6.8684101e-01   0.0000000e+00   5.3102991e-01   4.6897009e-01
   6.8684122e-01   0.0000000e+00   5.3178409e-01   4.6821591e-01
   6.8684667e-01   0.0000000e+00   5.2968483e-01   4.7031517e-01
   6.8685082e-01   0.0000000e+00   5.2405693e-01   4.7594307e-01
   6.8685264e-01   0.0000000e+00   5.3285298e-01   4.6714702e-01
   6.8685499e-01   0.0000000e+00   5.2399217e-01   4.7600783e-01
   6.8685984e-01   0.0000000e+00   5.2674682e-01   4.7325318e-01
   6.8686455e-01   0.0000000e+00   5.2813090e-01   4.7186910e-01
   6.8687575e-01   0.0000000e+00   5.3010741e-01   4.6989259e-01
   6.8688201e-01   0.0000000e+00   5.2968482e-01   4.7031518e-01
   6.8688323e-01   0.0000000e+00   5.3510322e-01   4.6489678e-01
   6.8688581e-01   0.0000000e+00   5.3130977e-01   4.6869023e-01
   6.8688591e-01   0.0000000e+00   5.2762403e-01   4.7237597e-01
   6.8688723e-01   0.0000000e+00   5.2751834e-01   4.7248166e-01
   6.8688759e-01   0.0000000e+00   5.2735853e-01   4.7264147e-01
   6.8688989e-01   0.0000000e+00   5.3129300e-01   4.6870700e-01
   6.8689188e-01   0.0000000e+00   5.3019146e-01   4.6980854e-01
   6.8689234e-01   0.0000000e+00   5.2854489e-01   4.7145511e-01
   6.8689250e-01   0.0000000e+00   5.2485249e-01   4.7514751e-01
   6.8689574e-01   0.0000000e+00   5.2598377e-01   4.7401623e-01
   6.8689946e-01   0.0000000e+00   5.2455546e-01   4.7544454e-01
   6.8690327e-01   0.0000000e+00   5.3030863e-01   4.6969137e-01
   6.8690551e-01   0.0000000e+00   5.3251146e-01   4.6748854e-01
   6.8690666e-01   0.0000000e+00   5.2831021e-01   4.7168979e-01
   6.8690729e-01   0.0000000e+00   5.2864051e-01   4.7135949e-01
   6.8690855e-01   0.0000000e+00   5.3478793e-01   4.6521207e-01
   6.8690911e-01   0.0000000e+00   5.2798136e-01   4.7201864e-01
   6.8691075e-01   0.0000000e+00   5.3025869e-01   4.6974131e-01
   6.8691091e-01   0.0000000e+00   5.3756959e-01   4.6243041e-01
   6.8691348e-01   0.0000000e+00   5.2662131e-01   4.7337869e-01
   6.8691667e-01   0.0000000e+00   5.3049364e-01   4.6950636e-01
   6.8692143e-01   0.0000000e+00   5.3623656e-01   4.6376344e-01
   6.8692319e-01   0.0000000e+00   5.2997697e-01   4.7002303e-01
   6.8692577e-01   0.0000000e+00   5.2413201e-01   4.7586799e-01
   6.8693484e-01   0.0000000e+00   5.2503486e-01   4.7496514e-01
   6.8693625e-01   0.0000000e+00   5.2777201e-01   4.7222799e-01
   6.8693965e-01   0.0000000e+00   5.2508860e-01   4.7491140e-01
   6.8694040e-01   0.0000000e+00   5.2713758e-01   4.7286242e-01
   6.8694092e-01   0.0000000e+00   5.3393171e-01   4.6606829e-01
   6.8694218e-01   0.0000000e+00   5.2986575e-01   4.7013425e-01
   6.8694548e-01   0.0000000e+00   5.3109740e-01   4.6890260e-01
   6.8694680e-01   0.0000000e+00   5.2539524e-01   4.7460476e-01
   6.8694896e-01   0.0000000e+00   5.2816717e-01   4.7183283e-01
   6.8695163e-01   0.0000000e+00   5.2508339e-01   4.7491661e-01
   6.8695412e-01   0.0000000e+00   5.2381168e-01   4.7618832e-01
   6.8695896e-01   0.0000000e+00   5.2524499e-01   4.7475501e-01
   6.8696406e-01   0.0000000e+00   5.2881673e-01   4.7118327e-01
   6.8697110e-01   0.0000000e+00   5.2656302e-01   4.7343698e-01
   6.8698682e-01   0.0000000e+00   5.2229127e-01   4.7770873e-01
   6.8698805e-01   0.0000000e+00   5.2656933e-01   4.7343067e-01
   6.8698883e-01   0.0000000e+00   5.2948136e-01   4.7051864e-01
   6.8699114e-01   0.0000000e+00   5.2489442e-01   4.7510558e-01
   6.8699219e-01   0.0000000e+00   5.2568657e-01   4.7431343e-01
   6.8699250e-01   0.0000000e+00   5.2867924e-01   4.7132076e-01
   6.8699563e-01   0.0000000e+00   5.2675099e-01   4.7324901e-01
   6.8701768e-01   0.0000000e+00   5.2733181e-01   4.7266819e-01
   6.8701926e-01   0.0000000e+00   5.2410423e-01   4.7589577e-01
   6.8702207e-01   0.0000000e+00   5.3019022e-01   4.6980978e-01
   6.8702737e-01   0.0000000e+00   5.2574372e-01   4.7425628e-01
   6.8702759e-01   0.0000000e+00   5.2006997e-01   4.7993003e-01
   6.8703973e-01   0.0000000e+00   5.3592126e-01   4.6407874e-01
   6.8704752e-01   0.0000000e+00   5.2039224e-01   4.7960776e-01
   6.8705494e-01   0.0000000e+00   5.2282906e-01   4.7717094e-01
   6.8705750e-01   0.0000000e+00   5.3214378e-01   4.6785622e-01
   6.8706190e-01   0.0000000e+00   5.2592820e-01   4.7407180e-01
   6.8706200e-01   0.0000000e+00   5.2960750e-01   4.7039250e-01
   6.8707453e-01   0.0000000e+00   5.2277822e-01   4.7722178e-01
   6.8707482e-01   0.0000000e+00   5.2655603e-01   4.7344397e-01
   6.8707913e-01   0.0000000e+00   5.3322041e-01   4.6677959e-01
   6.8708387e-01   0.0000000e+00   5.1949218e-01   4.8050782e-01
   6.8708504e-01   0.0000000e+00   5.2326416e-01   4.7673584e-01
   6.8708908e-01   0.0000000e+00   5.2182939e-01   4.7817061e-01
   6.8708924e-01   0.0000000e+00   5.3631254e-01   4.6368746e-01
   6.8708973e-01   0.0000000e+00   5.3014668e-01   4.6985332e-01
   6.8709195e-01   0.0000000e+00   5.2434877e-01   4.7565123e-01
   6.8710821e-01   0.0000000e+00   5.3091597e-01   4.6908403e-01
   6.8711704e-01   0.0000000e+00   5.3576783e-01   4.6423217e-01
   6.8712658e-01   0.0000000e+00   5.3199814e-01   4.6800186e-01
   6.8713128e-01   0.0000000e+00   5.2109117e-01   4.7890883e-01
   6.8713329e-01   0.0000000e+00   5.1859302e-01   4.8140698e-01
   6.8713333e-01   0.0000000e+00   5.2660374e-01   4.7339626e-01
   6.8715294e-01   0.0000000e+00   5.2193082e-01   4.7806918e-01
   6.8715644e-01   0.0000000e+00   5.2228922e-01   4.7771078e-01
   6.8715947e-01   0.0000000e+00   5.3045026e-01   4.6954974e-01
   6.8716850e-01   0.0000000e+00   5.1905028e-01   4.8094972e-01
   6.8717011e-01   0.0000000e+00   5.2227494e-01   4.7772506e-01
   6.8717733e-01   0.0000000e+00   5.3405480e-01   4.6594520e-01
   6.8717838e-01   0.0000000e+00   5.2459778e-01   4.7540222e-01
   6.8718123e-01   0.0000000e+00   5.2315327e-01   4.7684673e-01
   6.8718384e-01   0.0000000e+00   5.1898107e-01   4.8101893e-01
   6.8718413e-01   0.0000000e+00   5.1614058e-01   4.8385942e-01
   6.8719939e-01   0.0000000e+00   5.1815784e-01   4.8184216e-01
   6.8720213e-01   0.0000000e+00   5.2790138e-01   4.7209862e-01
   6.8721103e-01   0.0000000e+00   5.3703627e-01   4.6296373e-01
   6.8721133e-01   0.0000000e+00   5.1873184e-01   4.8126816e-01
   6.8721399e-01   0.0000000e+00   5.2556165e-01   4.7443835e-01
   6.8723441e-01   0.0000000e+00   5.1978047e-01   4.8021953e-01
   6.8723609e-01   0.0000000e+00   5.2864673e-01   4.7135327e-01
   6.8725019e-01   0.0000000e+00   5.2194695e-01   4.7805305e-01
   6.8725667e-01   0.0000000e+00   5.1921152e-01   4.8078848e-01
   6.8726008e-01   0.0000000e+00   5.1718619e-01   4.8281381e-01
   6.8726303e-01   0.0000000e+00   5.2220104e-01   4.7779896e-01
   6.8728059e-01   0.0000000e+00   5.1917489e-01   4.8082511e-01
   6.8729133e-01   0.0000000e+00   5.3115480e-01   4.6884520e-01
   6.8729962e-01   0.0000000e+00   5.2175750e-01   4.7824250e-01
   6.8729983e-01   0.0000000e+00   5.1885456e-01   4.8114544e-01
   6.8730762e-01   0.0000000e+00   5.1752931e-01   4.8247069e-01
   6.8731542e-01   0.0000000e+00   5.1727371e-01   4.8272629e-01
   6.8735154e-01   0.0000000e+00   5.1353227e-01   4.8646773e-01
   6.8735301e-01   0.0000000e+00   5.2195501e-01   4.7804499e-01
   6.8737166e-01   0.0000000e+00   5.2482357e-01   4.7517643e-01
   6.8737865e-01   0.0000000e+00   5.1958344e-01   4.8041656e-01
   6.8738064e-01   0.0000000e+00   5.1810151e-01   4.8189849e-01
   6.8738179e-01   0.0000000e+00   5.2057856e-01   4.7942144e-01
   6.8738349e-01   0.0000000e+00   5.1870219e-01   4.8129781e-01
   6.8738612e-01   0.0000000e+00   5.1715251e-01   4.8284749e-01
   6.8739101e-01   0.0000000e+00   5.1616873e-01   4.8383127e-01
   6.8739136e-01   0.0000000e+00   5.2086969e-01   4.7913031e-01
   6.8739205e-01   0.0000000e+00   5.2159447e-01   4.7840553e-01
   6.8739960e-01   0.0000000e+00   5.1710609e-01   4.8289391e-01
   6.8739983e-01   0.0000000e+00   5.1767265e-01   4.8232735e-01
   6.8740536e-01   0.0000000e+00   5.1756253e-01   4.8243747e-01
   6.8740936e-01   0.0000000e+00   5.1611933e-01   4.8388067e-01
   6.8741862e-01   0.0000000e+00   5.1906397e-01   4.8093603e-01
   6.8742691e-01   0.0000000e+00   5.1675367e-01   4.8324633e-01
   6.8743045e-01   0.0000000e+00   5.1697806e-01   4.8302194e-01
   6.8745733e-01   0.0000000e+00   5.1384751e-01   4.8615249e-01
   6.8747649e-01   0.0000000e+00   5.1599278e-01   4.8400722e-01
   6.8747974e-01   0.0000000e+00   5.1992460e-01   4.8007540e-01
   6.8748704e-01   0.0000000e+00   5.1961810e-01   4.8038190e-01
   6.8749029e-01   0.0000000e+00   5.1537840e-01   4.8462160e-01
   6.8749118e-01   0.0000000e+00   5.1779850e-01   4.8220150e-01
   6.8749813e-01   0.0000000e+00   5.1945600e-01   4.8054400e-01
   6.8749991e-01   0.0000000e+00   5.1846681e-01   4.8153319e-01
   6.8750391e-01   0.0000000e+00   5.1857438e-01   4.8142562e-01
   6.8750551e-01   0.0000000e+00   5.2074502e-01   4.7925498e-01
   6.8750732e-01   0.0000000e+00   5.1978274e-01   4.8021726e-01
   6.8751294e-01   0.0000000e+00   5.1908192e-01   4.8091808e-01
   6.8752098e-01   0.0000000e+00   5.2241990e-01   4.7758010e-01
   6.8752465e-01   0.0000000e+00   5.1711020e-01   4.8288980e-01
   6.8752496e-01   0.0000000e+00   5.1374101e-01   4.8625899e-01
   6.8752956e-01   0.0000000e+00   5.2111954e-01   4.7888046e-01
   6.8754860e-01   0.0000000e+00   5.1584587e-01   4.8415413e-01
   6.8754904e-01   0.0000000e+00   5.2335545e-01   4.7664455e-01
   6.8755169e-01   0.0000000e+00   5.1873901e-01   4.8126099e-01
   6.8755259e-01   0.0000000e+00   5.1776988e-01   4.8223012e-01
   6.8755825e-01   0.0000000e+00   5.1929471e-01   4.8070529e-01
   6.8756257e-01   0.0000000e+00   5.1322227e-01   4.8677773e-01
   6.8756370e-01   0.0000000e+00   5.1655335e-01   4.8344665e-01
   6.8757430e-01   0.0000000e+00   5.2054905e-01   4.7945095e-01
   6.8757497e-01   0.0000000e+00   5.2317661e-01   4.7682339e-01
   6.8757803e-01   0.0000000e+00   5.2392912e-01   4.7607088e-01
   6.8758336e-01   0.0000000e+00   5.2110835e-01   4.7889165e-01
   6.8758407e-01   0.0000000e+00   5.1842636e-01   4.8157364e-01
   6.8758640e-01   0.0000000e+00   5.1474720e-01   4.8525280e-01
   6.8758907e-01   0.0000000e+00   5.1940818e-01   4.8059182e-01
   6.8759397e-01   0.0000000e+00   5.2315909e-01   4.7684091e-01
   6.8759470e-01   0.0000000e+00   5.2011140e-01   4.7988860e-01
   6.8759526e-01   0.0000000e+00   5.1745914e-01   4.8254086e-01
   6.8759534e-01   0.0000000e+00   5.1694261e-01   4.8305739e-01
   6.8760257e-01   0.0000000e+00   5.2024195e-01   4.7975805e-01
   6.8760299e-01   0.0000000e+00   5.2244109e-01   4.7755891e-01
   6.8760397e-01   0.0000000e+00   5.1530648e-01   4.8469352e-01
   6.8761070e-01   0.0000000e+00   5.2130451e-01   4.7869549e-01
   6.8761420e-01   0.0000000e+00   5.1581209e-01   4.8418791e-01
   6.8761815e-01   0.0000000e+00   5.1214970e-01   4.8785030e-01
   6.8761874e-01   0.0000000e+00   5.2083475e-01   4.7916525e-01
   6.8762850e-01   0.0000000e+00   5.1927992e-01   4.8072008e-01
   6.8763065e-01   0.0000000e+00   5.2186316e-01   4.7813684e-01
   6.8763360e-01   0.0000000e+00   5.1819115e-01   4.8180885e-01
   6.8763645e-01   0.0000000e+00   5.1455655e-01   4.8544345e-01
   6.8763743e-01   0.0000000e+00   5.2607441e-01   4.7392559e-01
   6.8764036e-01   0.0000000e+00   5.2417274e-01   4.7582726e-01
   6.8764148e-01   0.0000000e+00   5.1652664e-01   4.8347336e-01
   6.8764571e-01   0.0000000e+00   5.2445631e-01   4.7554369e-01
   6.8765166e-01   0.0000000e+00   5.2156588e-01   4.7843412e-01
   6.8765847e-01   0.0000000e+00   5.2017324e-01   4.7982676e-01
   6.8767064e-01   0.0000000e+00   5.1843436e-01   4.8156564e-01
   6.8767066e-01   0.0000000e+00   5.2286590e-01   4.7713410e-01
   6.8767150e-01   0.0000000e+00   5.1817045e-01   4.8182955e-01
   6.8767373e-01   0.0000000e+00   5.2289422e-01   4.7710578e-01
   6.8767560e-01   0.0000000e+00   5.2331320e-01   4.7668680e-01
   6.8768273e-01   0.0000000e+00   5.2691000e-01   4.7309000e-01
   6.8768590e-01   0.0000000e+00   5.1518285e-01   4.8481715e-01
   6.8770424e-01   0.0000000e+00   5.1675794e-01   4.8324206e-01
   6.8770751e-01   0.0000000e+00   5.1283294e-01   4.8716706e-01
   6.8770940e-01   0.0000000e+00   5.2292590e-01   4.7707410e-01
   6.8770950e-01   0.0000000e+00   5.2060231e-01   4.7939769e-01
   6.8770978e-01   0.0000000e+00   5.2402128e-01   4.7597872e-01
   6.8770999e-01   0.0000000e+00   5.2101115e-01   4.7898885e-01
   6.8771234e-01   0.0000000e+00   5.1857979e-01   4.8142021e-01
   6.8771451e-01   0.0000000e+00   5.2283813e-01   4.7716187e-01
   6.8771678e-01   0.0000000e+00   5.2248647e-01   4.7751353e-01
   6.8772093e-01   0.0000000e+00   5.1938333e-01   4.8061667e-01
   6.8772819e-01   0.0000000e+00   5.1516388e-01   4.8483612e-01
   6.8772878e-01   0.0000000e+00   5.1700849e-01   4.8299151e-01
   6.8772892e-01   0.0000000e+00   5.2040498e-01   4.7959502e-01
   6.8773135e-01   0.0000000e+00   5.2395463e-01   4.7604537e-01
   6.8773992e-01   0.0000000e+00   5.1935028e-01   4.8064972e-01
   6.8774004e-01   0.0000000e+00   5.1528719e-01   4.8471281e-01
   6.8774400e-01   0.0000000e+00   5.1522736e-01   4.8477264e-01
   6.8774662e-01   0.0000000e+00   5.1771366e-01   4.8228634e-01
   6.8775120e-01   0.0000000e+00   5.2360789e-01   4.7639211e-01
   6.8775223e-01   0.0000000e+00   5.2124318e-01   4.7875682e-01
   6.8775516e-01   0.0000000e+00   5.1489773e-01   4.8510227e-01
   6.8775615e-01   0.0000000e+00   5.2367265e-01   4.7632735e-01
   6.8775723e-01   0.0000000e+00   5.1994741e-01   4.8005259e-01
   6.8776616e-01   0.0000000e+00   5.2564082e-01   4.7435918e-01
   6.8776823e-01   0.0000000e+00   5.1551570e-01   4.8448430e-01
   6.8776839e-01   0.0000000e+00   5.2069544e-01   4.7930456e-01
   6.8776908e-01   0.0000000e+00   5.2414728e-01   4.7585272e-01
   6.8777147e-01   0.0000000e+00   5.1799467e-01   4.8200533e-01
   6.8777339e-01   0.0000000e+00   5.2146576e-01   4.7853424e-01
   6.8777962e-01   0.0000000e+00   5.2417254e-01   4.7582746e-01
   6.8778039e-01   0.0000000e+00   5.2199833e-01   4.7800167e-01
   6.8778280e-01   0.0000000e+00   5.1801714e-01   4.8198286e-01
   6.8778586e-01   0.0000000e+00   5.2299003e-01   4.7700997e-01
   6.8778614e-01   0.0000000e+00   5.2089066e-01   4.7910934e-01
   6.8778675e-01   0.0000000e+00   5.1502739e-01   4.8497261e-01
   6.8779020e-01   0.0000000e+00   5.1298100e-01   4.8701900e-01
   6.8779607e-01   0.0000000e+00   5.1916390e-01   4.8083610e-01
   6.8779620e-01   0.0000000e+00   5.2575287e-01   4.7424713e-01
   6.8779715e-01   0.0000000e+00   5.1974516e-01   4.8025484e-01
   6.8779892e-01   0.0000000e+00   5.1130108e-01   4.8869892e-01
   6.8780462e-01   0.0000000e+00   5.1911251e-01   4.8088749e-01
   6.8781505e-01   0.0000000e+00   5.2186526e-01   4.7813474e-01
   6.8781577e-01   0.0000000e+00   5.2649964e-01   4.7350036e-01
   6.8782189e-01   0.0000000e+00   5.1969388e-01   4.8030612e-01
   6.8782611e-01   0.0000000e+00   5.1728039e-01   4.8271961e-01
   6.8782743e-01   0.0000000e+00   5.2390599e-01   4.7609401e-01
   6.8782785e-01   0.0000000e+00   5.2641008e-01   4.7358992e-01
   6.8783329e-01   0.0000000e+00   5.2080519e-01   4.7919481e-01
   6.8783742e-01   0.0000000e+00   5.2097170e-01   4.7902830e-01
   6.8783975e-01   0.0000000e+00   5.1803546e-01   4.8196454e-01
   6.8784395e-01   0.0000000e+00   5.2670712e-01   4.7329288e-01
   6.8785213e-01   0.0000000e+00   5.2259782e-01   4.7740218e-01
   6.8785306e-01   0.0000000e+00   5.2892795e-01   4.7107205e-01
   6.8785616e-01   0.0000000e+00   5.2576178e-01   4.7423822e-01
   6.8786190e-01   0.0000000e+00   5.2569156e-01   4.7430844e-01
   6.8786480e-01   0.0000000e+00   5.2623615e-01   4.7376385e-01
   6.8786516e-01   0.0000000e+00   5.1477066e-01   4.8522934e-01
   6.8786623e-01   0.0000000e+00   5.0923766e-01   4.9076234e-01
   6.8786768e-01   0.0000000e+00   5.2032775e-01   4.7967225e-01
   6.8786977e-01   0.0000000e+00   5.0978788e-01   4.9021212e-01
   6.8788041e-01   0.0000000e+00   5.2657809e-01   4.7342191e-01
   6.8788620e-01   0.0000000e+00   5.2001778e-01   4.7998222e-01
   6.8788913e-01   0.0000000e+00   5.2572120e-01   4.7427880e-01
   6.8788984e-01   0.0000000e+00   5.1066792e-01   4.8933208e-01
   6.8789072e-01   0.0000000e+00   5.1689749e-01   4.8310251e-01
   6.8789999e-01   0.0000000e+00   5.2656434e-01   4.7343566e-01
   6.8790258e-01   0.0000000e+00   5.2601156e-01   4.7398844e-01
   6.8790362e-01   0.0000000e+00   5.2887276e-01   4.7112724e-01
   6.8791302e-01   0.0000000e+00   5.1031676e-01   4.8968324e-01
   6.8791356e-01   0.0000000e+00   5.1450580e-01   4.8549420e-01
   6.8791727e-01   0.0000000e+00   5.1519941e-01   4.8480059e-01
   6.8792106e-01   0.0000000e+00   5.1849801e-01   4.8150199e-01
   6.8793009e-01   0.0000000e+00   5.3017270e-01   4.6982730e-01
   6.8793093e-01   0.0000000e+00   5.1168213e-01   4.8831787e-01
   6.8793208e-01   0.0000000e+00   5.2526616e-01   4.7473384e-01
   6.8794372e-01   0.0000000e+00   5.2572386e-01   4.7427614e-01
   6.8795157e-01   0.0000000e+00   5.2787654e-01   4.7212346e-01
   6.8797753e-01   0.0000000e+00   5.1357636e-01   4.8642364e-01
   6.8798536e-01   0.0000000e+00   5.2960615e-01   4.7039385e-01
   6.8799996e-01   0.0000000e+00   5.2127115e-01   4.7872885e-01
   6.8800846e-01   0.0000000e+00   5.3110444e-01   4.6889556e-01
   6.8801046e-01   0.0000000e+00   5.2763630e-01   4.7236370e-01
   6.8801185e-01   0.0000000e+00   5.2384289e-01   4.7615711e-01
   6.8801508e-01   0.0000000e+00   5.2671216e-01   4.7328784e-01
   6.8801930e-01   0.0000000e+00   5.2837560e-01   4.7162440e-01
   6.8802052e-01   0.0000000e+00   5.2760747e-01   4.7239253e-01
   6.8802753e-01   0.0000000e+00   5.3102497e-01   4.6897503e-01
   6.8804784e-01   0.0000000e+00   5.2991894e-01   4.7008106e-01
   6.8805449e-01   0.0000000e+00   5.3081373e-01   4.6918627e-01
   6.8805828e-01   0.0000000e+00   5.0965449e-01   4.9034551e-01
   6.8806757e-01   0.0000000e+00   5.3019020e-01   4.6980980e-01
   6.8807338e-01   0.0000000e+00   5.3297188e-01   4.6702812e-01
   6.8807507e-01   0.0000000e+00   5.2919322e-01   4.7080678e-01
   6.8809796e-01   0.0000000e+00   5.3279959e-01   4.6720041e-01
   6.8810040e-01   0.0000000e+00   5.3414907e-01   4.6585093e-01
   6.8810609e-01   0.0000000e+00   5.1295695e-01   4.8704305e-01
   6.8811247e-01   0.0000000e+00   5.3266079e-01   4.6733921e-01
   6.8811686e-01   0.0000000e+00   5.3391689e-01   4.6608311e-01
   6.8813044e-01   0.0000000e+00   5.3305178e-01   4.6694822e-01
   6.8814769e-01   0.0000000e+00   5.2986874e-01   4.7013126e-01
   6.8816915e-01   0.0000000e+00   5.3402142e-01   4.6597858e-01
   6.8817999e-01   0.0000000e+00   5.3198919e-01   4.6801081e-01
   6.8818613e-01   0.0000000e+00   5.2854159e-01   4.7145841e-01
   6.8819002e-01   0.0000000e+00   5.3131508e-01   4.6868492e-01
   6.8820244e-01   0.0000000e+00   5.2517404e-01   4.7482596e-01
   6.8820577e-01   0.0000000e+00   5.3191618e-01   4.6808382e-01
   6.8820606e-01   0.0000000e+00   5.3443747e-01   4.6556253e-01
   6.8821081e-01   0.0000000e+00   5.3013123e-01   4.6986877e-01
   6.8821411e-01   0.0000000e+00   5.3187470e-01   4.6812530e-01
   6.8823273e-01   0.0000000e+00   5.3127658e-01   4.6872342e-01
   6.8824079e-01   0.0000000e+00   5.3526059e-01   4.6473941e-01
   6.8825558e-01   0.0000000e+00   5.3131557e-01   4.6868443e-01
   6.8825971e-01   0.0000000e+00   5.0996565e-01   4.9003435e-01
   6.8826146e-01   0.0000000e+00   5.0666872e-01   4.9333128e-01
   6.8827487e-01   0.0000000e+00   5.3374607e-01   4.6625393e-01
   6.8827829e-01   0.0000000e+00   5.3006321e-01   4.6993679e-01
   6.8828472e-01   0.0000000e+00   5.3322281e-01   4.6677719e-01
   6.8828624e-01   0.0000000e+00   5.3312562e-01   4.6687438e-01
   6.8829035e-01   0.0000000e+00   5.3273563e-01   4.6726437e-01
   6.8829343e-01   0.0000000e+00   5.3346481e-01   4.6653519e-01
   6.8832193e-01   0.0000000e+00   5.2949277e-01   4.7050723e-01
   6.8832466e-01   0.0000000e+00   5.3626523e-01   4.6373477e-01
   6.8832711e-01   0.0000000e+00   5.2534306e-01   4.7465694e-01
   6.8832779e-01   0.0000000e+00   5.3132233e-01   4.6867767e-01
   6.8834832e-01   0.0000000e+00   5.3315259e-01   4.6684741e-01
   6.8835995e-01   0.0000000e+00   5.3501734e-01   4.6498266e-01
   6.8836698e-01   0.0000000e+00   5.3229641e-01   4.6770359e-01
   6.8840057e-01   0.0000000e+00   5.3327614e-01   4.6672386e-01
   6.8840726e-01   0.0000000e+00   5.3812160e-01   4.6187840e-01
   6.8841592e-01   0.0000000e+00   5.3615689e-01   4.6384311e-01
   6.8843371e-01   0.0000000e+00   5.3293532e-01   4.6706468e-01
   6.8845038e-01   0.0000000e+00   5.3870763e-01   4.6129237e-01
   6.8845240e-01   0.0000000e+00   5.3512606e-01   4.6487394e-01
   6.8846357e-01   0.0000000e+00   5.3427377e-01   4.6572623e-01
   6.8849182e-01   0.0000000e+00   5.3485382e-01   4.6514618e-01
   6.8849392e-01   0.0000000e+00   5.3278699e-01   4.6721301e-01
   6.8850046e-01   0.0000000e+00   5.3440913e-01   4.6559087e-01
   6.8850059e-01   0.0000000e+00   5.3431832e-01   4.6568168e-01
   6.8850423e-01   0.0000000e+00   5.2711425e-01   4.7288575e-01
   6.8851582e-01   0.0000000e+00   5.3428291e-01   4.6571709e-01
   6.8852369e-01   0.0000000e+00   5.3355894e-01   4.6644106e-01
   6.8854035e-01   0.0000000e+00   5.3951729e-01   4.6048271e-01
   6.8855212e-01   0.0000000e+00   5.3256446e-01   4.6743554e-01
   6.8856227e-01   0.0000000e+00   5.3292725e-01   4.6707275e-01
   6.8856833e-01   0.0000000e+00   5.3473309e-01   4.6526691e-01
   6.8857765e-01   0.0000000e+00   5.3452194e-01   4.6547806e-01
   6.8859782e-01   0.0000000e+00   5.2932680e-01   4.7067320e-01
   6.8860507e-01   0.0000000e+00   5.3777898e-01   4.6222102e-01
   6.8860545e-01   0.0000000e+00   5.3590856e-01   4.6409144e-01
   6.8861065e-01   0.0000000e+00   5.3608546e-01   4.6391454e-01
   6.8864223e-01   0.0000000e+00   5.4151344e-01   4.5848656e-01
   6.8866012e-01   0.0000000e+00   5.3424603e-01   4.6575397e-01
   6.8866133e-01   0.0000000e+00   5.3200986e-01   4.6799014e-01
   6.8868059e-01   0.0000000e+00   5.3405319e-01   4.6594681e-01
   6.8870163e-01   0.0000000e+00   5.3457021e-01   4.6542979e-01
   6.8870210e-01   0.0000000e+00   5.3559588e-01   4.6440412e-01
   6.8872274e-01   0.0000000e+00   5.3285703e-01   4.6714297e-01
   6.8872581e-01   0.0000000e+00   5.3372711e-01   4.6627289e-01
   6.8873905e-01   0.0000000e+00   5.3376601e-01   4.6623399e-01
   6.8874462e-01   0.0000000e+00   5.3060005e-01   4.6939995e-01
   6.8876608e-01   0.0000000e+00   5.3850607e-01   4.6149393e-01
   6.8877145e-01   0.0000000e+00   5.3701076e-01   4.6298924e-01
   6.8879509e-01   0.0000000e+00   5.3505350e-01   4.6494650e-01
   6.8881569e-01   0.0000000e+00   5.3756402e-01   4.6243598e-01
   6.8882460e-01   0.0000000e+00   5.3626346e-01   4.6373654e-01
   6.8882898e-01   0.0000000e+00   5.3325519e-01   4.6674481e-01
   6.8882913e-01   0.0000000e+00   5.3307915e-01   4.6692085e-01
   6.8883496e-01   0.0000000e+00   5.2915801e-01   4.7084199e-01
