   4.7440564e-01   0.0000000e+00   2.0326825e-01   7.9673175e-01
   4.7318651e-01   0.0000000e+00   2.0584567e-01   7.9415433e-01
   4.7295628e-01   0.0000000e+00   2.0641522e-01   7.9358478e-01
   4.7449569e-01   0.0000000e+00   2.0298146e-01   7.9701854e-01
   4.7374469e-01   0.0000000e+00   2.0476377e-01   7.9523623e-01
   4.7314758e-01   0.0000000e+00   2.0561653e-01   7.9438347e-01
   4.7428893e-01   0.0000000e+00   2.0325934e-01   7.9674066e-01
   4.7397850e-01   0.0000000e+00   2.0400881e-01   7.9599119e-01
   4.7423153e-01   0.0000000e+00   2.0332932e-01   7.9667068e-01
   4.7422062e-01   0.0000000e+00   2.0334750e-01   7.9665250e-01
   4.7397947e-01   0.0000000e+00   2.0402060e-01   7.9597940e-01
   4.7314033e-01   0.0000000e+00   2.0543875e-01   7.9456125e-01
   4.7403993e-01   0.0000000e+00   2.0309370e-01   7.9690630e-01
   4.7344919e-01   0.0000000e+00   2.0474782e-01   7.9525218e-01
   4.7394448e-01   0.0000000e+00   2.0332482e-01   7.9667518e-01
   4.7390621e-01   0.0000000e+00   2.0349220e-01   7.9650780e-01
   4.7337199e-01   0.0000000e+00   2.0497070e-01   7.9502930e-01
   4.7274153e-01   0.0000000e+00   2.0515562e-01   7.9484438e-01
   4.7474383e-01   0.0000000e+00   2.0145137e-01   7.9854863e-01
   4.7370386e-01   0.0000000e+00   2.0396163e-01   7.9603837e-01
   4.7358020e-01   0.0000000e+00   2.0391709e-01   7.9608291e-01
   4.7370047e-01   0.0000000e+00   2.0411858e-01   7.9588142e-01
   4.7334461e-01   0.0000000e+00   2.0450908e-01   7.9549092e-01
   4.7360872e-01   0.0000000e+00   2.0410306e-01   7.9589694e-01
   4.7209129e-01   0.0000000e+00   2.0910662e-01   7.9089338e-01
   4.7332145e-01   0.0000000e+00   2.0461105e-01   7.9538895e-01
   4.7374812e-01   0.0000000e+00   2.0329712e-01   7.9670288e-01
   4.7346207e-01   0.0000000e+00   2.0463889e-01   7.9536111e-01
   4.7249451e-01   0.0000000e+00   2.0674476e-01   7.9325524e-01
   4.7327760e-01   0.0000000e+00   2.0480989e-01   7.9519011e-01
   4.7373561e-01   0.0000000e+00   2.0366928e-01   7.9633072e-01
   4.7439690e-01   0.0000000e+00   2.0266003e-01   7.9733997e-01
   4.7339333e-01   0.0000000e+00   2.0476866e-01   7.9523134e-01
   4.7322231e-01   0.0000000e+00   2.0563139e-01   7.9436861e-01
   4.7357324e-01   0.0000000e+00   2.0402249e-01   7.9597751e-01
   4.7310274e-01   0.0000000e+00   2.0452610e-01   7.9547390e-01
   4.7446539e-01   0.0000000e+00   2.0173575e-01   7.9826425e-01
   4.7415672e-01   0.0000000e+00   2.0275756e-01   7.9724244e-01
   4.7338467e-01   0.0000000e+00   2.0457307e-01   7.9542693e-01
   4.7357237e-01   0.0000000e+00   2.0404038e-01   7.9595962e-01
   4.7335446e-01   0.0000000e+00   2.0425921e-01   7.9574079e-01
   4.7269487e-01   0.0000000e+00   2.0541258e-01   7.9458742e-01
   4.7299659e-01   0.0000000e+00   2.0498503e-01   7.9501497e-01
   4.7321318e-01   0.0000000e+00   2.0484748e-01   7.9515252e-01
   4.7284780e-01   0.0000000e+00   2.0524211e-01   7.9475789e-01
   4.7345336e-01   0.0000000e+00   2.0388702e-01   7.9611298e-01
   4.7362087e-01   0.0000000e+00   2.0423809e-01   7.9576191e-01
   4.7331796e-01   0.0000000e+00   2.0451147e-01   7.9548853e-01
   4.7335592e-01   0.0000000e+00   2.0413644e-01   7.9586356e-01
   4.7335351e-01   0.0000000e+00   2.0416551e-01   7.9583449e-01
   4.7320912e-01   0.0000000e+00   2.0483120e-01   7.9516880e-01
   4.7249561e-01   0.0000000e+00   2.0522026e-01   7.9477974e-01
   4.7523903e-01   0.0000000e+00   2.0079983e-01   7.9920017e-01
   4.7301463e-01   0.0000000e+00   2.0523910e-01   7.9476090e-01
   4.7349907e-01   0.0000000e+00   2.0383638e-01   7.9616362e-01
   4.7352821e-01   0.0000000e+00   2.0368685e-01   7.9631315e-01
   4.7353995e-01   0.0000000e+00   2.0396024e-01   7.9603976e-01
   4.7351416e-01   0.0000000e+00   2.0362142e-01   7.9637858e-01
   4.7304313e-01   0.0000000e+00   2.0516122e-01   7.9483878e-01
   4.7228408e-01   0.0000000e+00   2.0673327e-01   7.9326673e-01
   4.7216041e-01   0.0000000e+00   2.0622094e-01   7.9377906e-01
   4.7387149e-01   0.0000000e+00   2.0364049e-01   7.9635951e-01
   4.7323576e-01   0.0000000e+00   2.0432058e-01   7.9567942e-01
   4.7313509e-01   0.0000000e+00   2.0454968e-01   7.9545032e-01
   4.7332243e-01   0.0000000e+00   2.0412882e-01   7.9587118e-01
   4.7274175e-01   0.0000000e+00   2.0504425e-01   7.9495575e-01
   4.7414143e-01   0.0000000e+00   2.0330602e-01   7.9669398e-01
   4.7356016e-01   0.0000000e+00   2.0360741e-01   7.9639259e-01
   4.7233512e-01   0.0000000e+00   2.0639256e-01   7.9360744e-01
   4.7320802e-01   0.0000000e+00   2.0426655e-01   7.9573345e-01
   4.7562239e-01   0.0000000e+00   1.9857676e-01   8.0142324e-01
   4.7360416e-01   0.0000000e+00   2.0350538e-01   7.9649462e-01
   4.7293654e-01   0.0000000e+00   2.0497410e-01   7.9502590e-01
   4.7262109e-01   0.0000000e+00   2.0550759e-01   7.9449241e-01
   4.7290545e-01   0.0000000e+00   2.0511548e-01   7.9488452e-01
   4.7365997e-01   0.0000000e+00   2.0317127e-01   7.9682873e-01
   4.7246761e-01   0.0000000e+00   2.0573432e-01   7.9426568e-01
   4.7295837e-01   0.0000000e+00   2.0459586e-01   7.9540414e-01
   4.7341309e-01   0.0000000e+00   2.0393935e-01   7.9606065e-01
   4.7303784e-01   0.0000000e+00   2.0448466e-01   7.9551534e-01
   4.7150864e-01   0.0000000e+00   2.0638816e-01   7.9361184e-01
   4.7296817e-01   0.0000000e+00   2.0494037e-01   7.9505963e-01
   4.7105640e-01   0.0000000e+00   2.0905561e-01   7.9094439e-01
   4.7345428e-01   0.0000000e+00   2.0368396e-01   7.9631604e-01
   4.7269543e-01   0.0000000e+00   2.0548596e-01   7.9451404e-01
   4.7283524e-01   0.0000000e+00   2.0476891e-01   7.9523109e-01
   4.7302578e-01   0.0000000e+00   2.0454688e-01   7.9545312e-01
   4.7147284e-01   0.0000000e+00   2.0789718e-01   7.9210282e-01
   4.7318947e-01   0.0000000e+00   2.0401347e-01   7.9598653e-01
   4.7359297e-01   0.0000000e+00   2.0327476e-01   7.9672524e-01
   4.7306364e-01   0.0000000e+00   2.0437516e-01   7.9562484e-01
   4.7405570e-01   0.0000000e+00   2.0238213e-01   7.9761787e-01
   4.7251733e-01   0.0000000e+00   2.0561712e-01   7.9438288e-01
   4.7324496e-01   0.0000000e+00   2.0410720e-01   7.9589280e-01
   4.7304663e-01   0.0000000e+00   2.0395515e-01   7.9604485e-01
   4.7239433e-01   0.0000000e+00   2.0465901e-01   7.9534099e-01
   4.7368719e-01   0.0000000e+00   2.0325156e-01   7.9674844e-01
   4.7304772e-01   0.0000000e+00   2.0396777e-01   7.9603223e-01
   4.7175089e-01   0.0000000e+00   2.0654653e-01   7.9345347e-01
   4.7309012e-01   0.0000000e+00   2.0382785e-01   7.9617215e-01
   4.7330884e-01   0.0000000e+00   2.0380800e-01   7.9619200e-01
   4.7388216e-01   0.0000000e+00   2.0341379e-01   7.9658621e-01
   4.7313166e-01   0.0000000e+00   2.0443350e-01   7.9556650e-01
   4.7258631e-01   0.0000000e+00   2.0518182e-01   7.9481818e-01
   4.7304289e-01   0.0000000e+00   2.0415702e-01   7.9584298e-01
   4.7306935e-01   0.0000000e+00   2.0370441e-01   7.9629559e-01
   4.7435621e-01   0.0000000e+00   2.0273856e-01   7.9726144e-01
   4.7331504e-01   0.0000000e+00   2.0348277e-01   7.9651723e-01
   4.7319506e-01   0.0000000e+00   2.0385320e-01   7.9614680e-01
   4.7276332e-01   0.0000000e+00   2.0482489e-01   7.9517511e-01
   4.7011205e-01   0.0000000e+00   2.1095725e-01   7.8904275e-01
   4.7320651e-01   0.0000000e+00   2.0418775e-01   7.9581225e-01
   4.7324252e-01   0.0000000e+00   2.0307730e-01   7.9692270e-01
   4.7403277e-01   0.0000000e+00   2.0063599e-01   7.9936401e-01
   4.7413434e-01   0.0000000e+00   2.0243357e-01   7.9756643e-01
   4.6941741e-01   0.0000000e+00   2.1241582e-01   7.8758418e-01
   4.7132805e-01   0.0000000e+00   2.0786641e-01   7.9213359e-01
   4.7285956e-01   0.0000000e+00   2.0388091e-01   7.9611909e-01
   4.7269315e-01   0.0000000e+00   2.0410644e-01   7.9589356e-01
   4.7259249e-01   0.0000000e+00   2.0414217e-01   7.9585783e-01
   4.7520575e-01   0.0000000e+00   1.9951437e-01   8.0048563e-01
   4.7314748e-01   0.0000000e+00   2.0393936e-01   7.9606064e-01
   4.7642994e-01   0.0000000e+00   1.9626454e-01   8.0373546e-01
   4.7280002e-01   0.0000000e+00   2.0448093e-01   7.9551907e-01
   4.7310571e-01   0.0000000e+00   2.0329532e-01   7.9670468e-01
   4.7403956e-01   0.0000000e+00   2.0297851e-01   7.9702149e-01
   4.7241010e-01   0.0000000e+00   2.0530360e-01   7.9469640e-01
   4.7405330e-01   0.0000000e+00   2.0112536e-01   7.9887464e-01
   4.7278890e-01   0.0000000e+00   2.0457557e-01   7.9542443e-01
   4.7258896e-01   0.0000000e+00   2.0458750e-01   7.9541250e-01
   4.7324629e-01   0.0000000e+00   2.0405831e-01   7.9594169e-01
   4.7601443e-01   0.0000000e+00   2.0021894e-01   7.9978106e-01
   4.7379644e-01   0.0000000e+00   2.0173747e-01   7.9826253e-01
   4.7229992e-01   0.0000000e+00   2.0542813e-01   7.9457187e-01
   4.7322286e-01   0.0000000e+00   2.0264422e-01   7.9735578e-01
   4.7312626e-01   0.0000000e+00   2.0351013e-01   7.9648987e-01
   4.7397166e-01   0.0000000e+00   2.0053425e-01   7.9946575e-01
   4.6889930e-01   0.0000000e+00   2.1493467e-01   7.8506533e-01
   4.7519230e-01   0.0000000e+00   2.0175776e-01   7.9824224e-01
   4.7639428e-01   0.0000000e+00   1.9786097e-01   8.0213903e-01
   4.7188041e-01   0.0000000e+00   2.0461589e-01   7.9538411e-01
   4.7248343e-01   0.0000000e+00   2.0393714e-01   7.9606286e-01
   4.6960311e-01   0.0000000e+00   2.1126917e-01   7.8873083e-01
   4.7287792e-01   0.0000000e+00   2.0387857e-01   7.9612143e-01
   4.7291052e-01   0.0000000e+00   2.0352614e-01   7.9647386e-01
   4.7312327e-01   0.0000000e+00   2.0328947e-01   7.9671053e-01
   4.7202714e-01   0.0000000e+00   2.0592306e-01   7.9407694e-01
   4.7190470e-01   0.0000000e+00   2.0445302e-01   7.9554698e-01
   4.7344572e-01   0.0000000e+00   2.0332319e-01   7.9667681e-01
   4.7358441e-01   0.0000000e+00   2.0114243e-01   7.9885757e-01
   4.7182900e-01   0.0000000e+00   2.0524376e-01   7.9475624e-01
   4.7486310e-01   0.0000000e+00   1.9855056e-01   8.0144944e-01
   4.7333139e-01   0.0000000e+00   2.0271743e-01   7.9728257e-01
   4.7183944e-01   0.0000000e+00   2.0536011e-01   7.9463989e-01
   4.7600759e-01   0.0000000e+00   1.9742430e-01   8.0257570e-01
   4.7712859e-01   0.0000000e+00   1.9536448e-01   8.0463552e-01
   4.7133668e-01   0.0000000e+00   2.0693008e-01   7.9306992e-01
   4.7355545e-01   0.0000000e+00   2.0219270e-01   7.9780730e-01
   4.7849433e-01   0.0000000e+00   1.9710648e-01   8.0289352e-01
   4.7137816e-01   0.0000000e+00   2.0700289e-01   7.9299711e-01
   4.7326464e-01   0.0000000e+00   2.0257897e-01   7.9742103e-01
   4.7385321e-01   0.0000000e+00   2.0151122e-01   7.9848878e-01
   4.7191750e-01   0.0000000e+00   2.0489704e-01   7.9510296e-01
   4.7167830e-01   0.0000000e+00   2.0316545e-01   7.9683455e-01
   4.7213982e-01   0.0000000e+00   2.0556449e-01   7.9443551e-01
   4.7306660e-01   0.0000000e+00   2.0237574e-01   7.9762426e-01
   4.7368546e-01   0.0000000e+00   2.0135589e-01   7.9864411e-01
   4.7227942e-01   0.0000000e+00   2.0542858e-01   7.9457142e-01
   4.7231480e-01   0.0000000e+00   2.0167753e-01   7.9832247e-01
   4.7140927e-01   0.0000000e+00   2.0544650e-01   7.9455350e-01
   4.7190260e-01   0.0000000e+00   2.0450600e-01   7.9549400e-01
   4.7102968e-01   0.0000000e+00   2.0570747e-01   7.9429253e-01
   4.7423616e-01   0.0000000e+00   1.9863106e-01   8.0136894e-01
   4.7035861e-01   0.0000000e+00   2.0767758e-01   7.9232242e-01
   4.7242471e-01   0.0000000e+00   2.0308484e-01   7.9691516e-01
   4.7567495e-01   0.0000000e+00   1.9500396e-01   8.0499604e-01
   4.7024201e-01   0.0000000e+00   2.0563920e-01   7.9436080e-01
   4.7267671e-01   0.0000000e+00   2.0267981e-01   7.9732019e-01
   4.6586884e-01   0.0000000e+00   2.1936022e-01   7.8063978e-01
   4.7052647e-01   0.0000000e+00   2.0895923e-01   7.9104077e-01
   4.7288546e-01   0.0000000e+00   2.0201318e-01   7.9798682e-01
   4.7261612e-01   0.0000000e+00   2.0245006e-01   7.9754994e-01
   4.7161096e-01   0.0000000e+00   2.0690912e-01   7.9309088e-01
   4.7214372e-01   0.0000000e+00   2.0339146e-01   7.9660854e-01
   4.6916702e-01   0.0000000e+00   2.1049332e-01   7.8950668e-01
   4.7022796e-01   0.0000000e+00   2.0527053e-01   7.9472947e-01
   4.7010257e-01   0.0000000e+00   2.1038986e-01   7.8961014e-01
   4.7041989e-01   0.0000000e+00   2.0789665e-01   7.9210335e-01
   4.7004491e-01   0.0000000e+00   2.0688933e-01   7.9311067e-01
   4.7147392e-01   0.0000000e+00   2.0458143e-01   7.9541857e-01
   4.7638249e-01   0.0000000e+00   1.9552990e-01   8.0447010e-01
   4.6872014e-01   0.0000000e+00   2.0972328e-01   7.9027672e-01
   4.6987961e-01   0.0000000e+00   2.0771452e-01   7.9228548e-01
   4.6953336e-01   0.0000000e+00   2.0823495e-01   7.9176505e-01
   4.7007664e-01   0.0000000e+00   2.0849070e-01   7.9150930e-01
   4.7378217e-01   0.0000000e+00   2.0169177e-01   7.9830823e-01
   4.7163282e-01   0.0000000e+00   2.0345426e-01   7.9654574e-01
   4.7708820e-01   0.0000000e+00   1.9169730e-01   8.0830270e-01
   4.7193738e-01   0.0000000e+00   2.0281510e-01   7.9718490e-01
   4.6891322e-01   0.0000000e+00   2.0558175e-01   7.9441825e-01
   4.7131398e-01   0.0000000e+00   2.0368579e-01   7.9631421e-01
   4.7021746e-01   0.0000000e+00   2.0637319e-01   7.9362681e-01
   4.7125630e-01   0.0000000e+00   2.0366188e-01   7.9633812e-01
   4.7003719e-01   0.0000000e+00   2.1166847e-01   7.8833153e-01
   4.7147919e-01   0.0000000e+00   2.0372762e-01   7.9627238e-01
   4.7965835e-01   0.0000000e+00   1.8909681e-01   8.1090319e-01
   4.6952671e-01   0.0000000e+00   2.0792341e-01   7.9207659e-01
   4.6723622e-01   0.0000000e+00   2.1159642e-01   7.8840358e-01
   4.7108637e-01   0.0000000e+00   2.0368467e-01   7.9631533e-01
   4.6909031e-01   0.0000000e+00   2.0705712e-01   7.9294288e-01
   4.6965608e-01   0.0000000e+00   2.0572733e-01   7.9427267e-01
   4.6989271e-01   0.0000000e+00   2.0517578e-01   7.9482422e-01
   4.6998107e-01   0.0000000e+00   2.0631563e-01   7.9368437e-01
   4.6627610e-01   0.0000000e+00   2.1407062e-01   7.8592938e-01
   4.6976931e-01   0.0000000e+00   2.0599466e-01   7.9400534e-01
   4.7004872e-01   0.0000000e+00   2.0920187e-01   7.9079813e-01
   4.6862813e-01   0.0000000e+00   2.0727167e-01   7.9272833e-01
   4.6904939e-01   0.0000000e+00   2.1035188e-01   7.8964812e-01
   4.7366535e-01   0.0000000e+00   2.0259746e-01   7.9740254e-01
   4.6761589e-01   0.0000000e+00   2.0693358e-01   7.9306642e-01
   4.7001311e-01   0.0000000e+00   2.1174218e-01   7.8825782e-01
   4.6931875e-01   0.0000000e+00   2.0995089e-01   7.9004911e-01
   4.6970249e-01   0.0000000e+00   2.0534059e-01   7.9465941e-01
   4.6830689e-01   0.0000000e+00   2.1076842e-01   7.8923158e-01
   4.6552326e-01   0.0000000e+00   2.0767374e-01   7.9232626e-01
   4.6700254e-01   0.0000000e+00   2.1450684e-01   7.8549316e-01
   4.6856028e-01   0.0000000e+00   2.1007827e-01   7.8992173e-01
   4.7133258e-01   0.0000000e+00   2.0330118e-01   7.9669882e-01
   4.6845456e-01   0.0000000e+00   2.0784902e-01   7.9215098e-01
   4.6912382e-01   0.0000000e+00   2.0618787e-01   7.9381213e-01
   4.6935398e-01   0.0000000e+00   2.0649254e-01   7.9350746e-01
   4.6817053e-01   0.0000000e+00   2.0685029e-01   7.9314971e-01
   4.6479709e-01   0.0000000e+00   2.1525219e-01   7.8474781e-01
   4.6916397e-01   0.0000000e+00   2.1004902e-01   7.8995098e-01
   4.6723569e-01   0.0000000e+00   2.0912523e-01   7.9087477e-01
   4.6755009e-01   0.0000000e+00   2.0845270e-01   7.9154730e-01
   4.6923270e-01   0.0000000e+00   2.0518130e-01   7.9481870e-01
   4.6710221e-01   0.0000000e+00   2.1200527e-01   7.8799473e-01
   4.7769623e-01   0.0000000e+00   1.9913103e-01   8.0086897e-01
   4.6763354e-01   0.0000000e+00   2.1000816e-01   7.8999184e-01
   4.6756540e-01   0.0000000e+00   2.1045239e-01   7.8954761e-01
   4.6827826e-01   0.0000000e+00   2.0868159e-01   7.9131841e-01
   4.6548888e-01   0.0000000e+00   2.1044402e-01   7.8955598e-01
   4.7022540e-01   0.0000000e+00   2.0907598e-01   7.9092402e-01
   4.6312372e-01   0.0000000e+00   2.1381543e-01   7.8618457e-01
   4.6087266e-01   0.0000000e+00   2.2076822e-01   7.7923178e-01
   4.7388604e-01   0.0000000e+00   2.0607467e-01   7.9392533e-01
   4.6788430e-01   0.0000000e+00   2.0869698e-01   7.9130302e-01
   4.6864248e-01   0.0000000e+00   2.0725181e-01   7.9274819e-01
   4.7399661e-01   0.0000000e+00   2.0446014e-01   7.9553986e-01
   4.7408472e-01   0.0000000e+00   2.0428155e-01   7.9571845e-01
   4.7457714e-01   0.0000000e+00   2.0328541e-01   7.9671459e-01
   4.7234568e-01   0.0000000e+00   2.0862546e-01   7.9137454e-01
   4.7464758e-01   0.0000000e+00   2.0276546e-01   7.9723454e-01
   4.7497620e-01   0.0000000e+00   2.0232136e-01   7.9767864e-01
   4.6675980e-01   0.0000000e+00   2.0966918e-01   7.9033082e-01
   4.7468422e-01   0.0000000e+00   2.0317374e-01   7.9682626e-01
   4.7316752e-01   0.0000000e+00   2.0580180e-01   7.9419820e-01
   4.6644926e-01   0.0000000e+00   2.0615781e-01   7.9384219e-01
   4.7315997e-01   0.0000000e+00   2.0491137e-01   7.9508863e-01
   4.6705071e-01   0.0000000e+00   2.0861446e-01   7.9138554e-01
   4.7226674e-01   0.0000000e+00   2.0901944e-01   7.9098056e-01
   4.6515000e-01   0.0000000e+00   2.1361088e-01   7.8638912e-01
   4.7630077e-01   0.0000000e+00   1.9873451e-01   8.0126549e-01
   4.7132304e-01   0.0000000e+00   2.1104481e-01   7.8895519e-01
   4.7617263e-01   0.0000000e+00   1.9802978e-01   8.0197022e-01
   4.7690428e-01   0.0000000e+00   1.9750753e-01   8.0249247e-01
   4.6829986e-01   0.0000000e+00   2.0720416e-01   7.9279584e-01
   4.6687553e-01   0.0000000e+00   2.1052411e-01   7.8947589e-01
   4.6735404e-01   0.0000000e+00   2.0792240e-01   7.9207760e-01
   4.6641926e-01   0.0000000e+00   2.1046752e-01   7.8953248e-01
   4.6552852e-01   0.0000000e+00   2.1171326e-01   7.8828674e-01
   4.6699229e-01   0.0000000e+00   2.0909237e-01   7.9090763e-01
   4.7675137e-01   0.0000000e+00   1.9710784e-01   8.0289216e-01
   4.5857065e-01   0.0000000e+00   2.2692556e-01   7.7307444e-01
   4.6571995e-01   0.0000000e+00   2.1221719e-01   7.8778281e-01
   4.6708625e-01   0.0000000e+00   2.0799984e-01   7.9200016e-01
   4.6543092e-01   0.0000000e+00   2.1378511e-01   7.8621489e-01
   4.6545102e-01   0.0000000e+00   2.1321252e-01   7.8678748e-01
   4.6705707e-01   0.0000000e+00   2.0923467e-01   7.9076533e-01
   4.8055588e-01   0.0000000e+00   1.9052133e-01   8.0947867e-01
   4.7974550e-01   0.0000000e+00   1.9029834e-01   8.0970166e-01
   4.6709051e-01   0.0000000e+00   2.0945528e-01   7.9054472e-01
   4.7280043e-01   0.0000000e+00   2.0574147e-01   7.9425853e-01
   4.6666418e-01   0.0000000e+00   2.0806873e-01   7.9193127e-01
   4.6429113e-01   0.0000000e+00   2.1624001e-01   7.8375999e-01
   4.8186518e-01   0.0000000e+00   1.8695481e-01   8.1304519e-01
   4.7179550e-01   0.0000000e+00   2.0737907e-01   7.9262093e-01
   4.6613132e-01   0.0000000e+00   2.0922097e-01   7.9077903e-01
   4.6690944e-01   0.0000000e+00   2.0521288e-01   7.9478712e-01
   4.6874928e-01   0.0000000e+00   2.1342112e-01   7.8657888e-01
   4.7015255e-01   0.0000000e+00   2.0800042e-01   7.9199958e-01
   4.6294779e-01   0.0000000e+00   2.2930989e-01   7.7069011e-01
   4.6420038e-01   0.0000000e+00   2.1440793e-01   7.8559207e-01
   4.6374982e-01   0.0000000e+00   2.1564053e-01   7.8435947e-01
   4.6435686e-01   0.0000000e+00   2.1708816e-01   7.8291184e-01
   4.6613917e-01   0.0000000e+00   2.1008353e-01   7.8991647e-01
   4.6498619e-01   0.0000000e+00   2.0949391e-01   7.9050609e-01
   4.6589508e-01   0.0000000e+00   2.0523326e-01   7.9476674e-01
   4.6457021e-01   0.0000000e+00   2.1179977e-01   7.8820023e-01
   4.6211959e-01   0.0000000e+00   2.1470580e-01   7.8529420e-01
   4.6767252e-01   0.0000000e+00   2.1399225e-01   7.8600775e-01
   4.6483530e-01   0.0000000e+00   2.0121044e-01   7.9878956e-01
   4.6727913e-01   0.0000000e+00   2.0812870e-01   7.9187130e-01
   4.6377632e-01   0.0000000e+00   2.0969464e-01   7.9030536e-01
   4.6581434e-01   0.0000000e+00   2.0856932e-01   7.9143068e-01
   4.6701398e-01   0.0000000e+00   2.0616040e-01   7.9383960e-01
   4.6778309e-01   0.0000000e+00   2.0725856e-01   7.9274144e-01
   4.6456681e-01   0.0000000e+00   2.1051398e-01   7.8948602e-01
   4.6628360e-01   0.0000000e+00   2.0681266e-01   7.9318734e-01
   4.6735047e-01   0.0000000e+00   2.0421796e-01   7.9578204e-01
   4.7782820e-01   0.0000000e+00   2.0180554e-01   7.9819446e-01
   4.5693081e-01   0.0000000e+00   2.1907495e-01   7.8092505e-01
   4.6345674e-01   0.0000000e+00   1.8862119e-01   8.1137881e-01
   4.6628605e-01   0.0000000e+00   2.0344589e-01   7.9655411e-01
   4.6492151e-01   0.0000000e+00   2.1038262e-01   7.8961738e-01
   4.6467692e-01   0.0000000e+00   2.0942044e-01   7.9057956e-01
   4.6152242e-01   0.0000000e+00   2.1880781e-01   7.8119219e-01
   4.6459549e-01   0.0000000e+00   2.0902484e-01   7.9097516e-01
   4.6104158e-01   0.0000000e+00   2.2153814e-01   7.7846186e-01
   4.6420659e-01   0.0000000e+00   2.1107494e-01   7.8892506e-01
   4.6854218e-01   0.0000000e+00   1.9383591e-01   8.0616409e-01
   4.7319740e-01   0.0000000e+00   1.9020769e-01   8.0979231e-01
   4.5671366e-01   0.0000000e+00   2.2314055e-01   7.7685945e-01
   4.6558953e-01   0.0000000e+00   2.0336381e-01   7.9663619e-01
   4.6645447e-01   0.0000000e+00   2.0405081e-01   7.9594919e-01
   4.6309855e-01   0.0000000e+00   2.2315726e-01   7.7684274e-01
   4.7036967e-01   0.0000000e+00   2.0279256e-01   7.9720744e-01
   4.7926058e-01   0.0000000e+00   2.0262283e-01   7.9737717e-01
   4.6671574e-01   0.0000000e+00   2.0686831e-01   7.9313169e-01
   4.6901936e-01   0.0000000e+00   2.0142140e-01   7.9857860e-01
   4.6561234e-01   0.0000000e+00   2.0813040e-01   7.9186960e-01
   4.5566839e-01   0.0000000e+00   2.3462426e-01   7.6537574e-01
   4.6310542e-01   0.0000000e+00   2.1371572e-01   7.8628428e-01
   4.6767160e-01   0.0000000e+00   2.0727359e-01   7.9272641e-01
   4.6743652e-01   0.0000000e+00   2.1175585e-01   7.8824415e-01
   4.6063992e-01   0.0000000e+00   2.1998002e-01   7.8001998e-01
   4.6574525e-01   0.0000000e+00   2.0697074e-01   7.9302926e-01
   4.6094073e-01   0.0000000e+00   2.2291834e-01   7.7708166e-01
   4.6608486e-01   0.0000000e+00   2.0243558e-01   7.9756442e-01
   4.6559220e-01   0.0000000e+00   2.0656177e-01   7.9343823e-01
   4.6471840e-01   0.0000000e+00   1.9837856e-01   8.0162144e-01
   4.7338934e-01   0.0000000e+00   1.7095941e-01   8.2904059e-01
   4.6230627e-01   0.0000000e+00   2.0928569e-01   7.9071431e-01
   4.7005639e-01   0.0000000e+00   1.9925663e-01   8.0074337e-01
   4.5938912e-01   0.0000000e+00   2.1970154e-01   7.8029846e-01
   4.6241696e-01   0.0000000e+00   2.1420485e-01   7.8579515e-01
   4.6121296e-01   0.0000000e+00   2.1171204e-01   7.8828796e-01
   4.6633453e-01   0.0000000e+00   2.0151093e-01   7.9848907e-01
   4.6735839e-01   0.0000000e+00   2.0574407e-01   7.9425593e-01
   4.6668176e-01   0.0000000e+00   2.0233357e-01   7.9766643e-01
   4.6492163e-01   0.0000000e+00   2.0043593e-01   7.9956407e-01
   4.7344985e-01   0.0000000e+00   1.9226892e-01   8.0773108e-01
   4.6696759e-01   0.0000000e+00   2.0143961e-01   7.9856039e-01
   4.6509420e-01   0.0000000e+00   2.0791640e-01   7.9208360e-01
   4.7787551e-01   0.0000000e+00   1.9145270e-01   8.0854730e-01
   4.6480364e-01   0.0000000e+00   2.0199906e-01   7.9800094e-01
   4.7113090e-01   0.0000000e+00   1.9919335e-01   8.0080665e-01
   4.6392812e-01   0.0000000e+00   1.9391019e-01   8.0608981e-01
   4.6936456e-01   0.0000000e+00   2.0821241e-01   7.9178759e-01
   4.6697458e-01   0.0000000e+00   1.9962660e-01   8.0037340e-01
   4.6923087e-01   0.0000000e+00   2.0532047e-01   7.9467953e-01
   4.6787476e-01   0.0000000e+00   1.9372486e-01   8.0627514e-01
   4.6547601e-01   0.0000000e+00   2.0641676e-01   7.9358324e-01
   4.5761178e-01   0.0000000e+00   2.1939709e-01   7.8060291e-01
   4.6325067e-01   0.0000000e+00   2.0114890e-01   7.9885110e-01
   4.6643736e-01   0.0000000e+00   1.9722594e-01   8.0277406e-01
   4.7213108e-01   0.0000000e+00   1.9852327e-01   8.0147673e-01
   4.6895076e-01   0.0000000e+00   1.9863145e-01   8.0136855e-01
   4.5782723e-01   0.0000000e+00   2.0856164e-01   7.9143836e-01
   4.6551294e-01   0.0000000e+00   1.9352816e-01   8.0647184e-01
   4.5881549e-01   0.0000000e+00   2.3685689e-01   7.6314311e-01
   4.6489357e-01   0.0000000e+00   2.0145204e-01   7.9854796e-01
   4.6240891e-01   0.0000000e+00   2.0505853e-01   7.9494147e-01
   4.6507766e-01   0.0000000e+00   2.0844871e-01   7.9155129e-01
   4.8330799e-01   0.0000000e+00   1.7799349e-01   8.2200651e-01
   4.6925670e-01   0.0000000e+00   1.7760826e-01   8.2239174e-01
   4.6208788e-01   0.0000000e+00   1.8832441e-01   8.1167559e-01
   4.5794032e-01   0.0000000e+00   2.0259522e-01   7.9740478e-01
   4.6078688e-01   0.0000000e+00   2.1488190e-01   7.8511810e-01
   4.6792146e-01   0.0000000e+00   1.8337764e-01   8.1662236e-01
   4.5542885e-01   0.0000000e+00   2.1379995e-01   7.8620005e-01
   4.6440164e-01   0.0000000e+00   2.0250647e-01   7.9749353e-01
   4.7202301e-01   0.0000000e+00   1.9605009e-01   8.0394991e-01
   4.6745909e-01   0.0000000e+00   1.8810572e-01   8.1189428e-01
   4.5352317e-01   0.0000000e+00   2.3837968e-01   7.6162032e-01
   4.6862980e-01   0.0000000e+00   1.7856267e-01   8.2143733e-01
   4.6585519e-01   0.0000000e+00   1.9187056e-01   8.0812944e-01
   4.7427805e-01   0.0000000e+00   1.8027839e-01   8.1972161e-01
   4.6754664e-01   0.0000000e+00   2.0044665e-01   7.9955335e-01
   4.7127123e-01   0.0000000e+00   2.0081015e-01   7.9918985e-01
   4.7916173e-01   0.0000000e+00   1.9601493e-01   8.0398507e-01
   4.6310234e-01   0.0000000e+00   1.8593983e-01   8.1406017e-01
   4.7905710e-01   0.0000000e+00   1.5900005e-01   8.4099995e-01
   4.7680359e-01   0.0000000e+00   1.4643739e-01   8.5356261e-01
   4.6571094e-01   0.0000000e+00   2.0557276e-01   7.9442724e-01
   4.7256085e-01   0.0000000e+00   1.7289917e-01   8.2710083e-01
   4.5984317e-01   0.0000000e+00   1.9505421e-01   8.0494579e-01
   4.5507474e-01   0.0000000e+00   2.2093409e-01   7.7906591e-01
   4.6785652e-01   0.0000000e+00   1.6916266e-01   8.3083734e-01
   4.6381902e-01   0.0000000e+00   1.7661338e-01   8.2338662e-01
   4.6115087e-01   0.0000000e+00   2.1325878e-01   7.8674122e-01
   4.6970998e-01   0.0000000e+00   1.8548719e-01   8.1451281e-01
   4.8445833e-01   0.0000000e+00   1.6824318e-01   8.3175682e-01
   4.9070615e-01   0.0000000e+00   1.8430182e-01   8.1569818e-01
   4.6259205e-01   0.0000000e+00   1.7604710e-01   8.2395290e-01
   4.6780704e-01   0.0000000e+00   1.7549825e-01   8.2450175e-01
   4.5382311e-01   0.0000000e+00   2.2689782e-01   7.7310218e-01
   4.7041289e-01   0.0000000e+00   1.7189219e-01   8.2810781e-01
   4.7254353e-01   0.0000000e+00   1.9071113e-01   8.0928887e-01
   4.5320189e-01   0.0000000e+00   2.1335730e-01   7.8664270e-01
   4.6157866e-01   0.0000000e+00   1.8979999e-01   8.1020001e-01
   4.7544156e-01   0.0000000e+00   1.7956266e-01   8.2043734e-01
   4.6586819e-01   0.0000000e+00   1.8563987e-01   8.1436013e-01
   4.5791519e-01   0.0000000e+00   1.9364894e-01   8.0635106e-01
   4.6152509e-01   0.0000000e+00   1.6220224e-01   8.3779776e-01
   4.5947900e-01   0.0000000e+00   2.3385502e-01   7.6614498e-01
   4.6429006e-01   0.0000000e+00   1.7929449e-01   8.2070551e-01
   4.7499333e-01   0.0000000e+00   1.7495018e-01   8.2504982e-01
   4.6766838e-01   0.0000000e+00   1.5124992e-01   8.4875008e-01
   4.6569042e-01   0.0000000e+00   1.8132897e-01   8.1867103e-01
   4.8331920e-01   0.0000000e+00   1.4770228e-01   8.5229772e-01
   4.5201738e-01   0.0000000e+00   2.2174564e-01   7.7825436e-01
   4.5716369e-01   0.0000000e+00   1.9253986e-01   8.0746014e-01
   4.7175600e-01   0.0000000e+00   1.7042994e-01   8.2957006e-01
   4.8426097e-01   0.0000000e+00   1.2200869e-01   8.7799131e-01
   4.6455079e-01   0.0000000e+00   1.8179642e-01   8.1820358e-01
   4.5926087e-01   0.0000000e+00   1.9539500e-01   8.0460500e-01
   4.7060228e-01   0.0000000e+00   1.5666558e-01   8.4333442e-01
   4.6708307e-01   0.0000000e+00   1.6085117e-01   8.3914883e-01
   4.6185079e-01   0.0000000e+00   2.2515316e-01   7.7484684e-01
   4.4805324e-01   0.0000000e+00   2.0451625e-01   7.9548375e-01
   4.6045132e-01   0.0000000e+00   1.8319595e-01   8.1680405e-01
   4.8190313e-01   0.0000000e+00   1.4034232e-01   8.5965768e-01
   4.6798315e-01   0.0000000e+00   1.8016342e-01   8.1983658e-01
   4.7093564e-01   0.0000000e+00   1.8768017e-01   8.1231983e-01
   4.6131695e-01   0.0000000e+00   2.2404288e-01   7.7595712e-01
   4.7858612e-01   0.0000000e+00   1.8576157e-01   8.1423843e-01
   4.7514695e-01   0.0000000e+00   2.2001731e-01   7.7998269e-01
   4.7345577e-01   0.0000000e+00   1.8294838e-01   8.1705162e-01
   4.5915649e-01   0.0000000e+00   2.0852372e-01   7.9147628e-01
   4.6383951e-01   0.0000000e+00   1.7037151e-01   8.2962849e-01
   4.7159101e-01   0.0000000e+00   1.6290676e-01   8.3709324e-01
   4.6931639e-01   0.0000000e+00   1.6235675e-01   8.3764325e-01
   4.5146648e-01   0.0000000e+00   2.1307617e-01   7.8692383e-01
   4.7249141e-01   0.0000000e+00   1.5869502e-01   8.4130498e-01
   4.8002680e-01   0.0000000e+00   1.8339390e-01   8.1660610e-01
   4.7129607e-01   0.0000000e+00   1.6377815e-01   8.3622185e-01
   4.7026885e-01   0.0000000e+00   1.6561453e-01   8.3438547e-01
   4.5897272e-01   0.0000000e+00   1.6857910e-01   8.3142090e-01
   4.5664129e-01   0.0000000e+00   1.7568043e-01   8.2431957e-01
   4.6992618e-01   0.0000000e+00   1.4001510e-01   8.5998490e-01
   4.6884728e-01   0.0000000e+00   1.3291533e-01   8.6708467e-01
   4.5835515e-01   0.0000000e+00   1.6780649e-01   8.3219351e-01
   4.5589456e-01   0.0000000e+00   2.3170392e-01   7.6829608e-01
   4.5989655e-01   0.0000000e+00   2.0213211e-01   7.9786789e-01
   4.8302709e-01   0.0000000e+00   1.3432288e-01   8.6567712e-01
   4.7102496e-01   0.0000000e+00   2.2433925e-01   7.7566075e-01
   4.8127697e-01   0.0000000e+00   2.0149578e-01   7.9850422e-01
   4.7541680e-01   0.0000000e+00   1.8889078e-01   8.1110922e-01
   4.5840027e-01   0.0000000e+00   2.1491839e-01   7.8508161e-01
   4.7601230e-01   0.0000000e+00   1.3112512e-01   8.6887488e-01
   4.7984411e-01   0.0000000e+00   1.7217110e-01   8.2782890e-01
   4.6179468e-01   0.0000000e+00   1.8431488e-01   8.1568512e-01
   4.6241292e-01   0.0000000e+00   1.4129315e-01   8.5870685e-01
   4.5654413e-01   0.0000000e+00   1.8884218e-01   8.1115782e-01
   4.5180216e-01   0.0000000e+00   1.6282328e-01   8.3717672e-01
   4.7408519e-01   0.0000000e+00   1.4171455e-01   8.5828545e-01
   4.8130399e-01   0.0000000e+00   1.4347400e-01   8.5652600e-01
   4.7482924e-01   0.0000000e+00   1.3694904e-01   8.6305096e-01
   4.5343936e-01   0.0000000e+00   2.1759752e-01   7.8240248e-01
   4.6544836e-01   0.0000000e+00   1.7514567e-01   8.2485433e-01
   4.7012667e-01   0.0000000e+00   1.3462597e-01   8.6537403e-01
   4.7266103e-01   0.0000000e+00   1.7603606e-01   8.2396394e-01
   4.8004948e-01   0.0000000e+00   1.3965027e-01   8.6034973e-01
   4.6443861e-01   0.0000000e+00   2.1389572e-01   7.8610428e-01
   4.8603644e-01   0.0000000e+00   1.3793515e-01   8.6206485e-01
   4.7538668e-01   0.0000000e+00   1.3227300e-01   8.6772700e-01
   4.8092862e-01   0.0000000e+00   1.2113002e-01   8.7886998e-01
   4.4866203e-01   0.0000000e+00   2.0303603e-01   7.9696397e-01
   4.7042164e-01   0.0000000e+00   1.6598788e-01   8.3401212e-01
   4.8025013e-01   0.0000000e+00   1.1322133e-01   8.8677867e-01
   4.6584023e-01   0.0000000e+00   1.4535662e-01   8.5464338e-01
   4.7654537e-01   0.0000000e+00   1.0561587e-01   8.9438413e-01
   4.6981239e-01   0.0000000e+00   1.4477681e-01   8.5522319e-01
   4.4784064e-01   0.0000000e+00   2.4678535e-01   7.5321465e-01
   4.8426364e-01   0.0000000e+00   1.1840168e-01   8.8159832e-01
   4.6879842e-01   0.0000000e+00   2.1765831e-01   7.8234169e-01
   4.8485961e-01   0.0000000e+00   1.9326064e-01   8.0673936e-01
   4.4677927e-01   0.0000000e+00   1.7039913e-01   8.2960087e-01
   5.0030588e-01   0.0000000e+00   1.3567132e-01   8.6432868e-01
   4.5977510e-01   0.0000000e+00   1.4940823e-01   8.5059177e-01
   4.7369266e-01   0.0000000e+00   1.5113955e-01   8.4886045e-01
   4.5523182e-01   0.0000000e+00   1.4239014e-01   8.5760986e-01
   4.8226522e-01   0.0000000e+00   1.5332064e-01   8.4667936e-01
   4.7049045e-01   0.0000000e+00   1.1274838e-01   8.8725162e-01
   4.8493617e-01   0.0000000e+00   1.4783491e-01   8.5216509e-01
   4.7909024e-01   0.0000000e+00   1.0905285e-01   8.9094715e-01
   4.8728679e-01   0.0000000e+00   9.6594523e-02   9.0340548e-01
   4.3870203e-01   0.0000000e+00   2.0764789e-01   7.9235211e-01
   4.9946803e-01   0.0000000e+00   1.1832856e-01   8.8167144e-01
   4.5315728e-01   0.0000000e+00   2.4527209e-01   7.5472791e-01
   4.7217664e-01   0.0000000e+00   1.0805955e-01   8.9194045e-01
   5.0019829e-01   0.0000000e+00   9.0645529e-02   9.0935447e-01
   4.6769509e-01   0.0000000e+00   2.0398890e-01   7.9601110e-01
   4.6112426e-01   0.0000000e+00   2.3090085e-01   7.6909915e-01
   4.4907502e-01   0.0000000e+00   2.6040305e-01   7.3959695e-01
   4.7092037e-01   0.0000000e+00   8.9077267e-02   9.1092273e-01
   4.9237217e-01   0.0000000e+00   9.5787614e-02   9.0421239e-01
   4.8818867e-01   0.0000000e+00   9.6187088e-02   9.0381291e-01
   4.4511447e-01   0.0000000e+00   2.6203012e-01   7.3796988e-01
   4.8854619e-01   0.0000000e+00   1.0144926e-01   8.9855074e-01
   4.8939037e-01   0.0000000e+00   8.2327616e-02   9.1767238e-01
   4.8701155e-01   0.0000000e+00   9.1526784e-02   9.0847322e-01
   4.8607797e-01   0.0000000e+00   8.4804033e-02   9.1519597e-01
   4.5215705e-01   0.0000000e+00   1.3445296e-01   8.6554704e-01
   4.7449314e-01   0.0000000e+00   9.0627601e-02   9.0937240e-01
   4.6291295e-01   0.0000000e+00   2.5194486e-01   7.4805514e-01
   4.8139991e-01   0.0000000e+00   9.2511018e-02   9.0748898e-01
   4.9747084e-01   0.0000000e+00   9.0474658e-02   9.0952534e-01
   4.4256348e-01   0.0000000e+00   2.5849852e-01   7.4150148e-01
   4.7924137e-01   0.0000000e+00   7.7183032e-02   9.2281697e-01
   4.7436666e-01   0.0000000e+00   2.3034897e-01   7.6965103e-01
   4.9050828e-01   0.0000000e+00   8.6234962e-02   9.1376504e-01
   4.4242458e-01   0.0000000e+00   2.6713637e-01   7.3286363e-01
   4.9931565e-01   0.0000000e+00   7.3904462e-02   9.2609554e-01
   4.5948362e-01   0.0000000e+00   9.5660848e-02   9.0433915e-01
   4.8542112e-01   0.0000000e+00   6.9883661e-02   9.3011634e-01
   4.7407522e-01   0.0000000e+00   7.3228567e-02   9.2677143e-01
   4.9968541e-01   0.0000000e+00   7.9596910e-02   9.2040309e-01
   4.9912235e-01   0.0000000e+00   7.6938979e-02   9.2306102e-01
   4.8746455e-01   0.0000000e+00   7.0161766e-02   9.2983823e-01
   4.7126481e-01   0.0000000e+00   8.7688845e-02   9.1231116e-01
   4.8312284e-01   0.0000000e+00   8.6168829e-02   9.1383117e-01
   4.7325784e-01   0.0000000e+00   8.5682924e-02   9.1431708e-01
   4.9681901e-01   0.0000000e+00   6.4831144e-02   9.3516886e-01
   4.8956966e-01   0.0000000e+00   6.0967482e-02   9.3903252e-01
   5.1098293e-01   0.0000000e+00   7.9664915e-02   9.2033509e-01
   5.0706767e-01   0.0000000e+00   7.1772560e-02   9.2822744e-01
   4.7455077e-01   0.0000000e+00   7.0904620e-02   9.2909538e-01
   4.9955311e-01   0.0000000e+00   6.8937629e-02   9.3106237e-01
   5.0439172e-01   0.0000000e+00   6.0307176e-02   9.3969282e-01
   4.8495507e-01   0.0000000e+00   7.3769395e-02   9.2623061e-01
   4.9225984e-01   0.0000000e+00   6.2967957e-02   9.3703204e-01
   4.8149148e-01   0.0000000e+00   6.4749870e-02   9.3525013e-01
   4.9626715e-01   0.0000000e+00   6.3278314e-02   9.3672169e-01
   4.7981432e-01   0.0000000e+00   6.2006638e-02   9.3799336e-01
   5.1216644e-01   0.0000000e+00   7.9714140e-02   9.2028586e-01
   4.7779113e-01   0.0000000e+00   6.8111345e-02   9.3188866e-01
   4.8608369e-01   0.0000000e+00   6.4420748e-02   9.3557925e-01
   5.0140208e-01   0.0000000e+00   7.3133886e-02   9.2686611e-01
   4.8841544e-01   0.0000000e+00   8.3807469e-02   9.1619253e-01
   4.6483322e-01   0.0000000e+00   6.9201818e-02   9.3079818e-01
   4.6948401e-01   0.0000000e+00   9.6577869e-02   9.0342213e-01
   4.9406844e-01   0.0000000e+00   5.8394111e-02   9.4160589e-01
   4.6954043e-01   0.0000000e+00   6.2841545e-02   9.3715846e-01
   4.6008854e-01   0.0000000e+00   7.7455918e-02   9.2254408e-01
   4.9403235e-01   0.0000000e+00   5.4128045e-02   9.4587195e-01
   4.9220041e-01   0.0000000e+00   5.6859588e-02   9.4314041e-01
   4.9076327e-01   0.0000000e+00   5.3630108e-02   9.4636989e-01
   4.7745889e-01   0.0000000e+00   5.8905607e-02   9.4109439e-01
   4.8921104e-01   0.0000000e+00   5.4930747e-02   9.4506925e-01
   4.8244969e-01   0.0000000e+00   6.8177725e-02   9.3182228e-01
   4.8174095e-01   0.0000000e+00   5.7480065e-02   9.4251993e-01
   4.9333425e-01   0.0000000e+00   5.3284300e-02   9.4671570e-01
   4.8817943e-01   0.0000000e+00   5.3025827e-02   9.4697417e-01
   5.0527411e-01   0.0000000e+00   5.5010468e-02   9.4498953e-01
   4.7326001e-01   0.0000000e+00   8.1787502e-02   9.1821250e-01
   4.6031350e-01   0.0000000e+00   7.5792399e-02   9.2420760e-01
   4.7322590e-01   0.0000000e+00   5.4875009e-02   9.4512499e-01
   4.7009482e-01   0.0000000e+00   5.7045389e-02   9.4295461e-01
   4.9433805e-01   0.0000000e+00   5.8185462e-02   9.4181454e-01
   4.8958493e-01   0.0000000e+00   4.6471016e-02   9.5352898e-01
   5.0172835e-01   0.0000000e+00   4.5475242e-02   9.5452476e-01
   4.6975694e-01   0.0000000e+00   5.7971550e-02   9.4202845e-01
   4.8164127e-01   0.0000000e+00   4.9026053e-02   9.5097395e-01
   4.7273930e-01   0.0000000e+00   5.3830071e-02   9.4616993e-01
   4.6827032e-01   0.0000000e+00   5.2249811e-02   9.4775019e-01
   4.8841302e-01   0.0000000e+00   4.7267782e-02   9.5273222e-01
   4.8064786e-01   0.0000000e+00   5.9980669e-02   9.4001933e-01
   4.7099467e-01   0.0000000e+00   4.9241946e-02   9.5075805e-01
   5.0609453e-01   0.0000000e+00   4.3723501e-02   9.5627650e-01
   5.0747408e-01   0.0000000e+00   4.6283084e-02   9.5371692e-01
   4.7831012e-01   0.0000000e+00   4.8574220e-02   9.5142578e-01
   5.0358914e-01   0.0000000e+00   4.3412369e-02   9.5658763e-01
   4.9246842e-01   0.0000000e+00   4.4948039e-02   9.5505196e-01
   4.9891271e-01   0.0000000e+00   4.6261660e-02   9.5373834e-01
   4.8210329e-01   0.0000000e+00   4.3963709e-02   9.5603629e-01
   4.6264666e-01   0.0000000e+00   5.8850102e-02   9.4114990e-01
   4.8087855e-01   0.0000000e+00   4.3479105e-02   9.5652089e-01
   4.8951885e-01   0.0000000e+00   4.2730458e-02   9.5726954e-01
   4.8785468e-01   0.0000000e+00   4.4090672e-02   9.5590933e-01
   4.7353841e-01   0.0000000e+00   4.7462194e-02   9.5253781e-01
   4.5358217e-01   0.0000000e+00   8.9765036e-02   9.1023496e-01
   4.9879273e-01   0.0000000e+00   4.5569255e-02   9.5443075e-01
   4.7588751e-01   0.0000000e+00   5.2775663e-02   9.4722434e-01
   5.0693807e-01   0.0000000e+00   3.8825647e-02   9.6117435e-01
   4.6520217e-01   0.0000000e+00   5.2261548e-02   9.4773845e-01
   4.5478405e-01   0.0000000e+00   8.8686247e-02   9.1131375e-01
   4.7432515e-01   0.0000000e+00   4.4410184e-02   9.5558982e-01
   4.8342763e-01   0.0000000e+00   4.9792213e-02   9.5020779e-01
   4.9677213e-01   0.0000000e+00   4.0030830e-02   9.5996917e-01
   5.1744341e-01   0.0000000e+00   4.2128714e-02   9.5787129e-01
   4.9157827e-01   0.0000000e+00   3.9790917e-02   9.6020908e-01
   4.8499214e-01   0.0000000e+00   3.9453420e-02   9.6054658e-01
   4.7735005e-01   0.0000000e+00   4.3584269e-02   9.5641573e-01
   5.2425603e-01   0.0000000e+00   4.7343812e-02   9.5265619e-01
   4.9295329e-01   0.0000000e+00   3.6369580e-02   9.6363042e-01
   4.8402058e-01   0.0000000e+00   4.1672602e-02   9.5832740e-01
   4.8846148e-01   0.0000000e+00   4.1622923e-02   9.5837708e-01
   4.6975333e-01   0.0000000e+00   4.4325809e-02   9.5567419e-01
   4.9904678e-01   0.0000000e+00   3.5075724e-02   9.6492428e-01
   5.1806666e-01   0.0000000e+00   4.5025446e-02   9.5497455e-01
   4.6580974e-01   0.0000000e+00   4.7420117e-02   9.5257988e-01
   4.8363977e-01   0.0000000e+00   3.7023987e-02   9.6297601e-01
