   3.7760820e-01   0.0000000e+00   1.5813747e-01   8.4186253e-01
   3.7760834e-01   0.0000000e+00   1.5778003e-01   8.4221997e-01
   3.7760838e-01   0.0000000e+00   1.5774493e-01   8.4225507e-01
   3.7760845e-01   0.0000000e+00   1.5774644e-01   8.4225356e-01
   3.7760845e-01   0.0000000e+00   1.5770581e-01   8.4229419e-01
   3.7760848e-01   0.0000000e+00   1.5747897e-01   8.4252103e-01
   3.7760852e-01   0.0000000e+00   1.5797305e-01   8.4202695e-01
   3.7760854e-01   0.0000000e+00   1.5817240e-01   8.4182760e-01
   3.7760855e-01   0.0000000e+00   1.5772549e-01   8.4227451e-01
   3.7760856e-01   0.0000000e+00   1.5800882e-01   8.4199118e-01
   3.7760857e-01   0.0000000e+00   1.5800423e-01   8.4199577e-01
   3.7760861e-01   0.0000000e+00   1.5774997e-01   8.4225003e-01
   3.7760862e-01   0.0000000e+00   1.5769011e-01   8.4230989e-01
   3.7760862e-01   0.0000000e+00   1.5798516e-01   8.4201484e-01
   3.7760864e-01   0.0000000e+00   1.5795083e-01   8.4204917e-01
   3.7760865e-01   0.0000000e+00   1.5785933e-01   8.4214067e-01
   3.7760866e-01   0.0000000e+00   1.5817657e-01   8.4182343e-01
   3.7760869e-01   0.0000000e+00   1.5803088e-01   8.4196912e-01
   3.7760870e-01   0.0000000e+00   1.5788793e-01   8.4211207e-01
   3.7760874e-01   0.0000000e+00   1.5763079e-01   8.4236921e-01
   3.7760874e-01   0.0000000e+00   1.5771874e-01   8.4228126e-01
   3.7760874e-01   0.0000000e+00   1.5769988e-01   8.4230012e-01
   3.7760875e-01   0.0000000e+00   1.5783195e-01   8.4216805e-01
   3.7760876e-01   0.0000000e+00   1.5789220e-01   8.4210780e-01
   3.7760877e-01   0.0000000e+00   1.5747686e-01   8.4252314e-01
   3.7760879e-01   0.0000000e+00   1.5811944e-01   8.4188056e-01
   3.7760882e-01   0.0000000e+00   1.5837430e-01   8.4162570e-01
   3.7760888e-01   0.0000000e+00   1.5784139e-01   8.4215861e-01
   3.7760889e-01   0.0000000e+00   1.5781801e-01   8.4218199e-01
   3.7760891e-01   0.0000000e+00   1.5749388e-01   8.4250612e-01
   3.7760891e-01   0.0000000e+00   1.5765720e-01   8.4234280e-01
   3.7760891e-01   0.0000000e+00   1.5737549e-01   8.4262451e-01
   3.7760894e-01   0.0000000e+00   1.5839252e-01   8.4160748e-01
   3.7760896e-01   0.0000000e+00   1.5804357e-01   8.4195643e-01
   3.7760898e-01   0.0000000e+00   1.5766801e-01   8.4233199e-01
   3.7760901e-01   0.0000000e+00   1.5786681e-01   8.4213319e-01
   3.7760903e-01   0.0000000e+00   1.5761096e-01   8.4238904e-01
   3.7760905e-01   0.0000000e+00   1.5805622e-01   8.4194378e-01
   3.7760907e-01   0.0000000e+00   1.5791783e-01   8.4208217e-01
   3.7760908e-01   0.0000000e+00   1.5782215e-01   8.4217785e-01
   3.7760908e-01   0.0000000e+00   1.5788362e-01   8.4211638e-01
   3.7760908e-01   0.0000000e+00   1.5842024e-01   8.4157976e-01
   3.7760908e-01   0.0000000e+00   1.5784135e-01   8.4215865e-01
   3.7760909e-01   0.0000000e+00   1.5797733e-01   8.4202267e-01
   3.7760910e-01   0.0000000e+00   1.5767976e-01   8.4232024e-01
   3.7760910e-01   0.0000000e+00   1.5751392e-01   8.4248608e-01
   3.7760911e-01   0.0000000e+00   1.5776049e-01   8.4223951e-01
   3.7760912e-01   0.0000000e+00   1.5819898e-01   8.4180102e-01
   3.7760913e-01   0.0000000e+00   1.5750897e-01   8.4249103e-01
   3.7760914e-01   0.0000000e+00   1.5771639e-01   8.4228361e-01
   3.7760916e-01   0.0000000e+00   1.5763731e-01   8.4236269e-01
   3.7760917e-01   0.0000000e+00   1.5833301e-01   8.4166699e-01
   3.7760918e-01   0.0000000e+00   1.5803720e-01   8.4196280e-01
   3.7760919e-01   0.0000000e+00   1.5766629e-01   8.4233371e-01
   3.7760920e-01   0.0000000e+00   1.5760575e-01   8.4239425e-01
   3.7760921e-01   0.0000000e+00   1.5781820e-01   8.4218180e-01
   3.7760924e-01   0.0000000e+00   1.5787480e-01   8.4212520e-01
   3.7760924e-01   0.0000000e+00   1.5816982e-01   8.4183018e-01
   3.7760927e-01   0.0000000e+00   1.5828598e-01   8.4171402e-01
   3.7760930e-01   0.0000000e+00   1.5741205e-01   8.4258795e-01
   3.7760933e-01   0.0000000e+00   1.5792578e-01   8.4207422e-01
   3.7760940e-01   0.0000000e+00   1.5783625e-01   8.4216375e-01
   3.7760941e-01   0.0000000e+00   1.5714928e-01   8.4285072e-01
   3.7760943e-01   0.0000000e+00   1.5737875e-01   8.4262125e-01
   3.7760948e-01   0.0000000e+00   1.5783121e-01   8.4216879e-01
   3.7760949e-01   0.0000000e+00   1.5776575e-01   8.4223425e-01
   3.7760951e-01   0.0000000e+00   1.5754408e-01   8.4245592e-01
   3.7760953e-01   0.0000000e+00   1.5820303e-01   8.4179697e-01
   3.7760953e-01   0.0000000e+00   1.5782961e-01   8.4217039e-01
   3.7760954e-01   0.0000000e+00   1.5852425e-01   8.4147575e-01
   3.7760959e-01   0.0000000e+00   1.5818137e-01   8.4181863e-01
   3.7760960e-01   0.0000000e+00   1.5778720e-01   8.4221280e-01
   3.7760962e-01   0.0000000e+00   1.5838659e-01   8.4161341e-01
   3.7760963e-01   0.0000000e+00   1.5845924e-01   8.4154076e-01
   3.7760967e-01   0.0000000e+00   1.5752705e-01   8.4247295e-01
   3.7760976e-01   0.0000000e+00   1.5752118e-01   8.4247882e-01
   3.7760976e-01   0.0000000e+00   1.5787744e-01   8.4212256e-01
   3.7760980e-01   0.0000000e+00   1.5750714e-01   8.4249286e-01
   3.7760987e-01   0.0000000e+00   1.5818255e-01   8.4181745e-01
   3.7760989e-01   0.0000000e+00   1.5756420e-01   8.4243580e-01
   3.7760991e-01   0.0000000e+00   1.5785618e-01   8.4214382e-01
   3.7760997e-01   0.0000000e+00   1.5744023e-01   8.4255977e-01
   3.7761002e-01   0.0000000e+00   1.5742700e-01   8.4257300e-01
   3.7761004e-01   0.0000000e+00   1.5717703e-01   8.4282297e-01
   3.7761005e-01   0.0000000e+00   1.5803763e-01   8.4196237e-01
   3.7761011e-01   0.0000000e+00   1.5752123e-01   8.4247877e-01
   3.7761012e-01   0.0000000e+00   1.5698189e-01   8.4301811e-01
   3.7761014e-01   0.0000000e+00   1.5755749e-01   8.4244251e-01
   3.7761014e-01   0.0000000e+00   1.5792188e-01   8.4207812e-01
   3.7761015e-01   0.0000000e+00   1.5739427e-01   8.4260573e-01
   3.7761017e-01   0.0000000e+00   1.5780524e-01   8.4219476e-01
   3.7761018e-01   0.0000000e+00   1.5845799e-01   8.4154201e-01
   3.7761018e-01   0.0000000e+00   1.5699862e-01   8.4300138e-01
   3.7761021e-01   0.0000000e+00   1.5723401e-01   8.4276599e-01
   3.7761021e-01   0.0000000e+00   1.5789138e-01   8.4210862e-01
   3.7761021e-01   0.0000000e+00   1.5744335e-01   8.4255665e-01
   3.7761022e-01   0.0000000e+00   1.5826142e-01   8.4173858e-01
   3.7761022e-01   0.0000000e+00   1.5725158e-01   8.4274842e-01
   3.7761026e-01   0.0000000e+00   1.5809109e-01   8.4190891e-01
   3.7761034e-01   0.0000000e+00   1.5772776e-01   8.4227224e-01
   3.7761037e-01   0.0000000e+00   1.5713755e-01   8.4286245e-01
   3.7761037e-01   0.0000000e+00   1.5755861e-01   8.4244139e-01
   3.7761041e-01   0.0000000e+00   1.5781937e-01   8.4218063e-01
   3.7761047e-01   0.0000000e+00   1.5823549e-01   8.4176451e-01
   3.7761051e-01   0.0000000e+00   1.5711353e-01   8.4288647e-01
   3.7761052e-01   0.0000000e+00   1.5835305e-01   8.4164695e-01
   3.7761059e-01   0.0000000e+00   1.5757948e-01   8.4242052e-01
   3.7761059e-01   0.0000000e+00   1.5812404e-01   8.4187596e-01
   3.7761065e-01   0.0000000e+00   1.5817479e-01   8.4182521e-01
   3.7761068e-01   0.0000000e+00   1.5754808e-01   8.4245192e-01
   3.7761069e-01   0.0000000e+00   1.5729613e-01   8.4270387e-01
   3.7761071e-01   0.0000000e+00   1.5733128e-01   8.4266872e-01
   3.7761072e-01   0.0000000e+00   1.5819699e-01   8.4180301e-01
   3.7761078e-01   0.0000000e+00   1.5761787e-01   8.4238213e-01
   3.7761084e-01   0.0000000e+00   1.5685068e-01   8.4314932e-01
   3.7761087e-01   0.0000000e+00   1.5848052e-01   8.4151948e-01
   3.7761088e-01   0.0000000e+00   1.5752269e-01   8.4247731e-01
   3.7761092e-01   0.0000000e+00   1.5740958e-01   8.4259042e-01
   3.7761094e-01   0.0000000e+00   1.5753107e-01   8.4246893e-01
   3.7761096e-01   0.0000000e+00   1.5897931e-01   8.4102069e-01
   3.7761101e-01   0.0000000e+00   1.5727749e-01   8.4272251e-01
   3.7761106e-01   0.0000000e+00   1.5753739e-01   8.4246261e-01
   3.7761112e-01   0.0000000e+00   1.5807012e-01   8.4192988e-01
   3.7761114e-01   0.0000000e+00   1.5727127e-01   8.4272873e-01
   3.7761114e-01   0.0000000e+00   1.5703630e-01   8.4296370e-01
   3.7761119e-01   0.0000000e+00   1.5836201e-01   8.4163799e-01
   3.7761122e-01   0.0000000e+00   1.5721469e-01   8.4278531e-01
   3.7761124e-01   0.0000000e+00   1.5849024e-01   8.4150976e-01
   3.7761129e-01   0.0000000e+00   1.5769187e-01   8.4230813e-01
   3.7761137e-01   0.0000000e+00   1.5735341e-01   8.4264659e-01
   3.7761140e-01   0.0000000e+00   1.5651613e-01   8.4348387e-01
   3.7761154e-01   0.0000000e+00   1.5784415e-01   8.4215585e-01
   3.7761161e-01   0.0000000e+00   1.5816496e-01   8.4183504e-01
   3.7761167e-01   0.0000000e+00   1.5656417e-01   8.4343583e-01
   3.7761172e-01   0.0000000e+00   1.5717003e-01   8.4282997e-01
   3.7761173e-01   0.0000000e+00   1.5794346e-01   8.4205654e-01
   3.7761180e-01   0.0000000e+00   1.5830178e-01   8.4169822e-01
   3.7761193e-01   0.0000000e+00   1.5749023e-01   8.4250977e-01
   3.7761195e-01   0.0000000e+00   1.5773875e-01   8.4226125e-01
   3.7761207e-01   0.0000000e+00   1.5757720e-01   8.4242280e-01
   3.7761208e-01   0.0000000e+00   1.5747048e-01   8.4252952e-01
   3.7761220e-01   0.0000000e+00   1.5719025e-01   8.4280975e-01
   3.7761224e-01   0.0000000e+00   1.5685085e-01   8.4314915e-01
   3.7761231e-01   0.0000000e+00   1.5697878e-01   8.4302122e-01
   3.7761236e-01   0.0000000e+00   1.5693687e-01   8.4306313e-01
   3.7761241e-01   0.0000000e+00   1.5787411e-01   8.4212589e-01
   3.7761246e-01   0.0000000e+00   1.5793779e-01   8.4206221e-01
   3.7761253e-01   0.0000000e+00   1.5795644e-01   8.4204356e-01
   3.7761254e-01   0.0000000e+00   1.5719856e-01   8.4280144e-01
   3.7761257e-01   0.0000000e+00   1.5795036e-01   8.4204964e-01
   3.7761258e-01   0.0000000e+00   1.5672526e-01   8.4327474e-01
   3.7761260e-01   0.0000000e+00   1.5713004e-01   8.4286996e-01
   3.7761260e-01   0.0000000e+00   1.5673250e-01   8.4326750e-01
   3.7761262e-01   0.0000000e+00   1.5746169e-01   8.4253831e-01
   3.7761264e-01   0.0000000e+00   1.5904857e-01   8.4095143e-01
   3.7761284e-01   0.0000000e+00   1.5813603e-01   8.4186397e-01
   3.7761299e-01   0.0000000e+00   1.5740766e-01   8.4259234e-01
   3.7761309e-01   0.0000000e+00   1.5735559e-01   8.4264441e-01
   3.7761316e-01   0.0000000e+00   1.5743565e-01   8.4256435e-01
   3.7761336e-01   0.0000000e+00   1.5707209e-01   8.4292791e-01
   3.7761339e-01   0.0000000e+00   1.5773515e-01   8.4226485e-01
   3.7761352e-01   0.0000000e+00   1.5649763e-01   8.4350237e-01
   3.7761359e-01   0.0000000e+00   1.5704178e-01   8.4295822e-01
   3.7761361e-01   0.0000000e+00   1.5667881e-01   8.4332119e-01
   3.7761381e-01   0.0000000e+00   1.5847783e-01   8.4152217e-01
   3.7761383e-01   0.0000000e+00   1.5763755e-01   8.4236245e-01
   3.7761386e-01   0.0000000e+00   1.5775251e-01   8.4224749e-01
   3.7761390e-01   0.0000000e+00   1.5836940e-01   8.4163060e-01
   3.7761394e-01   0.0000000e+00   1.5756531e-01   8.4243469e-01
   3.7761398e-01   0.0000000e+00   1.5821879e-01   8.4178121e-01
   3.7761400e-01   0.0000000e+00   1.5815856e-01   8.4184144e-01
   3.7761407e-01   0.0000000e+00   1.5681781e-01   8.4318219e-01
   3.7761428e-01   0.0000000e+00   1.5670747e-01   8.4329253e-01
   3.7761428e-01   0.0000000e+00   1.5680919e-01   8.4319081e-01
   3.7761452e-01   0.0000000e+00   1.5780650e-01   8.4219350e-01
   3.7761453e-01   0.0000000e+00   1.5615066e-01   8.4384934e-01
   3.7761457e-01   0.0000000e+00   1.5713513e-01   8.4286487e-01
   3.7761497e-01   0.0000000e+00   1.5771571e-01   8.4228429e-01
   3.7761499e-01   0.0000000e+00   1.5927291e-01   8.4072709e-01
   3.7761504e-01   0.0000000e+00   1.5792399e-01   8.4207601e-01
   3.7761506e-01   0.0000000e+00   1.5601393e-01   8.4398607e-01
   3.7761508e-01   0.0000000e+00   1.5771844e-01   8.4228156e-01
   3.7761533e-01   0.0000000e+00   1.5780630e-01   8.4219370e-01
   3.7761536e-01   0.0000000e+00   1.5823895e-01   8.4176105e-01
   3.7761568e-01   0.0000000e+00   1.5673002e-01   8.4326998e-01
   3.7761572e-01   0.0000000e+00   1.5636166e-01   8.4363834e-01
   3.7761581e-01   0.0000000e+00   1.5812276e-01   8.4187724e-01
   3.7761589e-01   0.0000000e+00   1.5587470e-01   8.4412530e-01
   3.7761593e-01   0.0000000e+00   1.5721088e-01   8.4278912e-01
   3.7761619e-01   0.0000000e+00   1.5689063e-01   8.4310937e-01
   3.7761625e-01   0.0000000e+00   1.5623587e-01   8.4376413e-01
   3.7761627e-01   0.0000000e+00   1.5665278e-01   8.4334722e-01
   3.7761648e-01   0.0000000e+00   1.5740469e-01   8.4259531e-01
   3.7761665e-01   0.0000000e+00   1.5705162e-01   8.4294838e-01
   3.7761674e-01   0.0000000e+00   1.5724066e-01   8.4275934e-01
   3.7761674e-01   0.0000000e+00   1.5698621e-01   8.4301379e-01
   3.7761687e-01   0.0000000e+00   1.5813281e-01   8.4186719e-01
   3.7761711e-01   0.0000000e+00   1.5641998e-01   8.4358002e-01
   3.7761748e-01   0.0000000e+00   1.5564216e-01   8.4435784e-01
   3.7761761e-01   0.0000000e+00   1.5611382e-01   8.4388618e-01
   3.7761774e-01   0.0000000e+00   1.5700313e-01   8.4299687e-01
   3.7761786e-01   0.0000000e+00   1.5713368e-01   8.4286632e-01
   3.7761831e-01   0.0000000e+00   1.5843965e-01   8.4156035e-01
   3.7761857e-01   0.0000000e+00   1.5721721e-01   8.4278279e-01
   3.7761865e-01   0.0000000e+00   1.5854101e-01   8.4145899e-01
   3.7761868e-01   0.0000000e+00   1.5655905e-01   8.4344095e-01
   3.7761872e-01   0.0000000e+00   1.5721068e-01   8.4278932e-01
   3.7761873e-01   0.0000000e+00   1.5775767e-01   8.4224233e-01
   3.7761882e-01   0.0000000e+00   1.5711279e-01   8.4288721e-01
   3.7761884e-01   0.0000000e+00   1.5836618e-01   8.4163382e-01
   3.7761890e-01   0.0000000e+00   1.5689872e-01   8.4310128e-01
   3.7761891e-01   0.0000000e+00   1.5897342e-01   8.4102658e-01
   3.7761894e-01   0.0000000e+00   1.5847410e-01   8.4152590e-01
   3.7761896e-01   0.0000000e+00   1.5684614e-01   8.4315386e-01
   3.7761905e-01   0.0000000e+00   1.5717166e-01   8.4282834e-01
   3.7761913e-01   0.0000000e+00   1.5750825e-01   8.4249175e-01
   3.7761954e-01   0.0000000e+00   1.5678924e-01   8.4321076e-01
   3.7761954e-01   0.0000000e+00   1.5710137e-01   8.4289863e-01
   3.7761967e-01   0.0000000e+00   1.5751097e-01   8.4248903e-01
   3.7761967e-01   0.0000000e+00   1.5615805e-01   8.4384195e-01
   3.7761968e-01   0.0000000e+00   1.5731360e-01   8.4268640e-01
   3.7761987e-01   0.0000000e+00   1.5654133e-01   8.4345867e-01
   3.7761989e-01   0.0000000e+00   1.5784887e-01   8.4215113e-01
   3.7762004e-01   0.0000000e+00   1.5684773e-01   8.4315227e-01
   3.7762022e-01   0.0000000e+00   1.5849674e-01   8.4150326e-01
   3.7762025e-01   0.0000000e+00   1.5852845e-01   8.4147155e-01
   3.7762040e-01   0.0000000e+00   1.5696098e-01   8.4303902e-01
   3.7762047e-01   0.0000000e+00   1.5733693e-01   8.4266307e-01
   3.7762068e-01   0.0000000e+00   1.5574189e-01   8.4425811e-01
   3.7762068e-01   0.0000000e+00   1.5818678e-01   8.4181322e-01
   3.7762071e-01   0.0000000e+00   1.5669416e-01   8.4330584e-01
   3.7762093e-01   0.0000000e+00   1.5789821e-01   8.4210179e-01
   3.7762100e-01   0.0000000e+00   1.5724608e-01   8.4275392e-01
   3.7762103e-01   0.0000000e+00   1.5627277e-01   8.4372723e-01
   3.7762118e-01   0.0000000e+00   1.5661970e-01   8.4338030e-01
   3.7762192e-01   0.0000000e+00   1.5687965e-01   8.4312035e-01
   3.7762202e-01   0.0000000e+00   1.5648229e-01   8.4351771e-01
   3.7762210e-01   0.0000000e+00   1.5752520e-01   8.4247480e-01
   3.7762246e-01   0.0000000e+00   1.5769147e-01   8.4230853e-01
   3.7762247e-01   0.0000000e+00   1.5674032e-01   8.4325968e-01
   3.7762278e-01   0.0000000e+00   1.5797623e-01   8.4202377e-01
   3.7762294e-01   0.0000000e+00   1.5865313e-01   8.4134687e-01
   3.7762296e-01   0.0000000e+00   1.5608673e-01   8.4391327e-01
   3.7762300e-01   0.0000000e+00   1.5865256e-01   8.4134744e-01
   3.7762351e-01   0.0000000e+00   1.5762658e-01   8.4237342e-01
   3.7762416e-01   0.0000000e+00   1.5736893e-01   8.4263107e-01
   3.7762437e-01   0.0000000e+00   1.5771113e-01   8.4228887e-01
   3.7762449e-01   0.0000000e+00   1.5779061e-01   8.4220939e-01
   3.7762459e-01   0.0000000e+00   1.5791907e-01   8.4208093e-01
   3.7762469e-01   0.0000000e+00   1.5845523e-01   8.4154477e-01
   3.7762478e-01   0.0000000e+00   1.5900435e-01   8.4099565e-01
   3.7762488e-01   0.0000000e+00   1.5725162e-01   8.4274838e-01
   3.7762515e-01   0.0000000e+00   1.5553318e-01   8.4446682e-01
   3.7762543e-01   0.0000000e+00   1.5825960e-01   8.4174040e-01
   3.7762568e-01   0.0000000e+00   1.5743158e-01   8.4256842e-01
   3.7762613e-01   0.0000000e+00   1.5703017e-01   8.4296983e-01
   3.7762640e-01   0.0000000e+00   1.5767840e-01   8.4232160e-01
   3.7762665e-01   0.0000000e+00   1.5743568e-01   8.4256432e-01
   3.7762711e-01   0.0000000e+00   1.5931705e-01   8.4068295e-01
   3.7762716e-01   0.0000000e+00   1.5743375e-01   8.4256625e-01
   3.7762726e-01   0.0000000e+00   1.5704561e-01   8.4295439e-01
   3.7762752e-01   0.0000000e+00   1.5761038e-01   8.4238962e-01
   3.7762769e-01   0.0000000e+00   1.5954246e-01   8.4045754e-01
   3.7762778e-01   0.0000000e+00   1.5749899e-01   8.4250101e-01
   3.7762821e-01   0.0000000e+00   1.5738165e-01   8.4261835e-01
   3.7762852e-01   0.0000000e+00   1.5925046e-01   8.4074954e-01
   3.7762933e-01   0.0000000e+00   1.5573062e-01   8.4426938e-01
   3.7763025e-01   0.0000000e+00   1.5774094e-01   8.4225906e-01
   3.7763045e-01   0.0000000e+00   1.5615703e-01   8.4384297e-01
   3.7763060e-01   0.0000000e+00   1.5801707e-01   8.4198293e-01
   3.7763065e-01   0.0000000e+00   1.5558147e-01   8.4441853e-01
   3.7763195e-01   0.0000000e+00   1.5617688e-01   8.4382312e-01
   3.7763231e-01   0.0000000e+00   1.5483489e-01   8.4516511e-01
   3.7763260e-01   0.0000000e+00   1.5783012e-01   8.4216988e-01
   3.7763273e-01   0.0000000e+00   1.5808165e-01   8.4191835e-01
   3.7763305e-01   0.0000000e+00   1.5746936e-01   8.4253064e-01
   3.7763319e-01   0.0000000e+00   1.5935805e-01   8.4064195e-01
   3.7763331e-01   0.0000000e+00   1.5706689e-01   8.4293311e-01
   3.7763380e-01   0.0000000e+00   1.5782745e-01   8.4217255e-01
   3.7763424e-01   0.0000000e+00   1.5621294e-01   8.4378706e-01
   3.7763427e-01   0.0000000e+00   1.5593142e-01   8.4406858e-01
   3.7763431e-01   0.0000000e+00   1.5912323e-01   8.4087677e-01
   3.7763550e-01   0.0000000e+00   1.5668857e-01   8.4331143e-01
   3.7763565e-01   0.0000000e+00   1.5690357e-01   8.4309643e-01
   3.7763606e-01   0.0000000e+00   1.5930049e-01   8.4069951e-01
   3.7763625e-01   0.0000000e+00   1.5632218e-01   8.4367782e-01
   3.7763759e-01   0.0000000e+00   1.5700991e-01   8.4299009e-01
   3.7763788e-01   0.0000000e+00   1.5589404e-01   8.4410596e-01
   3.7763857e-01   0.0000000e+00   1.5768515e-01   8.4231485e-01
   3.7763888e-01   0.0000000e+00   1.5573387e-01   8.4426613e-01
   3.7763980e-01   0.0000000e+00   1.5710995e-01   8.4289005e-01
   3.7763997e-01   0.0000000e+00   1.5921436e-01   8.4078564e-01
   3.7764025e-01   0.0000000e+00   1.5683689e-01   8.4316311e-01
   3.7764037e-01   0.0000000e+00   1.5734537e-01   8.4265463e-01
   3.7764133e-01   0.0000000e+00   1.5653286e-01   8.4346714e-01
   3.7764165e-01   0.0000000e+00   1.5863948e-01   8.4136052e-01
   3.7764176e-01   0.0000000e+00   1.5856494e-01   8.4143506e-01
   3.7764208e-01   0.0000000e+00   1.5689542e-01   8.4310458e-01
   3.7764238e-01   0.0000000e+00   1.5812961e-01   8.4187039e-01
   3.7764255e-01   0.0000000e+00   1.5733304e-01   8.4266696e-01
   3.7764256e-01   0.0000000e+00   1.5737341e-01   8.4262659e-01
   3.7764266e-01   0.0000000e+00   1.5715169e-01   8.4284831e-01
   3.7764268e-01   0.0000000e+00   1.5930860e-01   8.4069140e-01
   3.7764321e-01   0.0000000e+00   1.5703452e-01   8.4296548e-01
   3.7764346e-01   0.0000000e+00   1.5820085e-01   8.4179915e-01
   3.7764384e-01   0.0000000e+00   1.5682741e-01   8.4317259e-01
   3.7764387e-01   0.0000000e+00   1.5778721e-01   8.4221279e-01
   3.7764410e-01   0.0000000e+00   1.5723062e-01   8.4276938e-01
   3.7764413e-01   0.0000000e+00   1.6043336e-01   8.3956664e-01
   3.7764488e-01   0.0000000e+00   1.5673928e-01   8.4326072e-01
   3.7764509e-01   0.0000000e+00   1.5528561e-01   8.4471439e-01
   3.7764749e-01   0.0000000e+00   1.5832831e-01   8.4167169e-01
   3.7764905e-01   0.0000000e+00   1.5564520e-01   8.4435480e-01
   3.7764908e-01   0.0000000e+00   1.5750648e-01   8.4249352e-01
   3.7764973e-01   0.0000000e+00   1.5655920e-01   8.4344080e-01
   3.7764982e-01   0.0000000e+00   1.5705517e-01   8.4294483e-01
   3.7764991e-01   0.0000000e+00   1.5694524e-01   8.4305476e-01
   3.7765006e-01   0.0000000e+00   1.5751262e-01   8.4248738e-01
   3.7765116e-01   0.0000000e+00   1.5503469e-01   8.4496531e-01
   3.7765164e-01   0.0000000e+00   1.5602858e-01   8.4397142e-01
   3.7765173e-01   0.0000000e+00   1.5709477e-01   8.4290523e-01
   3.7765191e-01   0.0000000e+00   1.5616993e-01   8.4383007e-01
   3.7765224e-01   0.0000000e+00   1.5644967e-01   8.4355033e-01
   3.7765254e-01   0.0000000e+00   1.5730496e-01   8.4269504e-01
   3.7765266e-01   0.0000000e+00   1.5732266e-01   8.4267734e-01
   3.7765271e-01   0.0000000e+00   1.5624576e-01   8.4375424e-01
   3.7765280e-01   0.0000000e+00   1.5649096e-01   8.4350904e-01
   3.7765323e-01   0.0000000e+00   1.5875577e-01   8.4124423e-01
   3.7765324e-01   0.0000000e+00   1.5673353e-01   8.4326647e-01
   3.7765353e-01   0.0000000e+00   1.5772702e-01   8.4227298e-01
   3.7765407e-01   0.0000000e+00   1.5501782e-01   8.4498218e-01
   3.7765455e-01   0.0000000e+00   1.5950983e-01   8.4049017e-01
   3.7765460e-01   0.0000000e+00   1.5694420e-01   8.4305580e-01
   3.7765481e-01   0.0000000e+00   1.5781884e-01   8.4218116e-01
   3.7765508e-01   0.0000000e+00   1.5723270e-01   8.4276730e-01
   3.7765551e-01   0.0000000e+00   1.5866525e-01   8.4133475e-01
   3.7765551e-01   0.0000000e+00   1.5655971e-01   8.4344029e-01
   3.7765582e-01   0.0000000e+00   1.5786882e-01   8.4213118e-01
   3.7765678e-01   0.0000000e+00   1.5630555e-01   8.4369445e-01
   3.7765715e-01   0.0000000e+00   1.5651518e-01   8.4348482e-01
   3.7765732e-01   0.0000000e+00   1.5647861e-01   8.4352139e-01
   3.7765741e-01   0.0000000e+00   1.5677970e-01   8.4322030e-01
   3.7765750e-01   0.0000000e+00   1.5652989e-01   8.4347011e-01
   3.7765751e-01   0.0000000e+00   1.5778187e-01   8.4221813e-01
   3.7765752e-01   0.0000000e+00   1.5606466e-01   8.4393534e-01
   3.7765755e-01   0.0000000e+00   1.5647545e-01   8.4352455e-01
   3.7765800e-01   0.0000000e+00   1.5692592e-01   8.4307408e-01
   3.7765802e-01   0.0000000e+00   1.5750521e-01   8.4249479e-01
   3.7765842e-01   0.0000000e+00   1.5691421e-01   8.4308579e-01
   3.7765850e-01   0.0000000e+00   1.5680789e-01   8.4319211e-01
   3.7765909e-01   0.0000000e+00   1.5702313e-01   8.4297687e-01
   3.7765939e-01   0.0000000e+00   1.5702661e-01   8.4297339e-01
   3.7765974e-01   0.0000000e+00   1.5713752e-01   8.4286248e-01
   3.7765998e-01   0.0000000e+00   1.5621346e-01   8.4378654e-01
   3.7766017e-01   0.0000000e+00   1.5659163e-01   8.4340837e-01
   3.7766053e-01   0.0000000e+00   1.5705467e-01   8.4294533e-01
   3.7766064e-01   0.0000000e+00   1.5587650e-01   8.4412350e-01
   3.7766082e-01   0.0000000e+00   1.5730036e-01   8.4269964e-01
   3.7766116e-01   0.0000000e+00   1.5827155e-01   8.4172845e-01
   3.7766124e-01   0.0000000e+00   1.5761057e-01   8.4238943e-01
   3.7766225e-01   0.0000000e+00   1.5804369e-01   8.4195631e-01
   3.7766252e-01   0.0000000e+00   1.5739987e-01   8.4260013e-01
   3.7766259e-01   0.0000000e+00   1.5632402e-01   8.4367598e-01
   3.7766259e-01   0.0000000e+00   1.5581839e-01   8.4418161e-01
   3.7766280e-01   0.0000000e+00   1.5758244e-01   8.4241756e-01
   3.7766302e-01   0.0000000e+00   1.5760604e-01   8.4239396e-01
   3.7766349e-01   0.0000000e+00   1.5560025e-01   8.4439975e-01
   3.7766406e-01   0.0000000e+00   1.5728884e-01   8.4271116e-01
   3.7766407e-01   0.0000000e+00   1.5578192e-01   8.4421808e-01
   3.7766453e-01   0.0000000e+00   1.5601551e-01   8.4398449e-01
   3.7766472e-01   0.0000000e+00   1.5738807e-01   8.4261193e-01
   3.7766500e-01   0.0000000e+00   1.5578279e-01   8.4421721e-01
   3.7766553e-01   0.0000000e+00   1.5594824e-01   8.4405176e-01
   3.7766600e-01   0.0000000e+00   1.5844653e-01   8.4155347e-01
   3.7766604e-01   0.0000000e+00   1.5822493e-01   8.4177507e-01
   3.7766668e-01   0.0000000e+00   1.5615059e-01   8.4384941e-01
   3.7766709e-01   0.0000000e+00   1.5651937e-01   8.4348063e-01
   3.7766749e-01   0.0000000e+00   1.5631382e-01   8.4368618e-01
   3.7766766e-01   0.0000000e+00   1.5727057e-01   8.4272943e-01
   3.7766773e-01   0.0000000e+00   1.5609964e-01   8.4390036e-01
   3.7766779e-01   0.0000000e+00   1.5589340e-01   8.4410660e-01
   3.7766930e-01   0.0000000e+00   1.5721595e-01   8.4278405e-01
   3.7766933e-01   0.0000000e+00   1.5660657e-01   8.4339343e-01
   3.7766937e-01   0.0000000e+00   1.5741300e-01   8.4258700e-01
   3.7766943e-01   0.0000000e+00   1.5764772e-01   8.4235228e-01
   3.7766948e-01   0.0000000e+00   1.5643438e-01   8.4356562e-01
   3.7766954e-01   0.0000000e+00   1.5871618e-01   8.4128382e-01
   3.7766963e-01   0.0000000e+00   1.5567332e-01   8.4432668e-01
   3.7767000e-01   0.0000000e+00   1.5595232e-01   8.4404768e-01
   3.7767015e-01   0.0000000e+00   1.5570358e-01   8.4429642e-01
   3.7767062e-01   0.0000000e+00   1.5827403e-01   8.4172597e-01
   3.7767083e-01   0.0000000e+00   1.5640403e-01   8.4359597e-01
   3.7767093e-01   0.0000000e+00   1.5542303e-01   8.4457697e-01
   3.7767122e-01   0.0000000e+00   1.5616117e-01   8.4383883e-01
   3.7767161e-01   0.0000000e+00   1.5577637e-01   8.4422363e-01
   3.7767179e-01   0.0000000e+00   1.5810114e-01   8.4189886e-01
   3.7767183e-01   0.0000000e+00   1.5647154e-01   8.4352846e-01
   3.7767262e-01   0.0000000e+00   1.5610564e-01   8.4389436e-01
   3.7767278e-01   0.0000000e+00   1.5574169e-01   8.4425831e-01
   3.7767284e-01   0.0000000e+00   1.5517647e-01   8.4482353e-01
   3.7767297e-01   0.0000000e+00   1.5537292e-01   8.4462708e-01
   3.7767311e-01   0.0000000e+00   1.5842521e-01   8.4157479e-01
   3.7767313e-01   0.0000000e+00   1.5477011e-01   8.4522989e-01
   3.7767335e-01   0.0000000e+00   1.5720390e-01   8.4279610e-01
   3.7767360e-01   0.0000000e+00   1.5432379e-01   8.4567621e-01
   3.7767363e-01   0.0000000e+00   1.5532835e-01   8.4467165e-01
   3.7767366e-01   0.0000000e+00   1.5683768e-01   8.4316232e-01
   3.7767375e-01   0.0000000e+00   1.5808455e-01   8.4191545e-01
   3.7767402e-01   0.0000000e+00   1.5686250e-01   8.4313750e-01
   3.7767422e-01   0.0000000e+00   1.5618949e-01   8.4381051e-01
   3.7767453e-01   0.0000000e+00   1.5495240e-01   8.4504760e-01
   3.7767469e-01   0.0000000e+00   1.5459338e-01   8.4540662e-01
   3.7767489e-01   0.0000000e+00   1.5478343e-01   8.4521657e-01
   3.7767490e-01   0.0000000e+00   1.5839104e-01   8.4160896e-01
   3.7767503e-01   0.0000000e+00   1.5400669e-01   8.4599331e-01
   3.7767512e-01   0.0000000e+00   1.5690242e-01   8.4309758e-01
   3.7767519e-01   0.0000000e+00   1.5809171e-01   8.4190829e-01
   3.7767582e-01   0.0000000e+00   1.5778254e-01   8.4221746e-01
   3.7767678e-01   0.0000000e+00   1.5669376e-01   8.4330624e-01
   3.7767696e-01   0.0000000e+00   1.5434861e-01   8.4565139e-01
   3.7767732e-01   0.0000000e+00   1.5880806e-01   8.4119194e-01
   3.7767780e-01   0.0000000e+00   1.5655293e-01   8.4344707e-01
   3.7767807e-01   0.0000000e+00   1.5649859e-01   8.4350141e-01
   3.7767875e-01   0.0000000e+00   1.5579105e-01   8.4420895e-01
   3.7767914e-01   0.0000000e+00   1.5626348e-01   8.4373652e-01
   3.7768013e-01   0.0000000e+00   1.5515989e-01   8.4484011e-01
   3.7768017e-01   0.0000000e+00   1.5714371e-01   8.4285629e-01
   3.7768112e-01   0.0000000e+00   1.5492018e-01   8.4507982e-01
   3.7768124e-01   0.0000000e+00   1.5438052e-01   8.4561948e-01
   3.7768189e-01   0.0000000e+00   1.5792117e-01   8.4207883e-01
   3.7768253e-01   0.0000000e+00   1.5991862e-01   8.4008138e-01
   3.7768317e-01   0.0000000e+00   1.5390829e-01   8.4609171e-01
   3.7768393e-01   0.0000000e+00   1.5774619e-01   8.4225381e-01
   3.7768408e-01   0.0000000e+00   1.5636574e-01   8.4363426e-01
   3.7768428e-01   0.0000000e+00   1.5382079e-01   8.4617921e-01
   3.7768626e-01   0.0000000e+00   1.5524268e-01   8.4475732e-01
   3.7768723e-01   0.0000000e+00   1.5874739e-01   8.4125261e-01
   3.7768748e-01   0.0000000e+00   1.5476398e-01   8.4523602e-01
   3.7768771e-01   0.0000000e+00   1.5594417e-01   8.4405583e-01
   3.7768776e-01   0.0000000e+00   1.5451784e-01   8.4548216e-01
   3.7768878e-01   0.0000000e+00   1.5871257e-01   8.4128743e-01
   3.7768881e-01   0.0000000e+00   1.5541583e-01   8.4458417e-01
   3.7768887e-01   0.0000000e+00   1.5762775e-01   8.4237225e-01
   3.7768887e-01   0.0000000e+00   1.5588247e-01   8.4411753e-01
   3.7768925e-01   0.0000000e+00   1.5445701e-01   8.4554299e-01
   3.7768963e-01   0.0000000e+00   1.5852752e-01   8.4147248e-01
   3.7769000e-01   0.0000000e+00   1.5559622e-01   8.4440378e-01
   3.7769045e-01   0.0000000e+00   1.5369421e-01   8.4630579e-01
   3.7769051e-01   0.0000000e+00   1.5451496e-01   8.4548504e-01
   3.7769071e-01   0.0000000e+00   1.5852302e-01   8.4147698e-01
   3.7769300e-01   0.0000000e+00   1.5381430e-01   8.4618570e-01
   3.7769324e-01   0.0000000e+00   1.5427540e-01   8.4572460e-01
   3.7769479e-01   0.0000000e+00   1.5342993e-01   8.4657007e-01
   3.7769481e-01   0.0000000e+00   1.5400259e-01   8.4599741e-01
   3.7769575e-01   0.0000000e+00   1.5756246e-01   8.4243754e-01
   3.7769603e-01   0.0000000e+00   1.5961759e-01   8.4038241e-01
   3.7769707e-01   0.0000000e+00   1.5308739e-01   8.4691261e-01
   3.7769724e-01   0.0000000e+00   1.5884418e-01   8.4115582e-01
   3.7769731e-01   0.0000000e+00   1.5264427e-01   8.4735573e-01
   3.7769740e-01   0.0000000e+00   1.5401577e-01   8.4598423e-01
   3.7769814e-01   0.0000000e+00   1.5851467e-01   8.4148533e-01
   3.7769856e-01   0.0000000e+00   1.5580713e-01   8.4419287e-01
   3.7770275e-01   0.0000000e+00   1.5323544e-01   8.4676456e-01
   3.7770398e-01   0.0000000e+00   1.5911157e-01   8.4088843e-01
   3.7770468e-01   0.0000000e+00   1.5381967e-01   8.4618033e-01
   3.7770523e-01   0.0000000e+00   1.5644286e-01   8.4355714e-01
   3.7770620e-01   0.0000000e+00   1.5370674e-01   8.4629326e-01
   3.7770698e-01   0.0000000e+00   1.5460991e-01   8.4539009e-01
   3.7770714e-01   0.0000000e+00   1.5707032e-01   8.4292968e-01
   3.7770756e-01   0.0000000e+00   1.5264388e-01   8.4735612e-01
   3.7770873e-01   0.0000000e+00   1.5286247e-01   8.4713753e-01
   3.7770878e-01   0.0000000e+00   1.5386415e-01   8.4613585e-01
   3.7770894e-01   0.0000000e+00   1.5398860e-01   8.4601140e-01
   3.7770897e-01   0.0000000e+00   1.5780508e-01   8.4219492e-01
   3.7770971e-01   0.0000000e+00   1.5281514e-01   8.4718486e-01
   3.7770989e-01   0.0000000e+00   1.5450052e-01   8.4549948e-01
   3.7771018e-01   0.0000000e+00   1.5226607e-01   8.4773393e-01
   3.7771173e-01   0.0000000e+00   1.5255889e-01   8.4744111e-01
   3.7771245e-01   0.0000000e+00   1.5322951e-01   8.4677049e-01
   3.7771316e-01   0.0000000e+00   1.5478712e-01   8.4521288e-01
   3.7771412e-01   0.0000000e+00   1.5302403e-01   8.4697597e-01
   3.7771533e-01   0.0000000e+00   1.5197962e-01   8.4802038e-01
   3.7771568e-01   0.0000000e+00   1.5190891e-01   8.4809109e-01
   3.7771591e-01   0.0000000e+00   1.5246029e-01   8.4753971e-01
   3.7771879e-01   0.0000000e+00   1.5358893e-01   8.4641107e-01
   3.7771936e-01   0.0000000e+00   1.5405428e-01   8.4594572e-01
   3.7772178e-01   0.0000000e+00   1.5164959e-01   8.4835041e-01
   3.7772191e-01   0.0000000e+00   1.5402980e-01   8.4597020e-01
   3.7772285e-01   0.0000000e+00   1.5208787e-01   8.4791213e-01
   3.7772345e-01   0.0000000e+00   1.5230443e-01   8.4769557e-01
   3.7772358e-01   0.0000000e+00   1.5232859e-01   8.4767141e-01
   3.7772359e-01   0.0000000e+00   1.6003436e-01   8.3996564e-01
   3.7772436e-01   0.0000000e+00   1.5325262e-01   8.4674738e-01
   3.7772459e-01   0.0000000e+00   1.5312597e-01   8.4687403e-01
   3.7772501e-01   0.0000000e+00   1.5384733e-01   8.4615267e-01
   3.7772546e-01   0.0000000e+00   1.5422104e-01   8.4577896e-01
   3.7772630e-01   0.0000000e+00   1.5159101e-01   8.4840899e-01
   3.7772675e-01   0.0000000e+00   1.5206368e-01   8.4793632e-01
   3.7772760e-01   0.0000000e+00   1.5166983e-01   8.4833017e-01
   3.7772843e-01   0.0000000e+00   1.5252381e-01   8.4747619e-01
   3.7772921e-01   0.0000000e+00   1.5173439e-01   8.4826561e-01
   3.7772959e-01   0.0000000e+00   1.5200599e-01   8.4799401e-01
   3.7773015e-01   0.0000000e+00   1.5313099e-01   8.4686901e-01
   3.7773057e-01   0.0000000e+00   1.5121470e-01   8.4878530e-01
   3.7773181e-01   0.0000000e+00   1.5155680e-01   8.4844320e-01
   3.7773411e-01   0.0000000e+00   1.5145872e-01   8.4854128e-01
   3.7773448e-01   0.0000000e+00   1.5147924e-01   8.4852076e-01
   3.7773476e-01   0.0000000e+00   1.5144697e-01   8.4855303e-01
   3.7773497e-01   0.0000000e+00   1.5371591e-01   8.4628409e-01
   3.7773749e-01   0.0000000e+00   1.5090935e-01   8.4909065e-01
   3.7773764e-01   0.0000000e+00   1.5103246e-01   8.4896754e-01
   3.7773789e-01   0.0000000e+00   1.5176018e-01   8.4823982e-01
   3.7773814e-01   0.0000000e+00   1.5219543e-01   8.4780457e-01
   3.7773875e-01   0.0000000e+00   1.5111365e-01   8.4888635e-01
   3.7773932e-01   0.0000000e+00   1.5157656e-01   8.4842344e-01
   3.7773968e-01   0.0000000e+00   1.5118091e-01   8.4881909e-01
   3.7774022e-01   0.0000000e+00   1.5068576e-01   8.4931424e-01
   3.7774035e-01   0.0000000e+00   1.5113784e-01   8.4886216e-01
   3.7774140e-01   0.0000000e+00   1.5136709e-01   8.4863291e-01
   3.7774201e-01   0.0000000e+00   1.5062806e-01   8.4937194e-01
   3.7774201e-01   0.0000000e+00   1.5112789e-01   8.4887211e-01
   3.7774233e-01   0.0000000e+00   1.5115475e-01   8.4884525e-01
   3.7774238e-01   0.0000000e+00   1.5112527e-01   8.4887473e-01
   3.7774337e-01   0.0000000e+00   1.5153831e-01   8.4846169e-01
   3.7774391e-01   0.0000000e+00   1.5066236e-01   8.4933764e-01
   3.7774449e-01   0.0000000e+00   1.5118131e-01   8.4881869e-01
   3.7774471e-01   0.0000000e+00   1.5178675e-01   8.4821325e-01
   3.7774472e-01   0.0000000e+00   1.5272880e-01   8.4727120e-01
   3.7774548e-01   0.0000000e+00   1.5034626e-01   8.4965374e-01
   3.7774689e-01   0.0000000e+00   1.5055932e-01   8.4944068e-01
   3.7774724e-01   0.0000000e+00   1.5083038e-01   8.4916962e-01
   3.7774747e-01   0.0000000e+00   1.5128784e-01   8.4871216e-01
   3.7774762e-01   0.0000000e+00   1.5092830e-01   8.4907170e-01
   3.7774763e-01   0.0000000e+00   1.5077648e-01   8.4922352e-01
   3.7774805e-01   0.0000000e+00   1.5015684e-01   8.4984316e-01
   3.7774807e-01   0.0000000e+00   1.5057141e-01   8.4942859e-01
   3.7774827e-01   0.0000000e+00   1.5121115e-01   8.4878885e-01
   3.7774851e-01   0.0000000e+00   1.5051198e-01   8.4948802e-01
   3.7774869e-01   0.0000000e+00   1.5097172e-01   8.4902828e-01
   3.7774905e-01   0.0000000e+00   1.5055108e-01   8.4944892e-01
   3.7774953e-01   0.0000000e+00   1.5152661e-01   8.4847339e-01
   3.7774958e-01   0.0000000e+00   1.5047912e-01   8.4952088e-01
   3.7775048e-01   0.0000000e+00   1.5065242e-01   8.4934758e-01
   3.7775070e-01   0.0000000e+00   1.5576146e-01   8.4423854e-01
   3.7775074e-01   0.0000000e+00   1.5158459e-01   8.4841541e-01
   3.7775114e-01   0.0000000e+00   1.5076607e-01   8.4923393e-01
   3.7775140e-01   0.0000000e+00   1.5675685e-01   8.4324315e-01
   3.7775161e-01   0.0000000e+00   1.5035142e-01   8.4964858e-01
   3.7775168e-01   0.0000000e+00   1.5132802e-01   8.4867198e-01
   3.7775178e-01   0.0000000e+00   1.5065805e-01   8.4934195e-01
   3.7775266e-01   0.0000000e+00   1.4996084e-01   8.5003916e-01
   3.7775274e-01   0.0000000e+00   1.5097081e-01   8.4902919e-01
   3.7775326e-01   0.0000000e+00   1.5201722e-01   8.4798278e-01
   3.7775390e-01   0.0000000e+00   1.5071610e-01   8.4928390e-01
   3.7775463e-01   0.0000000e+00   1.5129833e-01   8.4870167e-01
   3.7775467e-01   0.0000000e+00   1.5227347e-01   8.4772653e-01
   3.7775605e-01   0.0000000e+00   1.5042570e-01   8.4957430e-01
   3.7775700e-01   0.0000000e+00   1.5215042e-01   8.4784958e-01
   3.7775705e-01   0.0000000e+00   1.5094716e-01   8.4905284e-01
   3.7775753e-01   0.0000000e+00   1.6051531e-01   8.3948469e-01
   3.7775758e-01   0.0000000e+00   1.5050247e-01   8.4949753e-01
   3.7775797e-01   0.0000000e+00   1.5205565e-01   8.4794435e-01
   3.7775804e-01   0.0000000e+00   1.5052683e-01   8.4947317e-01
   3.7775824e-01   0.0000000e+00   1.5006873e-01   8.4993127e-01
   3.7775882e-01   0.0000000e+00   1.5103045e-01   8.4896955e-01
   3.7775922e-01   0.0000000e+00   1.5482256e-01   8.4517744e-01
   3.7775958e-01   0.0000000e+00   1.5052956e-01   8.4947044e-01
   3.7775980e-01   0.0000000e+00   1.5081190e-01   8.4918810e-01
   3.7776026e-01   0.0000000e+00   1.5000013e-01   8.4999987e-01
   3.7776041e-01   0.0000000e+00   1.4965334e-01   8.5034666e-01
   3.7776054e-01   0.0000000e+00   1.5141092e-01   8.4858908e-01
   3.7776117e-01   0.0000000e+00   1.5791200e-01   8.4208800e-01
   3.7776134e-01   0.0000000e+00   1.5016608e-01   8.4983392e-01
   3.7776149e-01   0.0000000e+00   1.5849326e-01   8.4150674e-01
   3.7776156e-01   0.0000000e+00   1.5026816e-01   8.4973184e-01
   3.7776163e-01   0.0000000e+00   1.5036974e-01   8.4963026e-01
   3.7776166e-01   0.0000000e+00   1.5037724e-01   8.4962276e-01
   3.7776212e-01   0.0000000e+00   1.5015185e-01   8.4984815e-01
   3.7776260e-01   0.0000000e+00   1.5068804e-01   8.4931196e-01
   3.7776277e-01   0.0000000e+00   1.5127301e-01   8.4872699e-01
   3.7776278e-01   0.0000000e+00   1.5759019e-01   8.4240981e-01
   3.7776306e-01   0.0000000e+00   1.5091858e-01   8.4908142e-01
   3.7776333e-01   0.0000000e+00   1.5110625e-01   8.4889375e-01
   3.7776342e-01   0.0000000e+00   1.5820702e-01   8.4179298e-01
   3.7776358e-01   0.0000000e+00   1.5890905e-01   8.4109095e-01
   3.7776366e-01   0.0000000e+00   1.5080665e-01   8.4919335e-01
   3.7776369e-01   0.0000000e+00   1.5061757e-01   8.4938243e-01
   3.7776410e-01   0.0000000e+00   1.5105646e-01   8.4894354e-01
   3.7776593e-01   0.0000000e+00   1.5152276e-01   8.4847724e-01
   3.7776596e-01   0.0000000e+00   1.4971463e-01   8.5028537e-01
   3.7776615e-01   0.0000000e+00   1.5076606e-01   8.4923394e-01
   3.7776624e-01   0.0000000e+00   1.4984992e-01   8.5015008e-01
   3.7776634e-01   0.0000000e+00   1.5972095e-01   8.4027905e-01
   3.7776646e-01   0.0000000e+00   1.5067279e-01   8.4932721e-01
   3.7776666e-01   0.0000000e+00   1.5088860e-01   8.4911140e-01
   3.7776685e-01   0.0000000e+00   1.5085588e-01   8.4914412e-01
   3.7776687e-01   0.0000000e+00   1.5089299e-01   8.4910701e-01
   3.7776702e-01   0.0000000e+00   1.5128203e-01   8.4871797e-01
   3.7776719e-01   0.0000000e+00   1.5091076e-01   8.4908924e-01
   3.7776728e-01   0.0000000e+00   1.5134818e-01   8.4865182e-01
   3.7776781e-01   0.0000000e+00   1.4962213e-01   8.5037787e-01
   3.7776785e-01   0.0000000e+00   1.5059469e-01   8.4940531e-01
   3.7776802e-01   0.0000000e+00   1.5098663e-01   8.4901337e-01
   3.7776824e-01   0.0000000e+00   1.5045837e-01   8.4954163e-01
   3.7776843e-01   0.0000000e+00   1.4956678e-01   8.5043322e-01
   3.7776867e-01   0.0000000e+00   1.5056418e-01   8.4943582e-01
   3.7776881e-01   0.0000000e+00   1.5026747e-01   8.4973253e-01
   3.7776893e-01   0.0000000e+00   1.5999837e-01   8.4000163e-01
   3.7776896e-01   0.0000000e+00   1.5026593e-01   8.4973407e-01
   3.7776915e-01   0.0000000e+00   1.4952597e-01   8.5047403e-01
   3.7776918e-01   0.0000000e+00   1.5103340e-01   8.4896660e-01
   3.7776945e-01   0.0000000e+00   1.5035419e-01   8.4964581e-01
   3.7776955e-01   0.0000000e+00   1.4974465e-01   8.5025535e-01
   3.7777057e-01   0.0000000e+00   1.4985896e-01   8.5014104e-01
   3.7777143e-01   0.0000000e+00   1.4994758e-01   8.5005242e-01
