   1.0967001e+00   0.0000000e+00   4.6433787e-03   9.9535662e-01
   1.0968177e+00   0.0000000e+00   4.6847120e-03   9.9531529e-01
   1.0968604e+00   0.0000000e+00   4.7247772e-03   9.9527522e-01
   1.0970297e+00   0.0000000e+00   4.6458648e-03   9.9535414e-01
   1.0970806e+00   0.0000000e+00   4.6888655e-03   9.9531113e-01
   1.0971473e+00   0.0000000e+00   4.6710628e-03   9.9532894e-01
   1.0973200e+00   0.0000000e+00   4.8508896e-03   9.9514911e-01
   1.0973563e+00   0.0000000e+00   4.6425114e-03   9.9535749e-01
   1.0974079e+00   0.0000000e+00   4.6501370e-03   9.9534986e-01
   1.0974430e+00   0.0000000e+00   4.6540050e-03   9.9534600e-01
   1.0976388e+00   0.0000000e+00   4.6901047e-03   9.9530990e-01
   1.0980373e+00   0.0000000e+00   4.7234861e-03   9.9527651e-01
   1.0980863e+00   0.0000000e+00   4.7167284e-03   9.9528327e-01
   1.0981320e+00   0.0000000e+00   4.7634427e-03   9.9523656e-01
   1.0981525e+00   0.0000000e+00   4.7085197e-03   9.9529148e-01
   1.0981609e+00   0.0000000e+00   4.7663214e-03   9.9523368e-01
   1.0981743e+00   0.0000000e+00   4.7046897e-03   9.9529531e-01
   1.0982386e+00   0.0000000e+00   4.7047179e-03   9.9529528e-01
   1.0983504e+00   0.0000000e+00   4.7275479e-03   9.9527245e-01
   1.0983934e+00   0.0000000e+00   4.7455399e-03   9.9525446e-01
   1.0984475e+00   0.0000000e+00   4.7514831e-03   9.9524852e-01
   1.0984532e+00   0.0000000e+00   4.7014126e-03   9.9529859e-01
   1.0986000e+00   0.0000000e+00   4.7050539e-03   9.9529495e-01
   1.0986098e+00   0.0000000e+00   4.7444319e-03   9.9525557e-01
   1.0986329e+00   0.0000000e+00   4.6952293e-03   9.9530477e-01
   1.0986406e+00   0.0000000e+00   4.7746566e-03   9.9522534e-01
   1.0986484e+00   0.0000000e+00   4.8070818e-03   9.9519292e-01
   1.0986727e+00   0.0000000e+00   4.7198994e-03   9.9528010e-01
   1.0986846e+00   0.0000000e+00   4.8026109e-03   9.9519739e-01
   1.0987106e+00   0.0000000e+00   4.7200690e-03   9.9527993e-01
   1.0987124e+00   0.0000000e+00   4.6552155e-03   9.9534478e-01
   1.0987252e+00   0.0000000e+00   4.7768433e-03   9.9522316e-01
   1.0987850e+00   0.0000000e+00   4.7145899e-03   9.9528541e-01
   1.0989376e+00   0.0000000e+00   4.7940161e-03   9.9520598e-01
   1.0989486e+00   0.0000000e+00   4.7927950e-03   9.9520721e-01
   1.0991841e+00   0.0000000e+00   4.7911609e-03   9.9520884e-01
   1.0991849e+00   0.0000000e+00   4.7983714e-03   9.9520163e-01
   1.0992081e+00   0.0000000e+00   4.7828689e-03   9.9521713e-01
   1.0993698e+00   0.0000000e+00   4.6910075e-03   9.9530899e-01
   1.0994232e+00   0.0000000e+00   4.6932402e-03   9.9530676e-01
   1.0994511e+00   0.0000000e+00   4.8229109e-03   9.9517709e-01
   1.0994898e+00   0.0000000e+00   4.8455213e-03   9.9515448e-01
   1.0995021e+00   0.0000000e+00   4.7776187e-03   9.9522238e-01
   1.0995168e+00   0.0000000e+00   4.8009511e-03   9.9519905e-01
   1.0995488e+00   0.0000000e+00   4.7868978e-03   9.9521310e-01
   1.0996169e+00   0.0000000e+00   4.7828885e-03   9.9521711e-01
   1.0996177e+00   0.0000000e+00   4.8014763e-03   9.9519852e-01
   1.0996669e+00   0.0000000e+00   4.8274771e-03   9.9517252e-01
   1.0998531e+00   0.0000000e+00   4.7886362e-03   9.9521136e-01
   1.0998720e+00   0.0000000e+00   4.8903726e-03   9.9510963e-01
   1.0999585e+00   0.0000000e+00   4.8204210e-03   9.9517958e-01
   1.0999645e+00   0.0000000e+00   4.8684857e-03   9.9513151e-01
   1.1002023e+00   0.0000000e+00   4.8937985e-03   9.9510620e-01
   1.1002492e+00   0.0000000e+00   4.8595882e-03   9.9514041e-01
   1.1002711e+00   0.0000000e+00   4.7991428e-03   9.9520086e-01
   1.1003874e+00   0.0000000e+00   4.8800629e-03   9.9511994e-01
   1.1005575e+00   0.0000000e+00   4.8315454e-03   9.9516845e-01
   1.1006399e+00   0.0000000e+00   4.6690183e-03   9.9533098e-01
   1.1006510e+00   0.0000000e+00   4.8371856e-03   9.9516281e-01
   1.1006514e+00   0.0000000e+00   4.8030636e-03   9.9519694e-01
   1.1006818e+00   0.0000000e+00   4.8214499e-03   9.9517855e-01
   1.1007085e+00   0.0000000e+00   4.8618113e-03   9.9513819e-01
   1.1010288e+00   0.0000000e+00   4.8957569e-03   9.9510424e-01
   1.1010772e+00   0.0000000e+00   4.8417045e-03   9.9515830e-01
   1.1010859e+00   0.0000000e+00   4.7798634e-03   9.9522014e-01
   1.1012132e+00   0.0000000e+00   4.8422828e-03   9.9515772e-01
   1.1012269e+00   0.0000000e+00   4.8469064e-03   9.9515309e-01
   1.1012495e+00   0.0000000e+00   4.8555648e-03   9.9514444e-01
   1.1012748e+00   0.0000000e+00   4.8450431e-03   9.9515496e-01
   1.1014053e+00   0.0000000e+00   4.8835555e-03   9.9511644e-01
   1.1014096e+00   0.0000000e+00   4.9760132e-03   9.9502399e-01
   1.1014179e+00   0.0000000e+00   4.8312239e-03   9.9516878e-01
   1.1014285e+00   0.0000000e+00   4.9146266e-03   9.9508537e-01
   1.1015706e+00   0.0000000e+00   5.0094519e-03   9.9499055e-01
   1.1018023e+00   0.0000000e+00   4.9551153e-03   9.9504488e-01
   1.1019349e+00   0.0000000e+00   4.9125183e-03   9.9508748e-01
   1.1021257e+00   0.0000000e+00   4.8865687e-03   9.9511343e-01
   1.1021514e+00   0.0000000e+00   4.9519221e-03   9.9504808e-01
   1.1022403e+00   0.0000000e+00   4.8682471e-03   9.9513175e-01
   1.1024873e+00   0.0000000e+00   4.8540736e-03   9.9514593e-01
   1.1024893e+00   0.0000000e+00   4.9559400e-03   9.9504406e-01
   1.1026496e+00   0.0000000e+00   4.9078912e-03   9.9509211e-01
   1.1026833e+00   0.0000000e+00   4.7620457e-03   9.9523795e-01
   1.1028515e+00   0.0000000e+00   4.8923291e-03   9.9510767e-01
   1.1028888e+00   0.0000000e+00   4.9151659e-03   9.9508483e-01
   1.1028953e+00   0.0000000e+00   4.8994480e-03   9.9510055e-01
   1.1029513e+00   0.0000000e+00   4.8652619e-03   9.9513474e-01
   1.1030352e+00   0.0000000e+00   5.0251865e-03   9.9497481e-01
   1.1031610e+00   0.0000000e+00   4.9324899e-03   9.9506751e-01
   1.1033561e+00   0.0000000e+00   5.0058523e-03   9.9499415e-01
   1.1033837e+00   0.0000000e+00   5.0569011e-03   9.9494310e-01
   1.1035361e+00   0.0000000e+00   4.9439170e-03   9.9505608e-01
   1.1037161e+00   0.0000000e+00   4.9940304e-03   9.9500597e-01
   1.1038736e+00   0.0000000e+00   4.8936839e-03   9.9510632e-01
   1.1039277e+00   0.0000000e+00   4.8894626e-03   9.9511054e-01
   1.1040345e+00   0.0000000e+00   4.9953131e-03   9.9500469e-01
   1.1040854e+00   0.0000000e+00   4.9887470e-03   9.9501125e-01
   1.1040920e+00   0.0000000e+00   4.9990581e-03   9.9500094e-01
   1.1041255e+00   0.0000000e+00   5.0884611e-03   9.9491154e-01
   1.1041256e+00   0.0000000e+00   4.9447781e-03   9.9505522e-01
   1.1042038e+00   0.0000000e+00   4.8085168e-03   9.9519148e-01
   1.1042803e+00   0.0000000e+00   4.9491667e-03   9.9505083e-01
   1.1043360e+00   0.0000000e+00   5.0420157e-03   9.9495798e-01
   1.1045362e+00   0.0000000e+00   5.0644132e-03   9.9493559e-01
   1.1047165e+00   0.0000000e+00   4.9931688e-03   9.9500683e-01
   1.1049033e+00   0.0000000e+00   4.9367866e-03   9.9506321e-01
   1.1049370e+00   0.0000000e+00   4.9760207e-03   9.9502398e-01
   1.1049864e+00   0.0000000e+00   4.9483579e-03   9.9505164e-01
   1.1050318e+00   0.0000000e+00   5.0449534e-03   9.9495505e-01
   1.1053080e+00   0.0000000e+00   5.0282346e-03   9.9497177e-01
   1.1053132e+00   0.0000000e+00   5.2166521e-03   9.9478335e-01
   1.1053874e+00   0.0000000e+00   5.0076598e-03   9.9499234e-01
   1.1054500e+00   0.0000000e+00   5.0300657e-03   9.9496993e-01
   1.1054758e+00   0.0000000e+00   5.2831062e-03   9.9471689e-01
   1.1056913e+00   0.0000000e+00   5.0299422e-03   9.9497006e-01
   1.1057485e+00   0.0000000e+00   4.9144227e-03   9.9508558e-01
   1.1057720e+00   0.0000000e+00   5.0506336e-03   9.9494937e-01
   1.1057959e+00   0.0000000e+00   5.2311760e-03   9.9476882e-01
   1.1058540e+00   0.0000000e+00   5.0866045e-03   9.9491340e-01
   1.1060703e+00   0.0000000e+00   5.0661306e-03   9.9493387e-01
   1.1062838e+00   0.0000000e+00   4.9927854e-03   9.9500721e-01
   1.1063869e+00   0.0000000e+00   4.9618665e-03   9.9503813e-01
   1.1066715e+00   0.0000000e+00   5.1688355e-03   9.9483116e-01
   1.1066879e+00   0.0000000e+00   5.0812449e-03   9.9491876e-01
   1.1067638e+00   0.0000000e+00   5.0397978e-03   9.9496020e-01
   1.1068988e+00   0.0000000e+00   5.0565787e-03   9.9494342e-01
   1.1069428e+00   0.0000000e+00   5.0180640e-03   9.9498194e-01
   1.1069933e+00   0.0000000e+00   5.0713498e-03   9.9492865e-01
   1.1069967e+00   0.0000000e+00   4.9432200e-03   9.9505678e-01
   1.1071713e+00   0.0000000e+00   5.1116589e-03   9.9488834e-01
   1.1071865e+00   0.0000000e+00   5.0960144e-03   9.9490399e-01
   1.1071876e+00   0.0000000e+00   5.1013015e-03   9.9489870e-01
   1.1074251e+00   0.0000000e+00   5.0737985e-03   9.9492620e-01
   1.1075369e+00   0.0000000e+00   5.0983670e-03   9.9490163e-01
   1.1078110e+00   0.0000000e+00   5.1343333e-03   9.9486567e-01
   1.1078179e+00   0.0000000e+00   5.1059708e-03   9.9489403e-01
   1.1080174e+00   0.0000000e+00   5.1125908e-03   9.9488741e-01
   1.1080280e+00   0.0000000e+00   5.1107018e-03   9.9488930e-01
   1.1080548e+00   0.0000000e+00   5.1181139e-03   9.9488189e-01
   1.1081098e+00   0.0000000e+00   5.1008542e-03   9.9489915e-01
   1.1081478e+00   0.0000000e+00   5.0667162e-03   9.9493328e-01
   1.1081924e+00   0.0000000e+00   5.1121391e-03   9.9488786e-01
   1.1082153e+00   0.0000000e+00   5.0696280e-03   9.9493037e-01
   1.1082267e+00   0.0000000e+00   5.2076117e-03   9.9479239e-01
   1.1082532e+00   0.0000000e+00   5.2342356e-03   9.9476576e-01
   1.1084465e+00   0.0000000e+00   5.3668382e-03   9.9463316e-01
   1.1084799e+00   0.0000000e+00   5.0673548e-03   9.9493265e-01
   1.1086582e+00   0.0000000e+00   5.1186864e-03   9.9488131e-01
   1.1087136e+00   0.0000000e+00   5.1490487e-03   9.9485095e-01
   1.1088788e+00   0.0000000e+00   5.0978993e-03   9.9490210e-01
   1.1088906e+00   0.0000000e+00   5.2951208e-03   9.9470488e-01
   1.1090176e+00   0.0000000e+00   5.0805240e-03   9.9491948e-01
   1.1090231e+00   0.0000000e+00   5.0949213e-03   9.9490508e-01
   1.1090654e+00   0.0000000e+00   5.1004661e-03   9.9489953e-01
   1.1090699e+00   0.0000000e+00   5.1048663e-03   9.9489513e-01
   1.1091165e+00   0.0000000e+00   5.0620873e-03   9.9493791e-01
   1.1093185e+00   0.0000000e+00   5.0874431e-03   9.9491256e-01
   1.1094241e+00   0.0000000e+00   5.1053016e-03   9.9489470e-01
   1.1094427e+00   0.0000000e+00   5.2590703e-03   9.9474093e-01
   1.1094444e+00   0.0000000e+00   5.0369540e-03   9.9496305e-01
   1.1095820e+00   0.0000000e+00   5.1168730e-03   9.9488313e-01
   1.1096575e+00   0.0000000e+00   5.0212256e-03   9.9497877e-01
   1.1097591e+00   0.0000000e+00   5.0964494e-03   9.9490355e-01
   1.1097821e+00   0.0000000e+00   5.0694508e-03   9.9493055e-01
   1.1098307e+00   0.0000000e+00   5.0505380e-03   9.9494946e-01
   1.1099002e+00   0.0000000e+00   5.0358133e-03   9.9496419e-01
   1.1099037e+00   0.0000000e+00   5.0388026e-03   9.9496120e-01
   1.1101931e+00   0.0000000e+00   5.0975492e-03   9.9490245e-01
   1.1102017e+00   0.0000000e+00   5.0651682e-03   9.9493483e-01
   1.1103224e+00   0.0000000e+00   5.1582587e-03   9.9484174e-01
   1.1103884e+00   0.0000000e+00   5.2635087e-03   9.9473649e-01
   1.1104383e+00   0.0000000e+00   5.0714617e-03   9.9492854e-01
   1.1104843e+00   0.0000000e+00   4.9902467e-03   9.9500975e-01
   1.1106376e+00   0.0000000e+00   5.0888481e-03   9.9491115e-01
   1.1107162e+00   0.0000000e+00   5.0308846e-03   9.9496912e-01
   1.1107237e+00   0.0000000e+00   5.1331210e-03   9.9486688e-01
   1.1107641e+00   0.0000000e+00   5.0360290e-03   9.9496397e-01
   1.1112690e+00   0.0000000e+00   4.6570146e-03   9.9534299e-01
   1.1113703e+00   0.0000000e+00   5.0019111e-03   9.9499809e-01
   1.1114105e+00   0.0000000e+00   5.0640643e-03   9.9493594e-01
   1.1115350e+00   0.0000000e+00   5.0237312e-03   9.9497627e-01
   1.1115515e+00   0.0000000e+00   4.9696024e-03   9.9503040e-01
   1.1117498e+00   0.0000000e+00   5.0178373e-03   9.9498216e-01
   1.1118448e+00   0.0000000e+00   5.1201145e-03   9.9487989e-01
   1.1118719e+00   0.0000000e+00   4.9904867e-03   9.9500951e-01
   1.1118967e+00   0.0000000e+00   5.0612949e-03   9.9493871e-01
   1.1120834e+00   0.0000000e+00   5.0105558e-03   9.9498944e-01
   1.1121438e+00   0.0000000e+00   4.8967279e-03   9.9510327e-01
   1.1121508e+00   0.0000000e+00   4.9181636e-03   9.9508184e-01
   1.1122249e+00   0.0000000e+00   5.0894494e-03   9.9491055e-01
   1.1122953e+00   0.0000000e+00   4.9527253e-03   9.9504727e-01
   1.1123732e+00   0.0000000e+00   5.1767186e-03   9.9482328e-01
   1.1124945e+00   0.0000000e+00   4.9315359e-03   9.9506846e-01
   1.1125670e+00   0.0000000e+00   5.1964009e-03   9.9480360e-01
   1.1128331e+00   0.0000000e+00   4.9725060e-03   9.9502749e-01
   1.1132988e+00   0.0000000e+00   5.0146496e-03   9.9498535e-01
   1.1134454e+00   0.0000000e+00   4.9701183e-03   9.9502988e-01
   1.1134608e+00   0.0000000e+00   5.1607400e-03   9.9483926e-01
   1.1136243e+00   0.0000000e+00   4.9294083e-03   9.9507059e-01
   1.1141289e+00   0.0000000e+00   4.9034115e-03   9.9509659e-01
   1.1142185e+00   0.0000000e+00   5.0032401e-03   9.9499676e-01
   1.1142388e+00   0.0000000e+00   4.9187026e-03   9.9508130e-01
   1.1143368e+00   0.0000000e+00   4.9983358e-03   9.9500166e-01
   1.1146595e+00   0.0000000e+00   4.9717446e-03   9.9502826e-01
   1.1146678e+00   0.0000000e+00   4.8451831e-03   9.9515482e-01
   1.1146810e+00   0.0000000e+00   4.8988976e-03   9.9510110e-01
   1.1147273e+00   0.0000000e+00   5.0021161e-03   9.9499788e-01
   1.1150594e+00   0.0000000e+00   4.9350862e-03   9.9506491e-01
   1.1153059e+00   0.0000000e+00   5.1400442e-03   9.9485996e-01
   1.1155887e+00   0.0000000e+00   5.0972793e-03   9.9490272e-01
   1.1156171e+00   0.0000000e+00   4.8845275e-03   9.9511547e-01
   1.1157655e+00   0.0000000e+00   5.2111029e-03   9.9478890e-01
   1.1162946e+00   0.0000000e+00   5.2073125e-03   9.9479269e-01
   1.1164773e+00   0.0000000e+00   4.8566014e-03   9.9514340e-01
   1.1165387e+00   0.0000000e+00   4.7718427e-03   9.9522816e-01
   1.1166608e+00   0.0000000e+00   4.8769889e-03   9.9512301e-01
   1.1166789e+00   0.0000000e+00   5.0737155e-03   9.9492628e-01
   1.1173225e+00   0.0000000e+00   4.9251689e-03   9.9507483e-01
   1.1173679e+00   0.0000000e+00   4.9391518e-03   9.9506085e-01
   1.1175397e+00   0.0000000e+00   4.9050642e-03   9.9509494e-01
   1.1176253e+00   0.0000000e+00   4.9300666e-03   9.9506993e-01
   1.1177431e+00   0.0000000e+00   4.9758904e-03   9.9502411e-01
   1.1177445e+00   0.0000000e+00   5.0726454e-03   9.9492735e-01
   1.1177847e+00   0.0000000e+00   4.6905527e-03   9.9530945e-01
   1.1178816e+00   0.0000000e+00   4.9506436e-03   9.9504936e-01
   1.1181022e+00   0.0000000e+00   4.7605387e-03   9.9523946e-01
   1.1184086e+00   0.0000000e+00   4.8193483e-03   9.9518065e-01
   1.1184418e+00   0.0000000e+00   4.8821226e-03   9.9511788e-01
   1.1184685e+00   0.0000000e+00   4.9978564e-03   9.9500214e-01
   1.1185147e+00   0.0000000e+00   4.9411808e-03   9.9505882e-01
   1.1185889e+00   0.0000000e+00   4.9815385e-03   9.9501846e-01
   1.1186343e+00   0.0000000e+00   4.8874276e-03   9.9511257e-01
   1.1191136e+00   0.0000000e+00   4.8690690e-03   9.9513093e-01
   1.1191540e+00   0.0000000e+00   4.7977622e-03   9.9520224e-01
   1.1194559e+00   0.0000000e+00   4.7437700e-03   9.9525623e-01
   1.1195924e+00   0.0000000e+00   4.8908894e-03   9.9510911e-01
   1.1196940e+00   0.0000000e+00   4.8046706e-03   9.9519533e-01
   1.1197715e+00   0.0000000e+00   4.8915454e-03   9.9510845e-01
   1.1198244e+00   0.0000000e+00   4.9335919e-03   9.9506641e-01
   1.1199894e+00   0.0000000e+00   4.7319548e-03   9.9526805e-01
   1.1199975e+00   0.0000000e+00   4.8561964e-03   9.9514380e-01
   1.1200706e+00   0.0000000e+00   4.7736214e-03   9.9522638e-01
   1.1202235e+00   0.0000000e+00   4.9642184e-03   9.9503578e-01
   1.1202464e+00   0.0000000e+00   4.8058882e-03   9.9519411e-01
   1.1202604e+00   0.0000000e+00   4.7602849e-03   9.9523972e-01
   1.1204115e+00   0.0000000e+00   4.8786488e-03   9.9512135e-01
   1.1204180e+00   0.0000000e+00   4.6899626e-03   9.9531004e-01
   1.1204222e+00   0.0000000e+00   4.8891628e-03   9.9511084e-01
   1.1204352e+00   0.0000000e+00   5.0556606e-03   9.9494434e-01
   1.1205142e+00   0.0000000e+00   4.8412063e-03   9.9515879e-01
   1.1205317e+00   0.0000000e+00   4.7177152e-03   9.9528228e-01
   1.1205966e+00   0.0000000e+00   4.7450833e-03   9.9525492e-01
   1.1206011e+00   0.0000000e+00   4.8930189e-03   9.9510698e-01
   1.1206389e+00   0.0000000e+00   4.7098160e-03   9.9529018e-01
   1.1206856e+00   0.0000000e+00   4.8493099e-03   9.9515069e-01
   1.1207804e+00   0.0000000e+00   4.8345329e-03   9.9516547e-01
   1.1208051e+00   0.0000000e+00   4.7446486e-03   9.9525535e-01
   1.1209778e+00   0.0000000e+00   4.6321657e-03   9.9536783e-01
   1.1209829e+00   0.0000000e+00   4.8373379e-03   9.9516266e-01
   1.1210232e+00   0.0000000e+00   4.6547118e-03   9.9534529e-01
   1.1211294e+00   0.0000000e+00   4.7328366e-03   9.9526716e-01
   1.1211302e+00   0.0000000e+00   4.8741411e-03   9.9512586e-01
   1.1212399e+00   0.0000000e+00   4.6632748e-03   9.9533673e-01
   1.1212721e+00   0.0000000e+00   4.7378503e-03   9.9526215e-01
   1.1213147e+00   0.0000000e+00   4.8741526e-03   9.9512585e-01
   1.1213546e+00   0.0000000e+00   4.9790263e-03   9.9502097e-01
   1.1214724e+00   0.0000000e+00   4.8041714e-03   9.9519583e-01
   1.1215007e+00   0.0000000e+00   4.7944439e-03   9.9520556e-01
   1.1215064e+00   0.0000000e+00   4.8161466e-03   9.9518385e-01
   1.1215133e+00   0.0000000e+00   5.3041547e-03   9.9469585e-01
   1.1216729e+00   0.0000000e+00   4.8318187e-03   9.9516818e-01
   1.1217287e+00   0.0000000e+00   4.8726072e-03   9.9512739e-01
   1.1217367e+00   0.0000000e+00   4.9082617e-03   9.9509174e-01
   1.1217793e+00   0.0000000e+00   5.1656599e-03   9.9483434e-01
   1.1217999e+00   0.0000000e+00   4.9740457e-03   9.9502595e-01
   1.1218722e+00   0.0000000e+00   4.6386609e-03   9.9536134e-01
   1.1218962e+00   0.0000000e+00   4.8439992e-03   9.9515600e-01
   1.1218982e+00   0.0000000e+00   4.9142116e-03   9.9508579e-01
   1.1219009e+00   0.0000000e+00   4.6990092e-03   9.9530099e-01
   1.1219717e+00   0.0000000e+00   4.9274315e-03   9.9507257e-01
   1.1220411e+00   0.0000000e+00   4.8656001e-03   9.9513440e-01
   1.1220621e+00   0.0000000e+00   4.6841018e-03   9.9531590e-01
   1.1220831e+00   0.0000000e+00   4.8505082e-03   9.9514949e-01
   1.1221249e+00   0.0000000e+00   4.7698886e-03   9.9523011e-01
   1.1221258e+00   0.0000000e+00   4.8410440e-03   9.9515896e-01
   1.1221282e+00   0.0000000e+00   4.7968997e-03   9.9520310e-01
   1.1221413e+00   0.0000000e+00   4.8450100e-03   9.9515499e-01
   1.1221626e+00   0.0000000e+00   4.9227198e-03   9.9507728e-01
   1.1222404e+00   0.0000000e+00   4.8514872e-03   9.9514851e-01
   1.1222542e+00   0.0000000e+00   4.8584311e-03   9.9514157e-01
   1.1223263e+00   0.0000000e+00   4.8915240e-03   9.9510848e-01
   1.1223745e+00   0.0000000e+00   4.8472290e-03   9.9515277e-01
   1.1223822e+00   0.0000000e+00   5.0328173e-03   9.9496718e-01
   1.1224769e+00   0.0000000e+00   4.9083692e-03   9.9509163e-01
   1.1224920e+00   0.0000000e+00   4.6994220e-03   9.9530058e-01
   1.1225014e+00   0.0000000e+00   4.9914672e-03   9.9500853e-01
   1.1225270e+00   0.0000000e+00   5.5317157e-03   9.9446828e-01
   1.1225359e+00   0.0000000e+00   4.8871847e-03   9.9511282e-01
   1.1225502e+00   0.0000000e+00   4.7921724e-03   9.9520783e-01
   1.1225919e+00   0.0000000e+00   5.0707607e-03   9.9492924e-01
   1.1226284e+00   0.0000000e+00   4.8910032e-03   9.9510900e-01
   1.1226291e+00   0.0000000e+00   4.9258470e-03   9.9507415e-01
   1.1226391e+00   0.0000000e+00   4.7268624e-03   9.9527314e-01
   1.1226724e+00   0.0000000e+00   5.0226449e-03   9.9497736e-01
   1.1226975e+00   0.0000000e+00   5.0959961e-03   9.9490400e-01
   1.1227377e+00   0.0000000e+00   4.8973764e-03   9.9510262e-01
   1.1228189e+00   0.0000000e+00   4.9942862e-03   9.9500571e-01
   1.1228386e+00   0.0000000e+00   4.7683016e-03   9.9523170e-01
   1.1228558e+00   0.0000000e+00   4.9313038e-03   9.9506870e-01
   1.1228636e+00   0.0000000e+00   4.8197852e-03   9.9518021e-01
   1.1228825e+00   0.0000000e+00   4.6865905e-03   9.9531341e-01
   1.1229078e+00   0.0000000e+00   5.0840026e-03   9.9491600e-01
   1.1229244e+00   0.0000000e+00   4.9709455e-03   9.9502905e-01
   1.1229314e+00   0.0000000e+00   4.6525097e-03   9.9534749e-01
   1.1229375e+00   0.0000000e+00   4.9981297e-03   9.9500187e-01
   1.1229782e+00   0.0000000e+00   4.8562140e-03   9.9514379e-01
   1.1231175e+00   0.0000000e+00   5.2232938e-03   9.9477671e-01
   1.1231442e+00   0.0000000e+00   5.0045058e-03   9.9499549e-01
   1.1231535e+00   0.0000000e+00   4.7972893e-03   9.9520271e-01
   1.1231940e+00   0.0000000e+00   4.6434537e-03   9.9535655e-01
   1.1232676e+00   0.0000000e+00   4.6778773e-03   9.9532212e-01
   1.1233056e+00   0.0000000e+00   5.0710992e-03   9.9492890e-01
   1.1233056e+00   0.0000000e+00   4.8872281e-03   9.9511277e-01
   1.1233115e+00   0.0000000e+00   4.9393305e-03   9.9506067e-01
   1.1233174e+00   0.0000000e+00   4.9403603e-03   9.9505964e-01
   1.1233178e+00   0.0000000e+00   5.1044991e-03   9.9489550e-01
   1.1233457e+00   0.0000000e+00   5.0458794e-03   9.9495412e-01
   1.1233571e+00   0.0000000e+00   5.0565481e-03   9.9494345e-01
   1.1234031e+00   0.0000000e+00   5.1303524e-03   9.9486965e-01
   1.1234113e+00   0.0000000e+00   5.0176710e-03   9.9498233e-01
   1.1235087e+00   0.0000000e+00   5.1829793e-03   9.9481702e-01
   1.1235287e+00   0.0000000e+00   5.0159291e-03   9.9498407e-01
   1.1236001e+00   0.0000000e+00   4.9220844e-03   9.9507792e-01
   1.1236721e+00   0.0000000e+00   4.9222515e-03   9.9507775e-01
   1.1237116e+00   0.0000000e+00   4.9928847e-03   9.9500712e-01
   1.1237365e+00   0.0000000e+00   5.4476447e-03   9.9455236e-01
   1.1237477e+00   0.0000000e+00   4.9919089e-03   9.9500809e-01
   1.1238024e+00   0.0000000e+00   4.8305818e-03   9.9516942e-01
   1.1238350e+00   0.0000000e+00   4.8928271e-03   9.9510717e-01
   1.1238618e+00   0.0000000e+00   5.0924651e-03   9.9490753e-01
   1.1239196e+00   0.0000000e+00   4.9945400e-03   9.9500546e-01
   1.1239396e+00   0.0000000e+00   5.3110910e-03   9.9468891e-01
   1.1239500e+00   0.0000000e+00   4.9394084e-03   9.9506059e-01
   1.1239695e+00   0.0000000e+00   4.9842283e-03   9.9501577e-01
   1.1239993e+00   0.0000000e+00   5.2353732e-03   9.9476463e-01
   1.1240409e+00   0.0000000e+00   5.0924485e-03   9.9490755e-01
   1.1242004e+00   0.0000000e+00   5.1356112e-03   9.9486439e-01
   1.1242127e+00   0.0000000e+00   5.0435300e-03   9.9495647e-01
   1.1242243e+00   0.0000000e+00   5.1479537e-03   9.9485205e-01
   1.1242744e+00   0.0000000e+00   5.0926897e-03   9.9490731e-01
   1.1242756e+00   0.0000000e+00   5.2492356e-03   9.9475076e-01
   1.1243306e+00   0.0000000e+00   5.3197012e-03   9.9468030e-01
   1.1244574e+00   0.0000000e+00   5.1075531e-03   9.9489245e-01
   1.1244610e+00   0.0000000e+00   5.1596206e-03   9.9484038e-01
   1.1246081e+00   0.0000000e+00   4.7439759e-03   9.9525602e-01
   1.1246431e+00   0.0000000e+00   4.8322658e-03   9.9516773e-01
   1.1246504e+00   0.0000000e+00   4.9563147e-03   9.9504369e-01
   1.1247260e+00   0.0000000e+00   4.9109688e-03   9.9508903e-01
   1.1247548e+00   0.0000000e+00   5.0710019e-03   9.9492900e-01
   1.1247750e+00   0.0000000e+00   5.5591693e-03   9.9444083e-01
   1.1247774e+00   0.0000000e+00   5.1445708e-03   9.9485543e-01
   1.1248353e+00   0.0000000e+00   5.4128148e-03   9.9458719e-01
   1.1248668e+00   0.0000000e+00   5.1880452e-03   9.9481195e-01
   1.1248927e+00   0.0000000e+00   5.1747805e-03   9.9482522e-01
   1.1249030e+00   0.0000000e+00   5.0810665e-03   9.9491893e-01
   1.1249233e+00   0.0000000e+00   5.1870429e-03   9.9481296e-01
   1.1249403e+00   0.0000000e+00   5.0928724e-03   9.9490713e-01
   1.1249700e+00   0.0000000e+00   4.9734952e-03   9.9502650e-01
   1.1249729e+00   0.0000000e+00   5.0936221e-03   9.9490638e-01
   1.1250540e+00   0.0000000e+00   5.2238940e-03   9.9477611e-01
   1.1250639e+00   0.0000000e+00   5.0949832e-03   9.9490502e-01
   1.1250954e+00   0.0000000e+00   4.8700537e-03   9.9512995e-01
   1.1251599e+00   0.0000000e+00   5.1199606e-03   9.9488004e-01
   1.1251755e+00   0.0000000e+00   5.1359345e-03   9.9486407e-01
   1.1252690e+00   0.0000000e+00   5.0674789e-03   9.9493252e-01
   1.1254006e+00   0.0000000e+00   5.6057054e-03   9.9439429e-01
   1.1254432e+00   0.0000000e+00   5.2080574e-03   9.9479194e-01
   1.1255362e+00   0.0000000e+00   5.1675821e-03   9.9483242e-01
   1.1257294e+00   0.0000000e+00   5.3701154e-03   9.9462988e-01
   1.1257601e+00   0.0000000e+00   4.7223965e-03   9.9527760e-01
   1.1257863e+00   0.0000000e+00   5.3279928e-03   9.9467201e-01
   1.1259389e+00   0.0000000e+00   4.6491415e-03   9.9535086e-01
   1.1259437e+00   0.0000000e+00   5.0521207e-03   9.9494788e-01
   1.1259501e+00   0.0000000e+00   5.4484280e-03   9.9455157e-01
   1.1260000e+00   0.0000000e+00   5.3998797e-03   9.9460012e-01
   1.1260201e+00   0.0000000e+00   5.1867756e-03   9.9481322e-01
   1.1260418e+00   0.0000000e+00   5.3993558e-03   9.9460064e-01
   1.1261510e+00   0.0000000e+00   5.2630949e-03   9.9473691e-01
   1.1261779e+00   0.0000000e+00   5.4050068e-03   9.9459499e-01
   1.1262504e+00   0.0000000e+00   5.2077517e-03   9.9479225e-01
   1.1262607e+00   0.0000000e+00   5.2788220e-03   9.9472118e-01
   1.1263295e+00   0.0000000e+00   5.0909829e-03   9.9490902e-01
   1.1264135e+00   0.0000000e+00   5.0665692e-03   9.9493343e-01
   1.1265602e+00   0.0000000e+00   6.1620398e-03   9.9383796e-01
   1.1265801e+00   0.0000000e+00   5.3785420e-03   9.9462146e-01
   1.1269088e+00   0.0000000e+00   5.7856404e-03   9.9421436e-01
   1.1269192e+00   0.0000000e+00   5.1980036e-03   9.9480200e-01
   1.1270058e+00   0.0000000e+00   5.5487139e-03   9.9445129e-01
   1.1270605e+00   0.0000000e+00   5.5861011e-03   9.9441390e-01
   1.1272465e+00   0.0000000e+00   5.2570625e-03   9.9474294e-01
   1.1272758e+00   0.0000000e+00   5.7444893e-03   9.9425551e-01
   1.1274327e+00   0.0000000e+00   5.5646646e-03   9.9443534e-01
   1.1274983e+00   0.0000000e+00   5.6551522e-03   9.9434485e-01
   1.1275631e+00   0.0000000e+00   5.2948505e-03   9.9470515e-01
   1.1277299e+00   0.0000000e+00   5.0658529e-03   9.9493415e-01
   1.1277339e+00   0.0000000e+00   5.5142769e-03   9.9448572e-01
   1.1278416e+00   0.0000000e+00   5.8020246e-03   9.9419798e-01
   1.1279954e+00   0.0000000e+00   5.2961888e-03   9.9470381e-01
   1.1280509e+00   0.0000000e+00   7.0811825e-03   9.9291882e-01
   1.1280569e+00   0.0000000e+00   5.3194111e-03   9.9468059e-01
   1.1280974e+00   0.0000000e+00   5.6573435e-03   9.9434266e-01
   1.1285332e+00   0.0000000e+00   4.5874955e-03   9.9541250e-01
   1.1285353e+00   0.0000000e+00   5.9044689e-03   9.9409553e-01
   1.1285581e+00   0.0000000e+00   5.5951247e-03   9.9440488e-01
   1.1285910e+00   0.0000000e+00   6.2754383e-03   9.9372456e-01
   1.1285943e+00   0.0000000e+00   5.2486570e-03   9.9475134e-01
   1.1286637e+00   0.0000000e+00   5.3511036e-03   9.9464890e-01
   1.1287279e+00   0.0000000e+00   5.3674863e-03   9.9463251e-01
   1.1288068e+00   0.0000000e+00   5.5311961e-03   9.9446880e-01
   1.1289488e+00   0.0000000e+00   5.1418514e-03   9.9485815e-01
   1.1289790e+00   0.0000000e+00   5.5130064e-03   9.9448699e-01
   1.1291524e+00   0.0000000e+00   5.6280727e-03   9.9437193e-01
   1.1291676e+00   0.0000000e+00   5.9026808e-03   9.9409732e-01
   1.1291707e+00   0.0000000e+00   6.0192628e-03   9.9398074e-01
   1.1293706e+00   0.0000000e+00   5.7184379e-03   9.9428156e-01
   1.1295397e+00   0.0000000e+00   5.8186663e-03   9.9418133e-01
   1.1295757e+00   0.0000000e+00   5.7314248e-03   9.9426858e-01
   1.1299327e+00   0.0000000e+00   6.1147523e-03   9.9388525e-01
   1.1299883e+00   0.0000000e+00   6.0008451e-03   9.9399915e-01
   1.1300053e+00   0.0000000e+00   6.1947778e-03   9.9380522e-01
   1.1300099e+00   0.0000000e+00   7.1275999e-03   9.9287240e-01
   1.1301351e+00   0.0000000e+00   5.6152712e-03   9.9438473e-01
   1.1302277e+00   0.0000000e+00   5.6751970e-03   9.9432480e-01
   1.1304196e+00   0.0000000e+00   6.4932051e-03   9.9350679e-01
   1.1305776e+00   0.0000000e+00   5.8293215e-03   9.9417068e-01
   1.1306459e+00   0.0000000e+00   5.3513662e-03   9.9464863e-01
   1.1306708e+00   0.0000000e+00   5.4209143e-03   9.9457909e-01
   1.1307487e+00   0.0000000e+00   6.3698120e-03   9.9363019e-01
   1.1309687e+00   0.0000000e+00   5.4714576e-03   9.9452854e-01
   1.1310313e+00   0.0000000e+00   6.3779535e-03   9.9362205e-01
   1.1317332e+00   0.0000000e+00   6.1766488e-03   9.9382335e-01
   1.1317563e+00   0.0000000e+00   6.0613408e-03   9.9393866e-01
   1.1318025e+00   0.0000000e+00   5.6177218e-03   9.9438228e-01
   1.1318053e+00   0.0000000e+00   5.9099195e-03   9.9409008e-01
   1.1320528e+00   0.0000000e+00   6.5658876e-03   9.9343411e-01
   1.1320895e+00   0.0000000e+00   6.8142492e-03   9.9318575e-01
   1.1321256e+00   0.0000000e+00   6.7483630e-03   9.9325164e-01
   1.1324820e+00   0.0000000e+00   4.7457099e-03   9.9525429e-01
   1.1325206e+00   0.0000000e+00   4.5698919e-03   9.9543011e-01
   1.1325681e+00   0.0000000e+00   4.6193390e-03   9.9538066e-01
   1.1325919e+00   0.0000000e+00   6.9943429e-03   9.9300566e-01
   1.1326057e+00   0.0000000e+00   4.5967522e-03   9.9540325e-01
   1.1326074e+00   0.0000000e+00   4.6027896e-03   9.9539721e-01
   1.1326589e+00   0.0000000e+00   5.0488143e-03   9.9495119e-01
   1.1326863e+00   0.0000000e+00   7.5157994e-03   9.9248420e-01
   1.1327838e+00   0.0000000e+00   4.7188911e-03   9.9528111e-01
   1.1328594e+00   0.0000000e+00   4.7848812e-03   9.9521512e-01
   1.1328614e+00   0.0000000e+00   6.2811924e-03   9.9371881e-01
   1.1329007e+00   0.0000000e+00   5.4997755e-03   9.9450022e-01
   1.1329115e+00   0.0000000e+00   6.1163435e-03   9.9388366e-01
   1.1332184e+00   0.0000000e+00   8.7855320e-03   9.9121447e-01
   1.1333258e+00   0.0000000e+00   6.5366987e-03   9.9346330e-01
   1.1333313e+00   0.0000000e+00   6.6658148e-03   9.9333419e-01
   1.1333548e+00   0.0000000e+00   6.4254287e-03   9.9357457e-01
   1.1333791e+00   0.0000000e+00   4.8950967e-03   9.9510490e-01
   1.1334308e+00   0.0000000e+00   5.0117336e-03   9.9498827e-01
   1.1334546e+00   0.0000000e+00   7.0758233e-03   9.9292418e-01
   1.1334585e+00   0.0000000e+00   6.4546709e-03   9.9354533e-01
   1.1335613e+00   0.0000000e+00   6.0780169e-03   9.9392198e-01
   1.1336673e+00   0.0000000e+00   4.9467993e-03   9.9505320e-01
   1.1337558e+00   0.0000000e+00   4.5838320e-03   9.9541617e-01
   1.1337802e+00   0.0000000e+00   4.6925355e-03   9.9530746e-01
   1.1338981e+00   0.0000000e+00   5.9602764e-03   9.9403972e-01
   1.1339623e+00   0.0000000e+00   4.6299509e-03   9.9537005e-01
   1.1339773e+00   0.0000000e+00   5.5150764e-03   9.9448492e-01
   1.1340155e+00   0.0000000e+00   4.6401603e-03   9.9535984e-01
   1.1340702e+00   0.0000000e+00   4.5366886e-03   9.9546331e-01
   1.1340942e+00   0.0000000e+00   4.9034491e-03   9.9509655e-01
   1.1341372e+00   0.0000000e+00   4.6761126e-03   9.9532389e-01
   1.1341414e+00   0.0000000e+00   7.2907876e-03   9.9270921e-01
   1.1341598e+00   0.0000000e+00   5.0048541e-03   9.9499515e-01
   1.1341967e+00   0.0000000e+00   4.6566827e-03   9.9534332e-01
   1.1342048e+00   0.0000000e+00   5.4798393e-03   9.9452016e-01
   1.1342277e+00   0.0000000e+00   4.5144759e-03   9.9548552e-01
   1.1342484e+00   0.0000000e+00   4.9408828e-03   9.9505912e-01
   1.1343269e+00   0.0000000e+00   6.4172635e-03   9.9358274e-01
   1.1344818e+00   0.0000000e+00   7.2902593e-03   9.9270974e-01
   1.1345143e+00   0.0000000e+00   4.6270900e-03   9.9537291e-01
   1.1345767e+00   0.0000000e+00   4.9184435e-03   9.9508156e-01
   1.1345870e+00   0.0000000e+00   6.8160499e-03   9.9318395e-01
   1.1346153e+00   0.0000000e+00   6.7290280e-03   9.9327097e-01
   1.1346449e+00   0.0000000e+00   4.8900654e-03   9.9510993e-01
   1.1346601e+00   0.0000000e+00   4.8022485e-03   9.9519775e-01
   1.1347419e+00   0.0000000e+00   7.4184503e-03   9.9258155e-01
   1.1347626e+00   0.0000000e+00   5.2138185e-03   9.9478618e-01
   1.1348456e+00   0.0000000e+00   5.2373354e-03   9.9476266e-01
   1.1348874e+00   0.0000000e+00   4.5713803e-03   9.9542862e-01
   1.1349352e+00   0.0000000e+00   5.1778817e-03   9.9482212e-01
   1.1349628e+00   0.0000000e+00   4.8479524e-03   9.9515205e-01
   1.1350741e+00   0.0000000e+00   7.9971196e-03   9.9200288e-01
   1.1351121e+00   0.0000000e+00   5.6813458e-03   9.9431865e-01
   1.1351812e+00   0.0000000e+00   4.5738419e-03   9.9542616e-01
   1.1352465e+00   0.0000000e+00   6.0342198e-03   9.9396578e-01
   1.1352777e+00   0.0000000e+00   4.7877494e-03   9.9521225e-01
   1.1353329e+00   0.0000000e+00   6.9222163e-03   9.9307778e-01
   1.1353781e+00   0.0000000e+00   4.7103491e-03   9.9528965e-01
   1.1355341e+00   0.0000000e+00   8.7476842e-03   9.9125232e-01
   1.1358990e+00   0.0000000e+00   7.5957984e-03   9.9240420e-01
   1.1359662e+00   0.0000000e+00   4.9557011e-03   9.9504430e-01
   1.1360593e+00   0.0000000e+00   5.4942281e-03   9.9450577e-01
   1.1361857e+00   0.0000000e+00   6.7820796e-03   9.9321792e-01
   1.1361990e+00   0.0000000e+00   4.7650292e-03   9.9523497e-01
   1.1362009e+00   0.0000000e+00   7.2006211e-03   9.9279938e-01
   1.1362607e+00   0.0000000e+00   7.6154102e-03   9.9238459e-01
   1.1363037e+00   0.0000000e+00   5.2303069e-03   9.9476969e-01
   1.1364526e+00   0.0000000e+00   7.8546322e-03   9.9214537e-01
   1.1365171e+00   0.0000000e+00   5.0416454e-03   9.9495835e-01
   1.1366544e+00   0.0000000e+00   7.9932922e-03   9.9200671e-01
   1.1368107e+00   0.0000000e+00   8.0038957e-03   9.9199610e-01
   1.1368382e+00   0.0000000e+00   8.6806223e-03   9.9131938e-01
   1.1370584e+00   0.0000000e+00   6.3451038e-03   9.9365490e-01
   1.1370987e+00   0.0000000e+00   8.6785327e-03   9.9132147e-01
   1.1373874e+00   0.0000000e+00   6.0691463e-03   9.9393085e-01
   1.1375050e+00   0.0000000e+00   4.8447292e-03   9.9515527e-01
   1.1375939e+00   0.0000000e+00   7.6604863e-03   9.9233951e-01
   1.1377817e+00   0.0000000e+00   5.8788031e-03   9.9412120e-01
   1.1379760e+00   0.0000000e+00   7.9017374e-03   9.9209826e-01
   1.1383107e+00   0.0000000e+00   5.6317541e-03   9.9436825e-01
   1.1383253e+00   0.0000000e+00   8.8883469e-03   9.9111165e-01
   1.1383589e+00   0.0000000e+00   7.3781021e-03   9.9262190e-01
   1.1383709e+00   0.0000000e+00   5.4872265e-03   9.9451277e-01
   1.1384744e+00   0.0000000e+00   6.8058764e-03   9.9319412e-01
   1.1385172e+00   0.0000000e+00   7.5262513e-03   9.9247375e-01
   1.1387452e+00   0.0000000e+00   5.8580053e-03   9.9414199e-01
   1.1388233e+00   0.0000000e+00   6.7968781e-03   9.9320312e-01
   1.1388327e+00   0.0000000e+00   7.4666851e-03   9.9253331e-01
   1.1390252e+00   0.0000000e+00   8.2186926e-03   9.9178131e-01
   1.1392116e+00   0.0000000e+00   6.4747328e-03   9.9352527e-01
   1.1392147e+00   0.0000000e+00   6.8456700e-03   9.9315433e-01
   1.1394479e+00   0.0000000e+00   7.8181846e-03   9.9218182e-01
   1.1395737e+00   0.0000000e+00   7.0110262e-03   9.9298897e-01
   1.1398491e+00   0.0000000e+00   8.1892934e-03   9.9181071e-01
   1.1401276e+00   0.0000000e+00   7.4510814e-03   9.9254892e-01
   1.1409291e+00   0.0000000e+00   5.7851291e-03   9.9421487e-01
   1.1410338e+00   0.0000000e+00   7.1430724e-03   9.9285693e-01
   1.1410763e+00   0.0000000e+00   8.3461223e-03   9.9165388e-01
   1.1416274e+00   0.0000000e+00   7.8720981e-03   9.9212790e-01
   1.1416320e+00   0.0000000e+00   6.2936631e-03   9.9370634e-01
   1.1417104e+00   0.0000000e+00   7.2242292e-03   9.9277577e-01
   1.1419071e+00   0.0000000e+00   6.0758741e-03   9.9392413e-01
   1.1421393e+00   0.0000000e+00   8.0055705e-03   9.9199443e-01
   1.1422318e+00   0.0000000e+00   7.6904378e-03   9.9230956e-01
   1.1424055e+00   0.0000000e+00   5.8303516e-03   9.9416965e-01
   1.1425681e+00   0.0000000e+00   8.0296365e-03   9.9197036e-01
   1.1428009e+00   0.0000000e+00   5.9255295e-03   9.9407447e-01
   1.1430817e+00   0.0000000e+00   5.9314398e-03   9.9406856e-01
   1.1431787e+00   0.0000000e+00   5.5902153e-03   9.9440978e-01
   1.1432105e+00   0.0000000e+00   8.4013185e-03   9.9159868e-01
   1.1432232e+00   0.0000000e+00   8.5687905e-03   9.9143121e-01
   1.1432287e+00   0.0000000e+00   5.3267596e-03   9.9467324e-01
   1.1432760e+00   0.0000000e+00   6.1210716e-03   9.9387893e-01
   1.1436227e+00   0.0000000e+00   7.9529694e-03   9.9204703e-01
   1.1437650e+00   0.0000000e+00   7.2781650e-03   9.9272184e-01
   1.1438312e+00   0.0000000e+00   7.3413470e-03   9.9265865e-01
   1.1439216e+00   0.0000000e+00   7.1263458e-03   9.9287365e-01
   1.1441605e+00   0.0000000e+00   6.7096392e-03   9.9329036e-01
   1.1442216e+00   0.0000000e+00   6.6019163e-03   9.9339808e-01
   1.1443873e+00   0.0000000e+00   7.1474774e-03   9.9285252e-01
   1.1448552e+00   0.0000000e+00   6.9848892e-03   9.9301511e-01
   1.1450495e+00   0.0000000e+00   7.2595214e-03   9.9274048e-01
   1.1451393e+00   0.0000000e+00   7.0371187e-03   9.9296288e-01
   1.1454233e+00   0.0000000e+00   7.5476994e-03   9.9245230e-01
   1.1454247e+00   0.0000000e+00   7.8826544e-03   9.9211735e-01
   1.1460084e+00   0.0000000e+00   7.6343583e-03   9.9236564e-01
   1.1462146e+00   0.0000000e+00   7.6619453e-03   9.9233805e-01
   1.1462976e+00   0.0000000e+00   6.8374331e-03   9.9316257e-01
   1.1463716e+00   0.0000000e+00   8.1183877e-03   9.9188161e-01
   1.1466211e+00   0.0000000e+00   7.8151697e-03   9.9218483e-01
   1.1466761e+00   0.0000000e+00   9.2448345e-03   9.9075517e-01
   1.1470214e+00   0.0000000e+00   8.1414126e-03   9.9185859e-01
   1.1474644e+00   0.0000000e+00   7.1556636e-03   9.9284434e-01
   1.1475084e+00   0.0000000e+00   8.5204915e-03   9.9147951e-01
   1.1479284e+00   0.0000000e+00   6.7747422e-03   9.9322526e-01
   1.1480380e+00   0.0000000e+00   6.2727511e-03   9.9372725e-01
   1.1480748e+00   0.0000000e+00   7.7561287e-03   9.9224387e-01
   1.1480976e+00   0.0000000e+00   7.4870980e-03   9.9251290e-01
   1.1484101e+00   0.0000000e+00   7.6724663e-03   9.9232753e-01
   1.1485669e+00   0.0000000e+00   6.2851781e-03   9.9371482e-01
   1.1492350e+00   0.0000000e+00   6.6893596e-03   9.9331064e-01
   1.1498012e+00   0.0000000e+00   7.9278500e-03   9.9207215e-01
   1.1498890e+00   0.0000000e+00   7.5257719e-03   9.9247423e-01
   1.1499116e+00   0.0000000e+00   8.6258158e-03   9.9137418e-01
   1.1501997e+00   0.0000000e+00   7.4182033e-03   9.9258180e-01
   1.1503211e+00   0.0000000e+00   6.9585194e-03   9.9304148e-01
   1.1503557e+00   0.0000000e+00   7.4155662e-03   9.9258443e-01
   1.1503850e+00   0.0000000e+00   7.9309667e-03   9.9206903e-01
   1.1505608e+00   0.0000000e+00   6.4483614e-03   9.9355164e-01
   1.1506107e+00   0.0000000e+00   6.8459755e-03   9.9315402e-01
   1.1506668e+00   0.0000000e+00   7.9217100e-03   9.9207829e-01
   1.1508504e+00   0.0000000e+00   7.1147680e-03   9.9288523e-01
   1.1510993e+00   0.0000000e+00   7.2115977e-03   9.9278840e-01
   1.1512501e+00   0.0000000e+00   9.2753986e-03   9.9072460e-01
   1.1514761e+00   0.0000000e+00   6.3010600e-03   9.9369894e-01
   1.1517883e+00   0.0000000e+00   7.0670816e-03   9.9293292e-01
   1.1519528e+00   0.0000000e+00   8.6660910e-03   9.9133391e-01
   1.1520536e+00   0.0000000e+00   7.4646399e-03   9.9253536e-01
   1.1525343e+00   0.0000000e+00   7.2490204e-03   9.9275098e-01
   1.1526423e+00   0.0000000e+00   7.2478221e-03   9.9275218e-01
   1.1527311e+00   0.0000000e+00   8.1192413e-03   9.9188076e-01
   1.1529016e+00   0.0000000e+00   9.6863310e-03   9.9031367e-01
   1.1531191e+00   0.0000000e+00   6.7132656e-03   9.9328673e-01
   1.1532948e+00   0.0000000e+00   8.2222806e-03   9.9177772e-01
   1.1535280e+00   0.0000000e+00   1.0108365e-02   9.8989163e-01
   1.1536447e+00   0.0000000e+00   8.2276492e-03   9.9177235e-01
   1.1536508e+00   0.0000000e+00   6.6320155e-03   9.9336798e-01
