   2.4056493e-01   0.0000000e+00   1.0688937e-01   8.9311063e-01
   2.4056526e-01   0.0000000e+00   1.0702935e-01   8.9297065e-01
   2.4056527e-01   0.0000000e+00   1.0677206e-01   8.9322794e-01
   2.4056542e-01   0.0000000e+00   1.0685378e-01   8.9314622e-01
   2.4056573e-01   0.0000000e+00   1.0782136e-01   8.9217864e-01
   2.4056586e-01   0.0000000e+00   1.0693641e-01   8.9306359e-01
   2.4056596e-01   0.0000000e+00   1.0725941e-01   8.9274059e-01
   2.4056616e-01   0.0000000e+00   1.0673993e-01   8.9326007e-01
   2.4056631e-01   0.0000000e+00   1.0702042e-01   8.9297958e-01
   2.4056639e-01   0.0000000e+00   1.0728270e-01   8.9271730e-01
   2.4056654e-01   0.0000000e+00   1.0697657e-01   8.9302343e-01
   2.4056665e-01   0.0000000e+00   1.0767944e-01   8.9232056e-01
   2.4056678e-01   0.0000000e+00   1.0745687e-01   8.9254313e-01
   2.4056681e-01   0.0000000e+00   1.0711519e-01   8.9288481e-01
   2.4056686e-01   0.0000000e+00   1.0663370e-01   8.9336630e-01
   2.4056690e-01   0.0000000e+00   1.0759246e-01   8.9240754e-01
   2.4056710e-01   0.0000000e+00   1.0701038e-01   8.9298962e-01
   2.4056713e-01   0.0000000e+00   1.0740402e-01   8.9259598e-01
   2.4056714e-01   0.0000000e+00   1.0770173e-01   8.9229827e-01
   2.4056724e-01   0.0000000e+00   1.0703988e-01   8.9296012e-01
   2.4056736e-01   0.0000000e+00   1.0716527e-01   8.9283473e-01
   2.4056742e-01   0.0000000e+00   1.0743093e-01   8.9256907e-01
   2.4056747e-01   0.0000000e+00   1.0624961e-01   8.9375039e-01
   2.4056750e-01   0.0000000e+00   1.0700585e-01   8.9299415e-01
   2.4056756e-01   0.0000000e+00   1.0757125e-01   8.9242875e-01
   2.4056768e-01   0.0000000e+00   1.0705754e-01   8.9294246e-01
   2.4056772e-01   0.0000000e+00   1.0717824e-01   8.9282176e-01
   2.4056780e-01   0.0000000e+00   1.0754652e-01   8.9245348e-01
   2.4056791e-01   0.0000000e+00   1.0745857e-01   8.9254143e-01
   2.4056793e-01   0.0000000e+00   1.0689973e-01   8.9310027e-01
   2.4056796e-01   0.0000000e+00   1.0727205e-01   8.9272795e-01
   2.4056800e-01   0.0000000e+00   1.0676507e-01   8.9323493e-01
   2.4056807e-01   0.0000000e+00   1.0738664e-01   8.9261336e-01
   2.4056830e-01   0.0000000e+00   1.0763914e-01   8.9236086e-01
   2.4056830e-01   0.0000000e+00   1.0701284e-01   8.9298716e-01
   2.4056855e-01   0.0000000e+00   1.0729930e-01   8.9270070e-01
   2.4056858e-01   0.0000000e+00   1.0789194e-01   8.9210806e-01
   2.4056863e-01   0.0000000e+00   1.0816637e-01   8.9183363e-01
   2.4056865e-01   0.0000000e+00   1.0760436e-01   8.9239564e-01
   2.4056868e-01   0.0000000e+00   1.0702305e-01   8.9297695e-01
   2.4056868e-01   0.0000000e+00   1.0810027e-01   8.9189973e-01
   2.4056870e-01   0.0000000e+00   1.0648926e-01   8.9351074e-01
   2.4056870e-01   0.0000000e+00   1.0680690e-01   8.9319310e-01
   2.4056871e-01   0.0000000e+00   1.0709794e-01   8.9290206e-01
   2.4056872e-01   0.0000000e+00   1.0697618e-01   8.9302382e-01
   2.4056875e-01   0.0000000e+00   1.0713102e-01   8.9286898e-01
   2.4056884e-01   0.0000000e+00   1.0705048e-01   8.9294952e-01
   2.4056884e-01   0.0000000e+00   1.0720266e-01   8.9279734e-01
   2.4056889e-01   0.0000000e+00   1.0755919e-01   8.9244081e-01
   2.4056890e-01   0.0000000e+00   1.0738162e-01   8.9261838e-01
   2.4056896e-01   0.0000000e+00   1.0696206e-01   8.9303794e-01
   2.4056896e-01   0.0000000e+00   1.0702034e-01   8.9297966e-01
   2.4056903e-01   0.0000000e+00   1.0688221e-01   8.9311779e-01
   2.4056903e-01   0.0000000e+00   1.0720124e-01   8.9279876e-01
   2.4056905e-01   0.0000000e+00   1.0712824e-01   8.9287176e-01
   2.4056909e-01   0.0000000e+00   1.0721501e-01   8.9278499e-01
   2.4056912e-01   0.0000000e+00   1.0782791e-01   8.9217209e-01
   2.4056915e-01   0.0000000e+00   1.0686980e-01   8.9313020e-01
   2.4056916e-01   0.0000000e+00   1.0646126e-01   8.9353874e-01
   2.4056936e-01   0.0000000e+00   1.0653048e-01   8.9346952e-01
   2.4056937e-01   0.0000000e+00   1.0672075e-01   8.9327925e-01
   2.4056940e-01   0.0000000e+00   1.0771833e-01   8.9228167e-01
   2.4056943e-01   0.0000000e+00   1.0650364e-01   8.9349636e-01
   2.4056943e-01   0.0000000e+00   1.0698833e-01   8.9301167e-01
   2.4056945e-01   0.0000000e+00   1.0773928e-01   8.9226072e-01
   2.4056967e-01   0.0000000e+00   1.0699669e-01   8.9300331e-01
   2.4056968e-01   0.0000000e+00   1.0793869e-01   8.9206131e-01
   2.4056968e-01   0.0000000e+00   1.0730534e-01   8.9269466e-01
   2.4056969e-01   0.0000000e+00   1.0737691e-01   8.9262309e-01
   2.4056971e-01   0.0000000e+00   1.0735193e-01   8.9264807e-01
   2.4056973e-01   0.0000000e+00   1.0660192e-01   8.9339808e-01
   2.4056974e-01   0.0000000e+00   1.0662849e-01   8.9337151e-01
   2.4056977e-01   0.0000000e+00   1.0670202e-01   8.9329798e-01
   2.4056978e-01   0.0000000e+00   1.0628664e-01   8.9371336e-01
   2.4056979e-01   0.0000000e+00   1.0682978e-01   8.9317022e-01
   2.4056980e-01   0.0000000e+00   1.0656571e-01   8.9343429e-01
   2.4056982e-01   0.0000000e+00   1.0722696e-01   8.9277304e-01
   2.4056982e-01   0.0000000e+00   1.0753491e-01   8.9246509e-01
   2.4056990e-01   0.0000000e+00   1.0769282e-01   8.9230718e-01
   2.4056998e-01   0.0000000e+00   1.0669159e-01   8.9330841e-01
   2.4057001e-01   0.0000000e+00   1.0799774e-01   8.9200226e-01
   2.4057004e-01   0.0000000e+00   1.0618205e-01   8.9381795e-01
   2.4057012e-01   0.0000000e+00   1.0795178e-01   8.9204822e-01
   2.4057016e-01   0.0000000e+00   1.0820788e-01   8.9179212e-01
   2.4057016e-01   0.0000000e+00   1.0821727e-01   8.9178273e-01
   2.4057016e-01   0.0000000e+00   1.0844470e-01   8.9155530e-01
   2.4057019e-01   0.0000000e+00   1.0844998e-01   8.9155002e-01
   2.4057019e-01   0.0000000e+00   1.0692656e-01   8.9307344e-01
   2.4057021e-01   0.0000000e+00   1.0675256e-01   8.9324744e-01
   2.4057027e-01   0.0000000e+00   1.0682461e-01   8.9317539e-01
   2.4057028e-01   0.0000000e+00   1.0676533e-01   8.9323467e-01
   2.4057032e-01   0.0000000e+00   1.0752611e-01   8.9247389e-01
   2.4057037e-01   0.0000000e+00   1.0684461e-01   8.9315539e-01
   2.4057038e-01   0.0000000e+00   1.0725646e-01   8.9274354e-01
   2.4057040e-01   0.0000000e+00   1.0832746e-01   8.9167254e-01
   2.4057044e-01   0.0000000e+00   1.0653710e-01   8.9346290e-01
   2.4057046e-01   0.0000000e+00   1.0669850e-01   8.9330150e-01
   2.4057046e-01   0.0000000e+00   1.0731773e-01   8.9268227e-01
   2.4057053e-01   0.0000000e+00   1.0604788e-01   8.9395212e-01
   2.4057054e-01   0.0000000e+00   1.0639120e-01   8.9360880e-01
   2.4057057e-01   0.0000000e+00   1.0745404e-01   8.9254596e-01
   2.4057062e-01   0.0000000e+00   1.0851694e-01   8.9148306e-01
   2.4057064e-01   0.0000000e+00   1.0642528e-01   8.9357472e-01
   2.4057064e-01   0.0000000e+00   1.0733331e-01   8.9266669e-01
   2.4057066e-01   0.0000000e+00   1.0613634e-01   8.9386366e-01
   2.4057068e-01   0.0000000e+00   1.0661637e-01   8.9338363e-01
   2.4057071e-01   0.0000000e+00   1.0667439e-01   8.9332561e-01
   2.4057085e-01   0.0000000e+00   1.0702048e-01   8.9297952e-01
   2.4057091e-01   0.0000000e+00   1.0602215e-01   8.9397785e-01
   2.4057094e-01   0.0000000e+00   1.0676568e-01   8.9323432e-01
   2.4057103e-01   0.0000000e+00   1.0746822e-01   8.9253178e-01
   2.4057105e-01   0.0000000e+00   1.0677948e-01   8.9322052e-01
   2.4057107e-01   0.0000000e+00   1.0603893e-01   8.9396107e-01
   2.4057107e-01   0.0000000e+00   1.0636262e-01   8.9363738e-01
   2.4057109e-01   0.0000000e+00   1.0837052e-01   8.9162948e-01
   2.4057109e-01   0.0000000e+00   1.0840051e-01   8.9159949e-01
   2.4057113e-01   0.0000000e+00   1.0636999e-01   8.9363001e-01
   2.4057116e-01   0.0000000e+00   1.0640385e-01   8.9359615e-01
   2.4057118e-01   0.0000000e+00   1.0714152e-01   8.9285848e-01
   2.4057121e-01   0.0000000e+00   1.0700142e-01   8.9299858e-01
   2.4057128e-01   0.0000000e+00   1.0607499e-01   8.9392501e-01
   2.4057142e-01   0.0000000e+00   1.0795226e-01   8.9204774e-01
   2.4057143e-01   0.0000000e+00   1.0779403e-01   8.9220597e-01
   2.4057146e-01   0.0000000e+00   1.0656455e-01   8.9343545e-01
   2.4057149e-01   0.0000000e+00   1.0593202e-01   8.9406798e-01
   2.4057151e-01   0.0000000e+00   1.0651994e-01   8.9348006e-01
   2.4057167e-01   0.0000000e+00   1.0610476e-01   8.9389524e-01
   2.4057170e-01   0.0000000e+00   1.0751656e-01   8.9248344e-01
   2.4057177e-01   0.0000000e+00   1.0620935e-01   8.9379065e-01
   2.4057179e-01   0.0000000e+00   1.0581754e-01   8.9418246e-01
   2.4057180e-01   0.0000000e+00   1.0652810e-01   8.9347190e-01
   2.4057192e-01   0.0000000e+00   1.0829949e-01   8.9170051e-01
   2.4057193e-01   0.0000000e+00   1.0806262e-01   8.9193738e-01
   2.4057200e-01   0.0000000e+00   1.0535582e-01   8.9464418e-01
   2.4057200e-01   0.0000000e+00   1.0667446e-01   8.9332554e-01
   2.4057202e-01   0.0000000e+00   1.0855543e-01   8.9144457e-01
   2.4057207e-01   0.0000000e+00   1.0652806e-01   8.9347194e-01
   2.4057209e-01   0.0000000e+00   1.0662751e-01   8.9337249e-01
   2.4057215e-01   0.0000000e+00   1.0717280e-01   8.9282720e-01
   2.4057215e-01   0.0000000e+00   1.0780174e-01   8.9219826e-01
   2.4057219e-01   0.0000000e+00   1.0738653e-01   8.9261347e-01
   2.4057231e-01   0.0000000e+00   1.0520744e-01   8.9479256e-01
   2.4057232e-01   0.0000000e+00   1.0597781e-01   8.9402219e-01
   2.4057233e-01   0.0000000e+00   1.0713815e-01   8.9286185e-01
   2.4057238e-01   0.0000000e+00   1.0778382e-01   8.9221618e-01
   2.4057239e-01   0.0000000e+00   1.0584317e-01   8.9415683e-01
   2.4057246e-01   0.0000000e+00   1.0601399e-01   8.9398601e-01
   2.4057253e-01   0.0000000e+00   1.0663598e-01   8.9336402e-01
   2.4057260e-01   0.0000000e+00   1.0694812e-01   8.9305188e-01
   2.4057264e-01   0.0000000e+00   1.0748985e-01   8.9251015e-01
   2.4057264e-01   0.0000000e+00   1.0582084e-01   8.9417916e-01
   2.4057281e-01   0.0000000e+00   1.0656683e-01   8.9343317e-01
   2.4057282e-01   0.0000000e+00   1.0866596e-01   8.9133404e-01
   2.4057282e-01   0.0000000e+00   1.0508636e-01   8.9491364e-01
   2.4057318e-01   0.0000000e+00   1.0837151e-01   8.9162849e-01
   2.4057330e-01   0.0000000e+00   1.0631951e-01   8.9368049e-01
   2.4057330e-01   0.0000000e+00   1.0625296e-01   8.9374704e-01
   2.4057340e-01   0.0000000e+00   1.0737042e-01   8.9262958e-01
   2.4057369e-01   0.0000000e+00   1.0639470e-01   8.9360530e-01
   2.4057370e-01   0.0000000e+00   1.0721024e-01   8.9278976e-01
   2.4057370e-01   0.0000000e+00   1.0796497e-01   8.9203503e-01
   2.4057375e-01   0.0000000e+00   1.0642787e-01   8.9357213e-01
   2.4057383e-01   0.0000000e+00   1.0800170e-01   8.9199830e-01
   2.4057390e-01   0.0000000e+00   1.0668341e-01   8.9331659e-01
   2.4057391e-01   0.0000000e+00   1.0826196e-01   8.9173804e-01
   2.4057407e-01   0.0000000e+00   1.0803703e-01   8.9196297e-01
   2.4057411e-01   0.0000000e+00   1.0638453e-01   8.9361547e-01
   2.4057417e-01   0.0000000e+00   1.0822202e-01   8.9177798e-01
   2.4057422e-01   0.0000000e+00   1.0779537e-01   8.9220463e-01
   2.4057428e-01   0.0000000e+00   1.0778357e-01   8.9221643e-01
   2.4057430e-01   0.0000000e+00   1.0857516e-01   8.9142484e-01
   2.4057433e-01   0.0000000e+00   1.0780010e-01   8.9219990e-01
   2.4057442e-01   0.0000000e+00   1.0673132e-01   8.9326868e-01
   2.4057450e-01   0.0000000e+00   1.0559451e-01   8.9440549e-01
   2.4057450e-01   0.0000000e+00   1.0712182e-01   8.9287818e-01
   2.4057453e-01   0.0000000e+00   1.0542640e-01   8.9457360e-01
   2.4057476e-01   0.0000000e+00   1.0550402e-01   8.9449598e-01
   2.4057481e-01   0.0000000e+00   1.0723517e-01   8.9276483e-01
   2.4057487e-01   0.0000000e+00   1.0708251e-01   8.9291749e-01
   2.4057490e-01   0.0000000e+00   1.0533021e-01   8.9466979e-01
   2.4057510e-01   0.0000000e+00   1.0631785e-01   8.9368215e-01
   2.4057528e-01   0.0000000e+00   1.0652158e-01   8.9347842e-01
   2.4057530e-01   0.0000000e+00   1.0510256e-01   8.9489744e-01
   2.4057547e-01   0.0000000e+00   1.0796214e-01   8.9203786e-01
   2.4057556e-01   0.0000000e+00   1.0811344e-01   8.9188656e-01
   2.4057563e-01   0.0000000e+00   1.0810616e-01   8.9189384e-01
   2.4057572e-01   0.0000000e+00   1.0730487e-01   8.9269513e-01
   2.4057575e-01   0.0000000e+00   1.0654926e-01   8.9345074e-01
   2.4057576e-01   0.0000000e+00   1.0705156e-01   8.9294844e-01
   2.4057577e-01   0.0000000e+00   1.0588725e-01   8.9411275e-01
   2.4057579e-01   0.0000000e+00   1.0536900e-01   8.9463100e-01
   2.4057584e-01   0.0000000e+00   1.0779921e-01   8.9220079e-01
   2.4057589e-01   0.0000000e+00   1.0693529e-01   8.9306471e-01
   2.4057591e-01   0.0000000e+00   1.0716143e-01   8.9283857e-01
   2.4057601e-01   0.0000000e+00   1.0446180e-01   8.9553820e-01
   2.4057615e-01   0.0000000e+00   1.0545469e-01   8.9454531e-01
   2.4057618e-01   0.0000000e+00   1.0650442e-01   8.9349558e-01
   2.4057620e-01   0.0000000e+00   1.0610741e-01   8.9389259e-01
   2.4057664e-01   0.0000000e+00   1.0531095e-01   8.9468905e-01
   2.4057691e-01   0.0000000e+00   1.0542159e-01   8.9457841e-01
   2.4057711e-01   0.0000000e+00   1.0695647e-01   8.9304353e-01
   2.4057738e-01   0.0000000e+00   1.0628265e-01   8.9371735e-01
   2.4057754e-01   0.0000000e+00   1.0773494e-01   8.9226506e-01
   2.4057816e-01   0.0000000e+00   1.0386181e-01   8.9613819e-01
   2.4057819e-01   0.0000000e+00   1.0953082e-01   8.9046918e-01
   2.4057840e-01   0.0000000e+00   1.0583394e-01   8.9416606e-01
   2.4057841e-01   0.0000000e+00   1.0917710e-01   8.9082290e-01
   2.4057846e-01   0.0000000e+00   1.0560496e-01   8.9439504e-01
   2.4057889e-01   0.0000000e+00   1.0365635e-01   8.9634365e-01
   2.4057912e-01   0.0000000e+00   1.0691537e-01   8.9308463e-01
   2.4057917e-01   0.0000000e+00   1.0479163e-01   8.9520837e-01
   2.4057947e-01   0.0000000e+00   1.0759111e-01   8.9240889e-01
   2.4057947e-01   0.0000000e+00   1.0692945e-01   8.9307055e-01
   2.4057960e-01   0.0000000e+00   1.0895043e-01   8.9104957e-01
   2.4058005e-01   0.0000000e+00   1.0780803e-01   8.9219197e-01
   2.4058017e-01   0.0000000e+00   1.0354150e-01   8.9645850e-01
   2.4058017e-01   0.0000000e+00   1.0388807e-01   8.9611193e-01
   2.4058021e-01   0.0000000e+00   1.0555630e-01   8.9444370e-01
   2.4058026e-01   0.0000000e+00   1.0851820e-01   8.9148180e-01
   2.4058027e-01   0.0000000e+00   1.0896296e-01   8.9103704e-01
   2.4058030e-01   0.0000000e+00   1.0685743e-01   8.9314257e-01
   2.4058031e-01   0.0000000e+00   1.0366857e-01   8.9633143e-01
   2.4058041e-01   0.0000000e+00   1.0536608e-01   8.9463392e-01
   2.4058094e-01   0.0000000e+00   1.0449116e-01   8.9550884e-01
   2.4058103e-01   0.0000000e+00   1.0688094e-01   8.9311906e-01
   2.4058144e-01   0.0000000e+00   1.0899166e-01   8.9100834e-01
   2.4058164e-01   0.0000000e+00   1.0561367e-01   8.9438633e-01
   2.4058213e-01   0.0000000e+00   1.0646500e-01   8.9353500e-01
   2.4058214e-01   0.0000000e+00   1.0764264e-01   8.9235736e-01
   2.4058226e-01   0.0000000e+00   1.0514189e-01   8.9485811e-01
   2.4058228e-01   0.0000000e+00   1.0439805e-01   8.9560195e-01
   2.4058232e-01   0.0000000e+00   1.0819527e-01   8.9180473e-01
   2.4058238e-01   0.0000000e+00   1.0573898e-01   8.9426102e-01
   2.4058243e-01   0.0000000e+00   1.0585014e-01   8.9414986e-01
   2.4058251e-01   0.0000000e+00   1.0440577e-01   8.9559423e-01
   2.4058264e-01   0.0000000e+00   1.0917193e-01   8.9082807e-01
   2.4058265e-01   0.0000000e+00   1.0800367e-01   8.9199633e-01
   2.4058288e-01   0.0000000e+00   1.0700541e-01   8.9299459e-01
   2.4058341e-01   0.0000000e+00   1.0813676e-01   8.9186324e-01
   2.4058361e-01   0.0000000e+00   1.0935463e-01   8.9064537e-01
   2.4058379e-01   0.0000000e+00   1.0656278e-01   8.9343722e-01
   2.4058384e-01   0.0000000e+00   1.0591895e-01   8.9408105e-01
   2.4058386e-01   0.0000000e+00   1.0928014e-01   8.9071986e-01
   2.4058419e-01   0.0000000e+00   1.0362731e-01   8.9637269e-01
   2.4058423e-01   0.0000000e+00   1.0794804e-01   8.9205196e-01
   2.4058436e-01   0.0000000e+00   1.0436588e-01   8.9563412e-01
   2.4058472e-01   0.0000000e+00   1.0633712e-01   8.9366288e-01
   2.4058487e-01   0.0000000e+00   1.0767806e-01   8.9232194e-01
   2.4058508e-01   0.0000000e+00   1.0689499e-01   8.9310501e-01
   2.4058553e-01   0.0000000e+00   1.0765644e-01   8.9234356e-01
   2.4058591e-01   0.0000000e+00   1.0664879e-01   8.9335121e-01
   2.4058601e-01   0.0000000e+00   1.0634379e-01   8.9365621e-01
   2.4058606e-01   0.0000000e+00   1.0337721e-01   8.9662279e-01
   2.4058608e-01   0.0000000e+00   1.0985826e-01   8.9014174e-01
   2.4058650e-01   0.0000000e+00   1.0392864e-01   8.9607136e-01
   2.4058655e-01   0.0000000e+00   1.0520098e-01   8.9479902e-01
   2.4058677e-01   0.0000000e+00   1.0742566e-01   8.9257434e-01
   2.4058682e-01   0.0000000e+00   1.0632776e-01   8.9367224e-01
   2.4058720e-01   0.0000000e+00   1.0802081e-01   8.9197919e-01
   2.4058742e-01   0.0000000e+00   1.0618669e-01   8.9381331e-01
   2.4058758e-01   0.0000000e+00   1.0606484e-01   8.9393516e-01
   2.4058804e-01   0.0000000e+00   1.0670179e-01   8.9329821e-01
   2.4058927e-01   0.0000000e+00   1.0542681e-01   8.9457319e-01
   2.4059005e-01   0.0000000e+00   1.0297663e-01   8.9702337e-01
   2.4059006e-01   0.0000000e+00   1.0683957e-01   8.9316043e-01
   2.4059074e-01   0.0000000e+00   1.0751673e-01   8.9248327e-01
   2.4059083e-01   0.0000000e+00   1.0806451e-01   8.9193549e-01
   2.4059134e-01   0.0000000e+00   1.0519415e-01   8.9480585e-01
   2.4059155e-01   0.0000000e+00   1.0602408e-01   8.9397592e-01
   2.4059260e-01   0.0000000e+00   1.0705960e-01   8.9294040e-01
   2.4059263e-01   0.0000000e+00   1.0723977e-01   8.9276023e-01
   2.4059274e-01   0.0000000e+00   1.0308196e-01   8.9691804e-01
   2.4059291e-01   0.0000000e+00   1.0991672e-01   8.9008328e-01
   2.4059300e-01   0.0000000e+00   1.0645086e-01   8.9354914e-01
   2.4059339e-01   0.0000000e+00   1.0866540e-01   8.9133460e-01
   2.4059350e-01   0.0000000e+00   1.0454301e-01   8.9545699e-01
   2.4059358e-01   0.0000000e+00   1.0771834e-01   8.9228166e-01
   2.4059370e-01   0.0000000e+00   1.0815288e-01   8.9184712e-01
   2.4059373e-01   0.0000000e+00   1.0925367e-01   8.9074633e-01
   2.4059420e-01   0.0000000e+00   1.0285493e-01   8.9714507e-01
   2.4059466e-01   0.0000000e+00   1.0445536e-01   8.9554464e-01
   2.4059522e-01   0.0000000e+00   1.0374590e-01   8.9625410e-01
   2.4059648e-01   0.0000000e+00   1.0308847e-01   8.9691153e-01
   2.4059691e-01   0.0000000e+00   1.0915923e-01   8.9084077e-01
   2.4059694e-01   0.0000000e+00   1.0664550e-01   8.9335450e-01
   2.4059702e-01   0.0000000e+00   1.0581121e-01   8.9418879e-01
   2.4059725e-01   0.0000000e+00   1.1024354e-01   8.8975646e-01
   2.4059979e-01   0.0000000e+00   1.0884749e-01   8.9115251e-01
   2.4060010e-01   0.0000000e+00   1.0616840e-01   8.9383160e-01
   2.4060016e-01   0.0000000e+00   1.0677785e-01   8.9322215e-01
   2.4060030e-01   0.0000000e+00   1.1069018e-01   8.8930982e-01
   2.4060061e-01   0.0000000e+00   1.1041586e-01   8.8958414e-01
   2.4060080e-01   0.0000000e+00   1.1030233e-01   8.8969767e-01
   2.4060086e-01   0.0000000e+00   1.0302955e-01   8.9697045e-01
   2.4060159e-01   0.0000000e+00   1.0644785e-01   8.9355215e-01
   2.4060165e-01   0.0000000e+00   1.0747615e-01   8.9252385e-01
   2.4060323e-01   0.0000000e+00   1.0653890e-01   8.9346110e-01
   2.4060378e-01   0.0000000e+00   1.0982743e-01   8.9017257e-01
   2.4060402e-01   0.0000000e+00   1.0418102e-01   8.9581898e-01
   2.4060443e-01   0.0000000e+00   1.0175632e-01   8.9824368e-01
   2.4060469e-01   0.0000000e+00   1.0625815e-01   8.9374185e-01
   2.4060500e-01   0.0000000e+00   1.0676747e-01   8.9323253e-01
   2.4060512e-01   0.0000000e+00   1.1171736e-01   8.8828264e-01
   2.4060519e-01   0.0000000e+00   1.0859028e-01   8.9140972e-01
   2.4060537e-01   0.0000000e+00   1.0871876e-01   8.9128124e-01
   2.4060553e-01   0.0000000e+00   1.0659521e-01   8.9340479e-01
   2.4060567e-01   0.0000000e+00   1.0812954e-01   8.9187046e-01
   2.4060621e-01   0.0000000e+00   1.0595229e-01   8.9404771e-01
   2.4060668e-01   0.0000000e+00   1.0073482e-01   8.9926518e-01
   2.4060793e-01   0.0000000e+00   1.0095640e-01   8.9904360e-01
   2.4060859e-01   0.0000000e+00   1.0661859e-01   8.9338141e-01
   2.4060890e-01   0.0000000e+00   1.0728865e-01   8.9271135e-01
   2.4060950e-01   0.0000000e+00   1.0470176e-01   8.9529824e-01
   2.4060959e-01   0.0000000e+00   1.0714409e-01   8.9285591e-01
   2.4060979e-01   0.0000000e+00   1.1106450e-01   8.8893550e-01
   2.4061073e-01   0.0000000e+00   1.1182687e-01   8.8817313e-01
   2.4061074e-01   0.0000000e+00   1.1133758e-01   8.8866242e-01
   2.4061093e-01   0.0000000e+00   1.1053537e-01   8.8946463e-01
   2.4061147e-01   0.0000000e+00   1.1223064e-01   8.8776936e-01
   2.4061174e-01   0.0000000e+00   1.1076037e-01   8.8923963e-01
   2.4061285e-01   0.0000000e+00   1.0664266e-01   8.9335734e-01
   2.4061387e-01   0.0000000e+00   1.0523290e-01   8.9476710e-01
   2.4061473e-01   0.0000000e+00   1.0022860e-01   8.9977140e-01
   2.4061585e-01   0.0000000e+00   1.0584516e-01   8.9415484e-01
   2.4061631e-01   0.0000000e+00   1.0603260e-01   8.9396740e-01
   2.4061723e-01   0.0000000e+00   1.0814098e-01   8.9185902e-01
   2.4061745e-01   0.0000000e+00   1.0770541e-01   8.9229459e-01
   2.4061977e-01   0.0000000e+00   1.1294435e-01   8.8705565e-01
   2.4062011e-01   0.0000000e+00   1.0284652e-01   8.9715348e-01
   2.4062127e-01   0.0000000e+00   1.0700201e-01   8.9299799e-01
   2.4062138e-01   0.0000000e+00   1.0561436e-01   8.9438564e-01
   2.4062156e-01   0.0000000e+00   1.0294511e-01   8.9705489e-01
   2.4062255e-01   0.0000000e+00   1.0733975e-01   8.9266025e-01
   2.4062281e-01   0.0000000e+00   1.0630969e-01   8.9369031e-01
   2.4062297e-01   0.0000000e+00   1.0464673e-01   8.9535327e-01
   2.4062412e-01   0.0000000e+00   1.0667138e-01   8.9332862e-01
   2.4062431e-01   0.0000000e+00   1.0201153e-01   8.9798847e-01
   2.4062498e-01   0.0000000e+00   1.1272211e-01   8.8727789e-01
   2.4062596e-01   0.0000000e+00   1.0491245e-01   8.9508755e-01
   2.4062623e-01   0.0000000e+00   1.0903337e-01   8.9096663e-01
   2.4062654e-01   0.0000000e+00   1.0851745e-01   8.9148255e-01
   2.4062679e-01   0.0000000e+00   1.0147724e-01   8.9852276e-01
   2.4062790e-01   0.0000000e+00   1.1173244e-01   8.8826756e-01
   2.4062828e-01   0.0000000e+00   1.0490394e-01   8.9509606e-01
   2.4062833e-01   0.0000000e+00   1.0624589e-01   8.9375411e-01
   2.4062963e-01   0.0000000e+00   1.0458968e-01   8.9541032e-01
   2.4062998e-01   0.0000000e+00   1.1152302e-01   8.8847698e-01
   2.4063053e-01   0.0000000e+00   1.0392306e-01   8.9607694e-01
   2.4063073e-01   0.0000000e+00   1.1322350e-01   8.8677650e-01
   2.4063178e-01   0.0000000e+00   1.0425185e-01   8.9574815e-01
   2.4063179e-01   0.0000000e+00   1.1352983e-01   8.8647017e-01
   2.4063197e-01   0.0000000e+00   1.1245049e-01   8.8754951e-01
   2.4063212e-01   0.0000000e+00   1.0728503e-01   8.9271497e-01
   2.4063275e-01   0.0000000e+00   1.0602776e-01   8.9397224e-01
   2.4063339e-01   0.0000000e+00   1.0727547e-01   8.9272453e-01
   2.4063398e-01   0.0000000e+00   1.1085551e-01   8.8914449e-01
   2.4063487e-01   0.0000000e+00   1.1149981e-01   8.8850019e-01
   2.4063487e-01   0.0000000e+00   1.0509736e-01   8.9490264e-01
   2.4063512e-01   0.0000000e+00   1.0403046e-01   8.9596954e-01
   2.4063525e-01   0.0000000e+00   1.0573759e-01   8.9426241e-01
   2.4063602e-01   0.0000000e+00   1.0560074e-01   8.9439926e-01
   2.4063609e-01   0.0000000e+00   1.0662737e-01   8.9337263e-01
   2.4063673e-01   0.0000000e+00   1.0750732e-01   8.9249268e-01
   2.4063726e-01   0.0000000e+00   1.0692523e-01   8.9307477e-01
   2.4063954e-01   0.0000000e+00   1.0607311e-01   8.9392689e-01
   2.4064017e-01   0.0000000e+00   1.1117367e-01   8.8882633e-01
   2.4064061e-01   0.0000000e+00   1.0568877e-01   8.9431123e-01
   2.4064156e-01   0.0000000e+00   1.0650692e-01   8.9349308e-01
   2.4064266e-01   0.0000000e+00   1.0858809e-01   8.9141191e-01
   2.4064285e-01   0.0000000e+00   1.1024942e-01   8.8975058e-01
   2.4064403e-01   0.0000000e+00   1.1224518e-01   8.8775482e-01
   2.4064455e-01   0.0000000e+00   1.1456903e-01   8.8543097e-01
   2.4064526e-01   0.0000000e+00   1.0552992e-01   8.9447008e-01
   2.4064529e-01   0.0000000e+00   1.0434702e-01   8.9565298e-01
   2.4064729e-01   0.0000000e+00   1.0409110e-01   8.9590890e-01
   2.4064783e-01   0.0000000e+00   1.1232065e-01   8.8767935e-01
   2.4064874e-01   0.0000000e+00   1.0362882e-01   8.9637118e-01
   2.4064956e-01   0.0000000e+00   1.1037507e-01   8.8962493e-01
   2.4064982e-01   0.0000000e+00   1.0383566e-01   8.9616434e-01
   2.4065022e-01   0.0000000e+00   1.0600668e-01   8.9399332e-01
   2.4065133e-01   0.0000000e+00   1.0326099e-01   8.9673901e-01
   2.4065225e-01   0.0000000e+00   1.0668780e-01   8.9331220e-01
   2.4065246e-01   0.0000000e+00   1.0571249e-01   8.9428751e-01
   2.4065258e-01   0.0000000e+00   1.1280211e-01   8.8719789e-01
   2.4065341e-01   0.0000000e+00   1.0410244e-01   8.9589756e-01
   2.4065367e-01   0.0000000e+00   1.0277064e-01   8.9722936e-01
   2.4065381e-01   0.0000000e+00   1.0820369e-01   8.9179631e-01
   2.4065390e-01   0.0000000e+00   1.0607593e-01   8.9392407e-01
   2.4065397e-01   0.0000000e+00   1.0439796e-01   8.9560204e-01
   2.4065443e-01   0.0000000e+00   1.0047823e-01   8.9952177e-01
   2.4065450e-01   0.0000000e+00   1.0035549e-01   8.9964451e-01
   2.4065468e-01   0.0000000e+00   1.0497640e-01   8.9502360e-01
   2.4065497e-01   0.0000000e+00   1.0250683e-01   8.9749317e-01
   2.4065609e-01   0.0000000e+00   1.0219616e-01   8.9780384e-01
   2.4065615e-01   0.0000000e+00   1.0765213e-01   8.9234787e-01
   2.4065679e-01   0.0000000e+00   1.1317154e-01   8.8682846e-01
   2.4065810e-01   0.0000000e+00   1.1526847e-01   8.8473153e-01
   2.4065823e-01   0.0000000e+00   1.1350382e-01   8.8649618e-01
   2.4065913e-01   0.0000000e+00   1.0130015e-01   8.9869985e-01
   2.4065939e-01   0.0000000e+00   1.0600415e-01   8.9399585e-01
   2.4065987e-01   0.0000000e+00   1.0058599e-01   8.9941401e-01
   2.4066047e-01   0.0000000e+00   9.8376339e-02   9.0162366e-01
   2.4066049e-01   0.0000000e+00   1.0583851e-01   8.9416149e-01
   2.4066093e-01   0.0000000e+00   1.0502631e-01   8.9497369e-01
   2.4066394e-01   0.0000000e+00   1.0000056e-01   8.9999944e-01
   2.4066584e-01   0.0000000e+00   1.0114857e-01   8.9885143e-01
   2.4066639e-01   0.0000000e+00   1.0135632e-01   8.9864368e-01
   2.4066771e-01   0.0000000e+00   1.0199378e-01   8.9800622e-01
   2.4066862e-01   0.0000000e+00   1.0738634e-01   8.9261366e-01
   2.4067007e-01   0.0000000e+00   1.0984221e-01   8.9015779e-01
   2.4067036e-01   0.0000000e+00   1.0208453e-01   8.9791547e-01
   2.4067207e-01   0.0000000e+00   1.0033677e-01   8.9966323e-01
   2.4067547e-01   0.0000000e+00   9.9578376e-02   9.0042162e-01
   2.4067614e-01   0.0000000e+00   1.0851484e-01   8.9148516e-01
   2.4067725e-01   0.0000000e+00   1.0051862e-01   8.9948138e-01
   2.4067740e-01   0.0000000e+00   9.9659121e-02   9.0034088e-01
   2.4067765e-01   0.0000000e+00   1.0323853e-01   8.9676147e-01
   2.4067807e-01   0.0000000e+00   1.1418187e-01   8.8581813e-01
   2.4067833e-01   0.0000000e+00   9.9436062e-02   9.0056394e-01
   2.4067885e-01   0.0000000e+00   1.0453309e-01   8.9546691e-01
   2.4067899e-01   0.0000000e+00   9.8963832e-02   9.0103617e-01
   2.4067937e-01   0.0000000e+00   9.9534566e-02   9.0046543e-01
   2.4067986e-01   0.0000000e+00   1.0255909e-01   8.9744091e-01
   2.4068025e-01   0.0000000e+00   9.9639175e-02   9.0036083e-01
   2.4068189e-01   0.0000000e+00   1.0264109e-01   8.9735891e-01
   2.4068234e-01   0.0000000e+00   1.0796232e-01   8.9203768e-01
   2.4068279e-01   0.0000000e+00   9.8843801e-02   9.0115620e-01
   2.4068294e-01   0.0000000e+00   9.5504165e-02   9.0449583e-01
   2.4068383e-01   0.0000000e+00   9.9630015e-02   9.0036999e-01
   2.4068398e-01   0.0000000e+00   1.0023236e-01   8.9976764e-01
   2.4068414e-01   0.0000000e+00   9.9597725e-02   9.0040228e-01
   2.4068635e-01   0.0000000e+00   1.0840759e-01   8.9159241e-01
   2.4068645e-01   0.0000000e+00   1.0467144e-01   8.9532856e-01
   2.4068701e-01   0.0000000e+00   9.7008281e-02   9.0299172e-01
   2.4068750e-01   0.0000000e+00   9.9657719e-02   9.0034228e-01
   2.4068787e-01   0.0000000e+00   1.0047699e-01   8.9952301e-01
   2.4068794e-01   0.0000000e+00   9.9445460e-02   9.0055454e-01
   2.4068816e-01   0.0000000e+00   1.1699037e-01   8.8300963e-01
   2.4068872e-01   0.0000000e+00   1.0324284e-01   8.9675716e-01
   2.4068941e-01   0.0000000e+00   1.0980162e-01   8.9019838e-01
   2.4069082e-01   0.0000000e+00   1.0879976e-01   8.9120024e-01
   2.4069124e-01   0.0000000e+00   1.1600931e-01   8.8399069e-01
   2.4069216e-01   0.0000000e+00   1.1562994e-01   8.8437006e-01
   2.4069340e-01   0.0000000e+00   1.0111054e-01   8.9888946e-01
   2.4069420e-01   0.0000000e+00   9.8459791e-02   9.0154021e-01
   2.4069433e-01   0.0000000e+00   1.1224437e-01   8.8775563e-01
   2.4069444e-01   0.0000000e+00   9.6641682e-02   9.0335832e-01
   2.4069456e-01   0.0000000e+00   1.0046878e-01   8.9953122e-01
   2.4069467e-01   0.0000000e+00   9.9777931e-02   9.0022207e-01
   2.4069487e-01   0.0000000e+00   9.8149750e-02   9.0185025e-01
   2.4069533e-01   0.0000000e+00   1.1104153e-01   8.8895847e-01
   2.4069541e-01   0.0000000e+00   9.8273082e-02   9.0172692e-01
   2.4069550e-01   0.0000000e+00   9.9033589e-02   9.0096641e-01
   2.4069562e-01   0.0000000e+00   9.8420709e-02   9.0157929e-01
   2.4069589e-01   0.0000000e+00   1.1305544e-01   8.8694456e-01
   2.4069644e-01   0.0000000e+00   9.8464952e-02   9.0153505e-01
   2.4069758e-01   0.0000000e+00   1.0201810e-01   8.9798190e-01
   2.4069936e-01   0.0000000e+00   9.8259149e-02   9.0174085e-01
   2.4070051e-01   0.0000000e+00   9.9101452e-02   9.0089855e-01
   2.4070433e-01   0.0000000e+00   1.1601315e-01   8.8398685e-01
   2.4070468e-01   0.0000000e+00   9.8106111e-02   9.0189389e-01
   2.4070522e-01   0.0000000e+00   1.1043929e-01   8.8956071e-01
   2.4070607e-01   0.0000000e+00   1.0209881e-01   8.9790119e-01
   2.4070676e-01   0.0000000e+00   9.7743877e-02   9.0225612e-01
   2.4070746e-01   0.0000000e+00   1.0017423e-01   8.9982577e-01
   2.4070752e-01   0.0000000e+00   1.0293687e-01   8.9706313e-01
   2.4070803e-01   0.0000000e+00   1.0048333e-01   8.9951667e-01
   2.4070889e-01   0.0000000e+00   9.7232007e-02   9.0276799e-01
   2.4070941e-01   0.0000000e+00   1.1636613e-01   8.8363387e-01
   2.4071018e-01   0.0000000e+00   9.6936063e-02   9.0306394e-01
   2.4071188e-01   0.0000000e+00   9.7286325e-02   9.0271367e-01
   2.4071412e-01   0.0000000e+00   9.9902873e-02   9.0009713e-01
   2.4071532e-01   0.0000000e+00   9.7648841e-02   9.0235116e-01
   2.4071657e-01   0.0000000e+00   1.1316797e-01   8.8683203e-01
   2.4071754e-01   0.0000000e+00   9.8159386e-02   9.0184061e-01
   2.4071820e-01   0.0000000e+00   1.1047378e-01   8.8952622e-01
   2.4071838e-01   0.0000000e+00   9.7460616e-02   9.0253938e-01
   2.4071899e-01   0.0000000e+00   9.8643027e-02   9.0135697e-01
   2.4071985e-01   0.0000000e+00   9.7594772e-02   9.0240523e-01
   2.4072004e-01   0.0000000e+00   9.6614011e-02   9.0338599e-01
   2.4072069e-01   0.0000000e+00   9.7146359e-02   9.0285364e-01
   2.4072275e-01   0.0000000e+00   1.1440092e-01   8.8559908e-01
   2.4072379e-01   0.0000000e+00   1.1046965e-01   8.8953035e-01
   2.4072455e-01   0.0000000e+00   9.7040624e-02   9.0295938e-01
   2.4072477e-01   0.0000000e+00   9.8311790e-02   9.0168821e-01
   2.4072561e-01   0.0000000e+00   9.6695482e-02   9.0330452e-01
   2.4072597e-01   0.0000000e+00   9.7190540e-02   9.0280946e-01
   2.4072634e-01   0.0000000e+00   9.5477426e-02   9.0452257e-01
   2.4072688e-01   0.0000000e+00   9.7714094e-02   9.0228591e-01
   2.4072852e-01   0.0000000e+00   1.0425407e-01   8.9574593e-01
   2.4072972e-01   0.0000000e+00   9.8300183e-02   9.0169982e-01
   2.4073152e-01   0.0000000e+00   9.5722070e-02   9.0427793e-01
   2.4073326e-01   0.0000000e+00   9.7281995e-02   9.0271800e-01
   2.4073327e-01   0.0000000e+00   9.7541685e-02   9.0245831e-01
   2.4073411e-01   0.0000000e+00   9.6840864e-02   9.0315914e-01
   2.4073626e-01   0.0000000e+00   9.7394254e-02   9.0260575e-01
   2.4073898e-01   0.0000000e+00   9.6555053e-02   9.0344495e-01
   2.4073910e-01   0.0000000e+00   9.6465131e-02   9.0353487e-01
   2.4073961e-01   0.0000000e+00   9.8362572e-02   9.0163743e-01
   2.4073971e-01   0.0000000e+00   9.6840249e-02   9.0315975e-01
   2.4074256e-01   0.0000000e+00   9.8405884e-02   9.0159412e-01
   2.4074510e-01   0.0000000e+00   9.5328404e-02   9.0467160e-01
   2.4074512e-01   0.0000000e+00   9.3944395e-02   9.0605560e-01
   2.4074576e-01   0.0000000e+00   9.6118024e-02   9.0388198e-01
   2.4074628e-01   0.0000000e+00   9.5075135e-02   9.0492487e-01
   2.4074946e-01   0.0000000e+00   9.6371168e-02   9.0362883e-01
   2.4074975e-01   0.0000000e+00   9.8663188e-02   9.0133681e-01
   2.4075051e-01   0.0000000e+00   1.0622194e-01   8.9377806e-01
   2.4075160e-01   0.0000000e+00   9.5044562e-02   9.0495544e-01
   2.4075189e-01   0.0000000e+00   9.7577715e-02   9.0242228e-01
   2.4075310e-01   0.0000000e+00   9.7139171e-02   9.0286083e-01
   2.4075311e-01   0.0000000e+00   9.8980838e-02   9.0101916e-01
   2.4075347e-01   0.0000000e+00   1.0031538e-01   8.9968462e-01
   2.4075484e-01   0.0000000e+00   9.6682581e-02   9.0331742e-01
   2.4075488e-01   0.0000000e+00   9.7005093e-02   9.0299491e-01
   2.4075549e-01   0.0000000e+00   9.6253478e-02   9.0374652e-01
   2.4075603e-01   0.0000000e+00   1.1500681e-01   8.8499319e-01
   2.4075648e-01   0.0000000e+00   9.5570458e-02   9.0442954e-01
   2.4075852e-01   0.0000000e+00   9.5268770e-02   9.0473123e-01
   2.4075950e-01   0.0000000e+00   9.6441494e-02   9.0355851e-01
   2.4075956e-01   0.0000000e+00   9.7688960e-02   9.0231104e-01
   2.4075972e-01   0.0000000e+00   9.6655946e-02   9.0334405e-01
   2.4076008e-01   0.0000000e+00   9.6395441e-02   9.0360456e-01
   2.4076049e-01   0.0000000e+00   9.4183064e-02   9.0581694e-01
   2.4076078e-01   0.0000000e+00   1.0024513e-01   8.9975487e-01
   2.4076245e-01   0.0000000e+00   9.5366672e-02   9.0463333e-01
   2.4076303e-01   0.0000000e+00   9.5872637e-02   9.0412736e-01
   2.4076598e-01   0.0000000e+00   9.7319654e-02   9.0268035e-01
   2.4076654e-01   0.0000000e+00   9.6129229e-02   9.0387077e-01
   2.4076715e-01   0.0000000e+00   9.6653631e-02   9.0334637e-01
   2.4076774e-01   0.0000000e+00   9.3757379e-02   9.0624262e-01
   2.4076912e-01   0.0000000e+00   9.6785166e-02   9.0321483e-01
   2.4076936e-01   0.0000000e+00   9.6074885e-02   9.0392511e-01
   2.4076970e-01   0.0000000e+00   9.8060017e-02   9.0193998e-01
   2.4077132e-01   0.0000000e+00   9.6813191e-02   9.0318681e-01
   2.4077167e-01   0.0000000e+00   9.5547569e-02   9.0445243e-01
   2.4077172e-01   0.0000000e+00   9.3673558e-02   9.0632644e-01
   2.4077208e-01   0.0000000e+00   9.7649915e-02   9.0235009e-01
   2.4077233e-01   0.0000000e+00   9.9244098e-02   9.0075590e-01
   2.4077245e-01   0.0000000e+00   9.2640593e-02   9.0735941e-01
   2.4077258e-01   0.0000000e+00   9.6019645e-02   9.0398035e-01
   2.4077267e-01   0.0000000e+00   9.6392724e-02   9.0360728e-01
   2.4077306e-01   0.0000000e+00   9.3836354e-02   9.0616365e-01
   2.4077336e-01   0.0000000e+00   9.6406961e-02   9.0359304e-01
   2.4077385e-01   0.0000000e+00   9.5478051e-02   9.0452195e-01
   2.4077418e-01   0.0000000e+00   9.5419234e-02   9.0458077e-01
   2.4077420e-01   0.0000000e+00   9.9152216e-02   9.0084778e-01
   2.4077505e-01   0.0000000e+00   9.6945992e-02   9.0305401e-01
   2.4077510e-01   0.0000000e+00   9.7266765e-02   9.0273323e-01
   2.4077631e-01   0.0000000e+00   9.6775388e-02   9.0322461e-01
   2.4077642e-01   0.0000000e+00   9.5175379e-02   9.0482462e-01
   2.4077661e-01   0.0000000e+00   9.8301034e-02   9.0169897e-01
   2.4077717e-01   0.0000000e+00   9.4242564e-02   9.0575744e-01
   2.4077807e-01   0.0000000e+00   9.3610421e-02   9.0638958e-01
   2.4077897e-01   0.0000000e+00   9.4705211e-02   9.0529479e-01
   2.4077964e-01   0.0000000e+00   9.5415122e-02   9.0458488e-01
   2.4077969e-01   0.0000000e+00   9.6637067e-02   9.0336293e-01
   2.4078102e-01   0.0000000e+00   9.5667531e-02   9.0433247e-01
   2.4078114e-01   0.0000000e+00   9.6364220e-02   9.0363578e-01
   2.4078179e-01   0.0000000e+00   9.7027003e-02   9.0297300e-01
   2.4078219e-01   0.0000000e+00   1.0229740e-01   8.9770260e-01
   2.4078235e-01   0.0000000e+00   9.7429477e-02   9.0257052e-01
   2.4078236e-01   0.0000000e+00   1.0074214e-01   8.9925786e-01
   2.4078244e-01   0.0000000e+00   9.7355571e-02   9.0264443e-01
   2.4078302e-01   0.0000000e+00   9.6410713e-02   9.0358929e-01
   2.4078360e-01   0.0000000e+00   9.5090662e-02   9.0490934e-01
   2.4078383e-01   0.0000000e+00   9.2938660e-02   9.0706134e-01
   2.4078411e-01   0.0000000e+00   9.6344535e-02   9.0365547e-01
   2.4078477e-01   0.0000000e+00   9.6509134e-02   9.0349087e-01
   2.4078499e-01   0.0000000e+00   9.5379462e-02   9.0462054e-01
   2.4078599e-01   0.0000000e+00   9.7623449e-02   9.0237655e-01
   2.4078615e-01   0.0000000e+00   9.6532563e-02   9.0346744e-01
   2.4078646e-01   0.0000000e+00   1.1427030e-01   8.8572970e-01
   2.4078653e-01   0.0000000e+00   9.5985927e-02   9.0401407e-01
   2.4078687e-01   0.0000000e+00   1.0023723e-01   8.9976277e-01
   2.4078852e-01   0.0000000e+00   9.4437419e-02   9.0556258e-01
   2.4078888e-01   0.0000000e+00   9.4270485e-02   9.0572952e-01
   2.4078889e-01   0.0000000e+00   9.6588672e-02   9.0341133e-01
   2.4078917e-01   0.0000000e+00   9.3201500e-02   9.0679850e-01
   2.4079126e-01   0.0000000e+00   9.9452669e-02   9.0054733e-01
   2.4079187e-01   0.0000000e+00   1.0034964e-01   8.9965036e-01
   2.4079210e-01   0.0000000e+00   1.0059491e-01   8.9940509e-01
   2.4079371e-01   0.0000000e+00   9.1433537e-02   9.0856646e-01
   2.4079383e-01   0.0000000e+00   9.6986764e-02   9.0301324e-01
   2.4079395e-01   0.0000000e+00   9.7166559e-02   9.0283344e-01
   2.4079501e-01   0.0000000e+00   9.7474718e-02   9.0252528e-01
   2.4079528e-01   0.0000000e+00   9.2512383e-02   9.0748762e-01
   2.4079536e-01   0.0000000e+00   9.5952426e-02   9.0404757e-01
   2.4079538e-01   0.0000000e+00   9.8086623e-02   9.0191338e-01
   2.4079575e-01   0.0000000e+00   9.7773334e-02   9.0222667e-01
   2.4079609e-01   0.0000000e+00   9.6808833e-02   9.0319117e-01
   2.4079646e-01   0.0000000e+00   9.2178064e-02   9.0782194e-01
   2.4079647e-01   0.0000000e+00   9.7828845e-02   9.0217116e-01
   2.4079658e-01   0.0000000e+00   9.4712942e-02   9.0528706e-01
   2.4079847e-01   0.0000000e+00   9.4793112e-02   9.0520689e-01
   2.4079871e-01   0.0000000e+00   9.5533993e-02   9.0446601e-01
   2.4079907e-01   0.0000000e+00   9.5969242e-02   9.0403076e-01
   2.4080129e-01   0.0000000e+00   9.6494979e-02   9.0350502e-01
   2.4080331e-01   0.0000000e+00   9.5823266e-02   9.0417673e-01
   2.4080356e-01   0.0000000e+00   9.5591187e-02   9.0440881e-01
   2.4080400e-01   0.0000000e+00   9.4588961e-02   9.0541104e-01
   2.4080415e-01   0.0000000e+00   9.6502169e-02   9.0349783e-01
   2.4080480e-01   0.0000000e+00   9.4966912e-02   9.0503309e-01
   2.4080544e-01   0.0000000e+00   9.6116616e-02   9.0388338e-01
   2.4080628e-01   0.0000000e+00   9.4886355e-02   9.0511365e-01
   2.4080658e-01   0.0000000e+00   9.6301415e-02   9.0369859e-01
   2.4080677e-01   0.0000000e+00   9.8766369e-02   9.0123363e-01
   2.4080750e-01   0.0000000e+00   9.3036757e-02   9.0696324e-01
   2.4081005e-01   0.0000000e+00   9.7221052e-02   9.0277895e-01
   2.4081102e-01   0.0000000e+00   9.4093149e-02   9.0590685e-01
   2.4081140e-01   0.0000000e+00   9.7654064e-02   9.0234594e-01
   2.4081272e-01   0.0000000e+00   9.7049944e-02   9.0295006e-01
   2.4081470e-01   0.0000000e+00   9.9479636e-02   9.0052036e-01
   2.4081491e-01   0.0000000e+00   9.3772225e-02   9.0622778e-01
   2.4081522e-01   0.0000000e+00   9.5568941e-02   9.0443106e-01
