   1.6881676e-01   1.0456547e-02   1.0720159e-01   8.8234186e-01
   1.6881677e-01   1.0452277e-02   1.0717335e-01   8.8237437e-01
   1.6881677e-01   1.0460434e-02   1.0722835e-01   8.8231121e-01
   1.6881677e-01   1.0439647e-02   1.0719989e-01   8.8236046e-01
   1.6881677e-01   1.0483724e-02   1.0713757e-01   8.8237871e-01
   1.6881677e-01   1.0465951e-02   1.0722185e-01   8.8231220e-01
   1.6881678e-01   1.0449324e-02   1.0719681e-01   8.8235387e-01
   1.6881678e-01   1.0467144e-02   1.0720055e-01   8.8233231e-01
   1.6881678e-01   1.0446406e-02   1.0724396e-01   8.8230964e-01
   1.6881678e-01   1.0465139e-02   1.0722885e-01   8.8230601e-01
   1.6881678e-01   1.0444165e-02   1.0722333e-01   8.8233251e-01
   1.6881679e-01   1.0472597e-02   1.0717912e-01   8.8234828e-01
   1.6881679e-01   1.0451177e-02   1.0719810e-01   8.8235073e-01
   1.6881679e-01   1.0475968e-02   1.0713905e-01   8.8238498e-01
   1.6881680e-01   1.0469261e-02   1.0715024e-01   8.8238050e-01
   1.6881680e-01   1.0463558e-02   1.0718340e-01   8.8235304e-01
   1.6881680e-01   1.0469956e-02   1.0720492e-01   8.8232513e-01
   1.6881680e-01   1.0476097e-02   1.0718980e-01   8.8233410e-01
   1.6881680e-01   1.0461666e-02   1.0718307e-01   8.8235527e-01
   1.6881681e-01   1.0465238e-02   1.0717871e-01   8.8235605e-01
   1.6881681e-01   1.0490797e-02   1.0716323e-01   8.8234597e-01
   1.6881681e-01   1.0430886e-02   1.0720127e-01   8.8236785e-01
   1.6881681e-01   1.0473277e-02   1.0713389e-01   8.8239283e-01
   1.6881681e-01   1.0446259e-02   1.0718662e-01   8.8236712e-01
   1.6881681e-01   1.0486003e-02   1.0718121e-01   8.8233278e-01
   1.6881681e-01   1.0442804e-02   1.0717835e-01   8.8237884e-01
   1.6881681e-01   1.0462162e-02   1.0716253e-01   8.8237531e-01
   1.6881681e-01   1.0460518e-02   1.0727037e-01   8.8226912e-01
   1.6881681e-01   1.0454625e-02   1.0720555e-01   8.8233982e-01
   1.6881682e-01   1.0445056e-02   1.0721422e-01   8.8234073e-01
   1.6881682e-01   1.0474851e-02   1.0716917e-01   8.8235598e-01
   1.6881682e-01   1.0469523e-02   1.0716551e-01   8.8236497e-01
   1.6881682e-01   1.0512020e-02   1.0708058e-01   8.8240740e-01
   1.6881683e-01   1.0462618e-02   1.0718886e-01   8.8234852e-01
   1.6881683e-01   1.0442857e-02   1.0722707e-01   8.8233007e-01
   1.6881683e-01   1.0484337e-02   1.0715034e-01   8.8236532e-01
   1.6881683e-01   1.0474679e-02   1.0716708e-01   8.8235824e-01
   1.6881683e-01   1.0462311e-02   1.0718974e-01   8.8234795e-01
   1.6881683e-01   1.0438118e-02   1.0721525e-01   8.8234663e-01
   1.6881683e-01   1.0450048e-02   1.0717381e-01   8.8237614e-01
   1.6881684e-01   1.0504570e-02   1.0718347e-01   8.8231196e-01
   1.6881684e-01   1.0462484e-02   1.0717990e-01   8.8235761e-01
   1.6881684e-01   1.0465901e-02   1.0718052e-01   8.8235358e-01
   1.6881684e-01   1.0493767e-02   1.0709038e-01   8.8241585e-01
   1.6881684e-01   1.0481431e-02   1.0722488e-01   8.8229369e-01
   1.6881685e-01   1.0459209e-02   1.0719258e-01   8.8234821e-01
   1.6881685e-01   1.0511248e-02   1.0716889e-01   8.8231986e-01
   1.6881685e-01   1.0483775e-02   1.0716612e-01   8.8235011e-01
   1.6881685e-01   1.0488030e-02   1.0719984e-01   8.8231213e-01
   1.6881685e-01   1.0466710e-02   1.0716217e-01   8.8237112e-01
   1.6881685e-01   1.0465656e-02   1.0713678e-01   8.8239757e-01
   1.6881685e-01   1.0468900e-02   1.0714709e-01   8.8238401e-01
   1.6881686e-01   1.0435455e-02   1.0714509e-01   8.8241946e-01
   1.6881686e-01   1.0422798e-02   1.0717109e-01   8.8240611e-01
   1.6881686e-01   1.0512610e-02   1.0714760e-01   8.8233979e-01
   1.6881686e-01   1.0485460e-02   1.0715814e-01   8.8235640e-01
   1.6881686e-01   1.0483728e-02   1.0715069e-01   8.8236558e-01
   1.6881686e-01   1.0398838e-02   1.0730856e-01   8.8229261e-01
   1.6881687e-01   1.0463246e-02   1.0717333e-01   8.8236343e-01
   1.6881687e-01   1.0425282e-02   1.0721017e-01   8.8236455e-01
   1.6881687e-01   1.0469186e-02   1.0724768e-01   8.8228313e-01
   1.6881687e-01   1.0462665e-02   1.0719427e-01   8.8234307e-01
   1.6881687e-01   1.0485643e-02   1.0714505e-01   8.8236931e-01
   1.6881687e-01   1.0456217e-02   1.0714444e-01   8.8239935e-01
   1.6881687e-01   1.0502765e-02   1.0720019e-01   8.8229704e-01
   1.6881688e-01   1.0462274e-02   1.0717889e-01   8.8235883e-01
   1.6881688e-01   1.0476782e-02   1.0718541e-01   8.8233781e-01
   1.6881688e-01   1.0466378e-02   1.0716704e-01   8.8236658e-01
   1.6881689e-01   1.0440251e-02   1.0715972e-01   8.8240003e-01
   1.6881689e-01   1.0499151e-02   1.0710217e-01   8.8239868e-01
   1.6881689e-01   1.0460149e-02   1.0710246e-01   8.8243739e-01
   1.6881689e-01   1.0406692e-02   1.0728996e-01   8.8230334e-01
   1.6881689e-01   1.0451662e-02   1.0724002e-01   8.8230831e-01
   1.6881689e-01   1.0490417e-02   1.0718786e-01   8.8232172e-01
   1.6881689e-01   1.0469823e-02   1.0717368e-01   8.8235650e-01
   1.6881689e-01   1.0487311e-02   1.0714578e-01   8.8236691e-01
   1.6881690e-01   1.0441779e-02   1.0723319e-01   8.8232503e-01
   1.6881691e-01   1.0472464e-02   1.0721699e-01   8.8231055e-01
   1.6881691e-01   1.0443019e-02   1.0720227e-01   8.8235471e-01
   1.6881691e-01   1.0547861e-02   1.0706557e-01   8.8238657e-01
   1.6881691e-01   1.0454711e-02   1.0714647e-01   8.8239882e-01
   1.6881691e-01   1.0490347e-02   1.0714666e-01   8.8236299e-01
   1.6881692e-01   1.0437160e-02   1.0716359e-01   8.8239925e-01
   1.6881692e-01   1.0511528e-02   1.0716090e-01   8.8232757e-01
   1.6881693e-01   1.0489064e-02   1.0714671e-01   8.8236422e-01
   1.6881693e-01   1.0488755e-02   1.0710668e-01   8.8240457e-01
   1.6881693e-01   1.0437370e-02   1.0726567e-01   8.8229696e-01
   1.6881694e-01   1.0481220e-02   1.0712749e-01   8.8239128e-01
   1.6881694e-01   1.0422556e-02   1.0728545e-01   8.8229200e-01
   1.6881694e-01   1.0448682e-02   1.0720826e-01   8.8234306e-01
   1.6881694e-01   1.0473728e-02   1.0726328e-01   8.8226299e-01
   1.6881694e-01   1.0406189e-02   1.0722208e-01   8.8237173e-01
   1.6881694e-01   1.0479648e-02   1.0728561e-01   8.8223474e-01
   1.6881694e-01   1.0439340e-02   1.0712590e-01   8.8243476e-01
   1.6881694e-01   1.0471844e-02   1.0717760e-01   8.8235055e-01
   1.6881695e-01   1.0484781e-02   1.0712587e-01   8.8238935e-01
   1.6881695e-01   1.0459114e-02   1.0712142e-01   8.8241947e-01
   1.6881695e-01   1.0470101e-02   1.0709714e-01   8.8243276e-01
   1.6881695e-01   1.0487970e-02   1.0724853e-01   8.8226350e-01
   1.6881696e-01   1.0424759e-02   1.0722300e-01   8.8235224e-01
   1.6881696e-01   1.0536599e-02   1.0713121e-01   8.8233219e-01
   1.6881696e-01   1.0479799e-02   1.0718454e-01   8.8233566e-01
   1.6881697e-01   1.0440451e-02   1.0719864e-01   8.8236091e-01
   1.6881697e-01   1.0481357e-02   1.0713023e-01   8.8238842e-01
   1.6881697e-01   1.0474263e-02   1.0709405e-01   8.8243168e-01
   1.6881698e-01   1.0491712e-02   1.0718714e-01   8.8232115e-01
   1.6881698e-01   1.0440744e-02   1.0718294e-01   8.8237632e-01
   1.6881698e-01   1.0511862e-02   1.0703834e-01   8.8244980e-01
   1.6881699e-01   1.0440528e-02   1.0719681e-01   8.8236266e-01
   1.6881699e-01   1.0439843e-02   1.0714116e-01   8.8241900e-01
   1.6881699e-01   1.0426073e-02   1.0724950e-01   8.8232443e-01
   1.6881699e-01   1.0505128e-02   1.0719260e-01   8.8230227e-01
   1.6881700e-01   1.0462477e-02   1.0717269e-01   8.8236483e-01
   1.6881700e-01   1.0498378e-02   1.0714539e-01   8.8235624e-01
   1.6881700e-01   1.0440276e-02   1.0716022e-01   8.8239950e-01
   1.6881700e-01   1.0443570e-02   1.0719894e-01   8.8235749e-01
   1.6881701e-01   1.0474639e-02   1.0719249e-01   8.8233287e-01
   1.6881701e-01   1.0494142e-02   1.0712859e-01   8.8237727e-01
   1.6881701e-01   1.0499728e-02   1.0700989e-01   8.8249038e-01
   1.6881701e-01   1.0454400e-02   1.0719065e-01   8.8235495e-01
   1.6881702e-01   1.0467722e-02   1.0723274e-01   8.8229954e-01
   1.6881703e-01   1.0480538e-02   1.0722525e-01   8.8229421e-01
   1.6881703e-01   1.0387546e-02   1.0725625e-01   8.8235620e-01
   1.6881704e-01   1.0460981e-02   1.0729411e-01   8.8224491e-01
   1.6881705e-01   1.0484282e-02   1.0713077e-01   8.8238495e-01
   1.6881705e-01   1.0504620e-02   1.0715237e-01   8.8234301e-01
   1.6881705e-01   1.0409320e-02   1.0726843e-01   8.8232225e-01
   1.6881705e-01   1.0421855e-02   1.0712694e-01   8.8245120e-01
   1.6881706e-01   1.0465422e-02   1.0710416e-01   8.8243042e-01
   1.6881706e-01   1.0486661e-02   1.0704286e-01   8.8247048e-01
   1.6881706e-01   1.0433552e-02   1.0718284e-01   8.8238361e-01
   1.6881706e-01   1.0490528e-02   1.0706648e-01   8.8244299e-01
   1.6881707e-01   1.0439885e-02   1.0729543e-01   8.8226469e-01
   1.6881707e-01   1.0488173e-02   1.0705421e-01   8.8245762e-01
   1.6881707e-01   1.0495295e-02   1.0713758e-01   8.8236713e-01
   1.6881708e-01   1.0373223e-02   1.0717849e-01   8.8244829e-01
   1.6881708e-01   1.0480333e-02   1.0711755e-01   8.8240212e-01
   1.6881709e-01   1.0485573e-02   1.0721839e-01   8.8229603e-01
   1.6881710e-01   1.0532015e-02   1.0708732e-01   8.8238066e-01
   1.6881712e-01   1.0452269e-02   1.0725623e-01   8.8229150e-01
   1.6881712e-01   1.0490155e-02   1.0702759e-01   8.8248225e-01
   1.6881712e-01   1.0460262e-02   1.0734063e-01   8.8219911e-01
   1.6881712e-01   1.0553049e-02   1.0720525e-01   8.8224170e-01
   1.6881712e-01   1.0449158e-02   1.0725220e-01   8.8229864e-01
   1.6881714e-01   1.0523599e-02   1.0708580e-01   8.8239060e-01
   1.6881714e-01   1.0488673e-02   1.0720460e-01   8.8230673e-01
   1.6881714e-01   1.0451879e-02   1.0718614e-01   8.8236199e-01
   1.6881716e-01   1.0571343e-02   1.0714904e-01   8.8227962e-01
   1.6881716e-01   1.0524128e-02   1.0713855e-01   8.8233732e-01
   1.6881717e-01   1.0462364e-02   1.0708313e-01   8.8245450e-01
   1.6881717e-01   1.0423192e-02   1.0726627e-01   8.8231053e-01
   1.6881717e-01   1.0486784e-02   1.0714483e-01   8.8236839e-01
   1.6881717e-01   1.0478092e-02   1.0703655e-01   8.8248535e-01
   1.6881718e-01   1.0485023e-02   1.0704776e-01   8.8246722e-01
   1.6881718e-01   1.0486512e-02   1.0719046e-01   8.8232303e-01
   1.6881718e-01   1.0503736e-02   1.0708209e-01   8.8241417e-01
   1.6881720e-01   1.0518292e-02   1.0707558e-01   8.8240613e-01
   1.6881721e-01   1.0462504e-02   1.0703990e-01   8.8249759e-01
   1.6881721e-01   1.0401634e-02   1.0720904e-01   8.8238932e-01
   1.6881722e-01   1.0406417e-02   1.0727040e-01   8.8232318e-01
   1.6881722e-01   1.0437858e-02   1.0724157e-01   8.8232057e-01
   1.6881722e-01   1.0419463e-02   1.0712841e-01   8.8245213e-01
   1.6881723e-01   1.0479273e-02   1.0706123e-01   8.8245950e-01
   1.6881723e-01   1.0422861e-02   1.0730406e-01   8.8227307e-01
   1.6881723e-01   1.0457517e-02   1.0711816e-01   8.8242432e-01
   1.6881726e-01   1.0427582e-02   1.0737318e-01   8.8219924e-01
   1.6881726e-01   1.0498296e-02   1.0709008e-01   8.8241162e-01
   1.6881726e-01   1.0491122e-02   1.0705988e-01   8.8244900e-01
   1.6881727e-01   1.0551589e-02   1.0689981e-01   8.8254860e-01
   1.6881727e-01   1.0517208e-02   1.0705253e-01   8.8243026e-01
   1.6881727e-01   1.0514575e-02   1.0730267e-01   8.8218276e-01
   1.6881727e-01   1.0578632e-02   1.0700303e-01   8.8241834e-01
   1.6881727e-01   1.0570138e-02   1.0717058e-01   8.8225928e-01
   1.6881727e-01   1.0433390e-02   1.0723243e-01   8.8233418e-01
   1.6881728e-01   1.0533708e-02   1.0719497e-01   8.8227132e-01
   1.6881730e-01   1.0432150e-02   1.0729015e-01   8.8227770e-01
   1.6881730e-01   1.0421669e-02   1.0728796e-01   8.8229038e-01
   1.6881730e-01   1.0501529e-02   1.0701105e-01   8.8248742e-01
   1.6881731e-01   1.0475841e-02   1.0733249e-01   8.8219166e-01
   1.6881733e-01   1.0568056e-02   1.0713423e-01   8.8229771e-01
   1.6881734e-01   1.0461950e-02   1.0720433e-01   8.8233372e-01
   1.6881734e-01   1.0468624e-02   1.0709375e-01   8.8243763e-01
   1.6881735e-01   1.0402775e-02   1.0721988e-01   8.8237735e-01
   1.6881735e-01   1.0518813e-02   1.0712833e-01   8.8235285e-01
   1.6881735e-01   1.0499771e-02   1.0711022e-01   8.8239001e-01
   1.6881735e-01   1.0557102e-02   1.0689664e-01   8.8254625e-01
   1.6881735e-01   1.0516869e-02   1.0706447e-01   8.8241866e-01
   1.6881735e-01   1.0487844e-02   1.0710034e-01   8.8241182e-01
   1.6881736e-01   1.0556305e-02   1.0710294e-01   8.8234075e-01
   1.6881736e-01   1.0575519e-02   1.0702262e-01   8.8240186e-01
   1.6881739e-01   1.0484434e-02   1.0734421e-01   8.8217136e-01
   1.6881739e-01   1.0444977e-02   1.0718240e-01   8.8237262e-01
   1.6881740e-01   1.0498271e-02   1.0697344e-01   8.8252828e-01
   1.6881740e-01   1.0468887e-02   1.0704773e-01   8.8248338e-01
   1.6881741e-01   1.0399323e-02   1.0727606e-01   8.8232461e-01
   1.6881741e-01   1.0526865e-02   1.0692461e-01   8.8254852e-01
   1.6881742e-01   1.0526377e-02   1.0699899e-01   8.8247463e-01
   1.6881742e-01   1.0479573e-02   1.0720288e-01   8.8231755e-01
   1.6881743e-01   1.0507054e-02   1.0720343e-01   8.8228952e-01
   1.6881743e-01   1.0515335e-02   1.0718915e-01   8.8229551e-01
   1.6881744e-01   1.0444953e-02   1.0712243e-01   8.8243261e-01
   1.6881744e-01   1.0385764e-02   1.0723461e-01   8.8237962e-01
   1.6881746e-01   1.0485301e-02   1.0708367e-01   8.8243103e-01
   1.6881748e-01   1.0438326e-02   1.0701694e-01   8.8254474e-01
   1.6881749e-01   1.0465406e-02   1.0704336e-01   8.8249124e-01
   1.6881750e-01   1.0392864e-02   1.0712177e-01   8.8248537e-01
   1.6881750e-01   1.0349153e-02   1.0736642e-01   8.8228443e-01
   1.6881751e-01   1.0496475e-02   1.0696038e-01   8.8254314e-01
   1.6881751e-01   1.0368170e-02   1.0724671e-01   8.8238512e-01
   1.6881751e-01   1.0533501e-02   1.0701084e-01   8.8245566e-01
   1.6881753e-01   1.0498695e-02   1.0724241e-01   8.8225890e-01
   1.6881753e-01   1.0518738e-02   1.0716140e-01   8.8231986e-01
   1.6881754e-01   1.0497755e-02   1.0709678e-01   8.8240547e-01
   1.6881754e-01   1.0434005e-02   1.0726551e-01   8.8230048e-01
   1.6881755e-01   1.0576454e-02   1.0695096e-01   8.8247258e-01
   1.6881756e-01   1.0515195e-02   1.0723494e-01   8.8224987e-01
   1.6881757e-01   1.0457825e-02   1.0707031e-01   8.8247186e-01
   1.6881757e-01   1.0340327e-02   1.0727329e-01   8.8238639e-01
   1.6881757e-01   1.0454220e-02   1.0710361e-01   8.8244217e-01
   1.6881758e-01   1.0545617e-02   1.0685957e-01   8.8259481e-01
   1.6881758e-01   1.0469677e-02   1.0736701e-01   8.8216331e-01
   1.6881758e-01   1.0535628e-02   1.0701661e-01   8.8244777e-01
   1.6881760e-01   1.0471134e-02   1.0702924e-01   8.8249962e-01
   1.6881760e-01   1.0375191e-02   1.0718094e-01   8.8244387e-01
   1.6881760e-01   1.0565599e-02   1.0713657e-01   8.8229783e-01
   1.6881762e-01   1.0424757e-02   1.0706655e-01   8.8250869e-01
   1.6881762e-01   1.0600099e-02   1.0700479e-01   8.8239511e-01
   1.6881763e-01   1.0319869e-02   1.0737923e-01   8.8230090e-01
   1.6881764e-01   1.0381459e-02   1.0749256e-01   8.8212598e-01
   1.6881764e-01   1.0538333e-02   1.0696562e-01   8.8249605e-01
   1.6881764e-01   1.0426191e-02   1.0717319e-01   8.8240062e-01
   1.6881765e-01   1.0386231e-02   1.0731149e-01   8.8230227e-01
   1.6881766e-01   1.0508690e-02   1.0714286e-01   8.8234845e-01
   1.6881766e-01   1.0545579e-02   1.0702161e-01   8.8243281e-01
   1.6881766e-01   1.0490104e-02   1.0726946e-01   8.8224043e-01
   1.6881768e-01   1.0414150e-02   1.0727553e-01   8.8231032e-01
   1.6881769e-01   1.0393661e-02   1.0714124e-01   8.8246510e-01
   1.6881770e-01   1.0461865e-02   1.0702365e-01   8.8251448e-01
   1.6881772e-01   1.0465552e-02   1.0705843e-01   8.8247602e-01
   1.6881773e-01   1.0462670e-02   1.0726753e-01   8.8226980e-01
   1.6881773e-01   1.0433960e-02   1.0692857e-01   8.8263747e-01
   1.6881776e-01   1.0448890e-02   1.0736704e-01   8.8218407e-01
   1.6881777e-01   1.0392649e-02   1.0745495e-01   8.8215240e-01
   1.6881777e-01   1.0468321e-02   1.0717784e-01   8.8235384e-01
   1.6881778e-01   1.0453859e-02   1.0708999e-01   8.8245615e-01
   1.6881782e-01   1.0420846e-02   1.0726371e-01   8.8231544e-01
   1.6881783e-01   1.0335042e-02   1.0713235e-01   8.8253260e-01
   1.6881786e-01   1.0508599e-02   1.0698870e-01   8.8250270e-01
   1.6881786e-01   1.0468144e-02   1.0701997e-01   8.8251189e-01
   1.6881787e-01   1.0473893e-02   1.0704325e-01   8.8248286e-01
   1.6881788e-01   1.0527620e-02   1.0697939e-01   8.8249298e-01
   1.6881788e-01   1.0479353e-02   1.0703852e-01   8.8248213e-01
   1.6881791e-01   1.0576794e-02   1.0679276e-01   8.8263044e-01
   1.6881791e-01   1.0518098e-02   1.0696359e-01   8.8251831e-01
   1.6881791e-01   1.0541503e-02   1.0684172e-01   8.8261678e-01
   1.6881792e-01   1.0456660e-02   1.0699336e-01   8.8254998e-01
   1.6881792e-01   1.0472555e-02   1.0719762e-01   8.8232983e-01
   1.6881792e-01   1.0549465e-02   1.0697855e-01   8.8247199e-01
   1.6881793e-01   1.0558743e-02   1.0690884e-01   8.8253242e-01
   1.6881794e-01   1.0460332e-02   1.0702180e-01   8.8251787e-01
   1.6881795e-01   1.0483110e-02   1.0710761e-01   8.8240928e-01
   1.6881795e-01   1.0473274e-02   1.0692329e-01   8.8260343e-01
   1.6881799e-01   1.0478863e-02   1.0701588e-01   8.8250526e-01
   1.6881799e-01   1.0428845e-02   1.0727072e-01   8.8230044e-01
   1.6881803e-01   1.0425429e-02   1.0703460e-01   8.8253997e-01
   1.6881805e-01   1.0691910e-02   1.0683167e-01   8.8247642e-01
   1.6881811e-01   1.0314378e-02   1.0738898e-01   8.8229664e-01
   1.6881811e-01   1.0413597e-02   1.0714741e-01   8.8243900e-01
   1.6881814e-01   1.0446080e-02   1.0709912e-01   8.8245480e-01
   1.6881815e-01   1.0415992e-02   1.0710197e-01   8.8248204e-01
   1.6881816e-01   1.0519485e-02   1.0720528e-01   8.8227524e-01
   1.6881816e-01   1.0511790e-02   1.0706442e-01   8.8242379e-01
   1.6881817e-01   1.0541698e-02   1.0706455e-01   8.8239375e-01
   1.6881817e-01   1.0551543e-02   1.0695333e-01   8.8249513e-01
   1.6881825e-01   1.0547486e-02   1.0703760e-01   8.8241491e-01
   1.6881827e-01   1.0432753e-02   1.0697223e-01   8.8259502e-01
   1.6881829e-01   1.0357164e-02   1.0710996e-01   8.8253287e-01
   1.6881830e-01   1.0610391e-02   1.0693961e-01   8.8245000e-01
   1.6881832e-01   1.0464438e-02   1.0707930e-01   8.8245626e-01
   1.6881833e-01   1.0589670e-02   1.0713175e-01   8.8227858e-01
   1.6881833e-01   1.0617863e-02   1.0661676e-01   8.8276538e-01
   1.6881840e-01   1.0378269e-02   1.0691989e-01   8.8270184e-01
   1.6881845e-01   1.0457091e-02   1.0711388e-01   8.8242903e-01
   1.6881845e-01   1.0505948e-02   1.0691642e-01   8.8257763e-01
   1.6881849e-01   1.0575142e-02   1.0687127e-01   8.8255358e-01
   1.6881849e-01   1.0375888e-02   1.0715465e-01   8.8246947e-01
   1.6881851e-01   1.0638116e-02   1.0682023e-01   8.8254165e-01
   1.6881851e-01   1.0346880e-02   1.0724098e-01   8.8241214e-01
   1.6881853e-01   1.0459608e-02   1.0703483e-01   8.8250556e-01
   1.6881854e-01   1.0575508e-02   1.0697282e-01   8.8245168e-01
   1.6881857e-01   1.0254984e-02   1.0755228e-01   8.8219274e-01
   1.6881857e-01   1.0617243e-02   1.0730920e-01   8.8207355e-01
   1.6881858e-01   1.0370037e-02   1.0702671e-01   8.8260325e-01
   1.6881859e-01   1.0489683e-02   1.0703450e-01   8.8247582e-01
   1.6881860e-01   1.0431188e-02   1.0687575e-01   8.8269307e-01
   1.6881863e-01   1.0468731e-02   1.0699626e-01   8.8253501e-01
   1.6881863e-01   1.0399713e-02   1.0743383e-01   8.8216646e-01
   1.6881864e-01   1.0259951e-02   1.0734110e-01   8.8239895e-01
   1.6881865e-01   1.0479675e-02   1.0702550e-01   8.8249482e-01
   1.6881866e-01   1.0584198e-02   1.0685678e-01   8.8255902e-01
   1.6881870e-01   1.0539482e-02   1.0713608e-01   8.8232444e-01
   1.6881871e-01   1.0442794e-02   1.0691962e-01   8.8263759e-01
   1.6881872e-01   1.0501274e-02   1.0695952e-01   8.8253921e-01
   1.6881875e-01   1.0329945e-02   1.0733001e-01   8.8234005e-01
   1.6881881e-01   1.0481822e-02   1.0706579e-01   8.8245239e-01
   1.6881885e-01   1.0421984e-02   1.0700555e-01   8.8257247e-01
   1.6881885e-01   1.0329511e-02   1.0734629e-01   8.8232420e-01
   1.6881887e-01   1.0420269e-02   1.0695266e-01   8.8262707e-01
   1.6881895e-01   1.0437850e-02   1.0720282e-01   8.8235933e-01
   1.6881896e-01   1.0363530e-02   1.0709845e-01   8.8253801e-01
   1.6881899e-01   1.0229434e-02   1.0730940e-01   8.8246116e-01
   1.6881900e-01   1.0586088e-02   1.0720093e-01   8.8221298e-01
   1.6881911e-01   1.0446478e-02   1.0696860e-01   8.8258492e-01
   1.6881913e-01   1.0554671e-02   1.0682945e-01   8.8261588e-01
   1.6881919e-01   1.0327774e-02   1.0759191e-01   8.8208032e-01
   1.6881919e-01   1.0465922e-02   1.0688246e-01   8.8265161e-01
   1.6881920e-01   1.0351889e-02   1.0711781e-01   8.8253030e-01
   1.6881926e-01   1.0702761e-02   1.0651450e-01   8.8278274e-01
   1.6881927e-01   1.0328744e-02   1.0718780e-01   8.8248345e-01
   1.6881929e-01   1.0500050e-02   1.0726013e-01   8.8223982e-01
   1.6881932e-01   1.0522292e-02   1.0674597e-01   8.8273174e-01
   1.6881932e-01   1.0440281e-02   1.0724977e-01   8.8230995e-01
   1.6881943e-01   1.0362085e-02   1.0708464e-01   8.8255327e-01
   1.6881943e-01   1.0238467e-02   1.0740352e-01   8.8235802e-01
   1.6881949e-01   1.0468394e-02   1.0676862e-01   8.8276299e-01
   1.6881952e-01   1.0311271e-02   1.0724813e-01   8.8244060e-01
   1.6881965e-01   1.0213252e-02   1.0717989e-01   8.8260686e-01
   1.6881972e-01   1.0388796e-02   1.0684394e-01   8.8276727e-01
   1.6881972e-01   1.0711656e-02   1.0667323e-01   8.8261511e-01
   1.6881973e-01   1.0332369e-02   1.0703040e-01   8.8263723e-01
   1.6881974e-01   1.0599612e-02   1.0677304e-01   8.8262735e-01
   1.6881979e-01   1.0284414e-02   1.0719319e-01   8.8252240e-01
   1.6881984e-01   1.0769464e-02   1.0678612e-01   8.8244442e-01
   1.6881992e-01   1.0498778e-02   1.0666212e-01   8.8283911e-01
   1.6881995e-01   1.0345925e-02   1.0720465e-01   8.8244942e-01
   1.6881997e-01   1.0385870e-02   1.0689989e-01   8.8271424e-01
   1.6881998e-01   1.0478318e-02   1.0707828e-01   8.8244340e-01
   1.6882002e-01   1.0461867e-02   1.0698366e-01   8.8255447e-01
   1.6882006e-01   1.0477553e-02   1.0704035e-01   8.8248209e-01
   1.6882007e-01   1.0390279e-02   1.0712274e-01   8.8248698e-01
   1.6882008e-01   1.0563520e-02   1.0664647e-01   8.8279001e-01
   1.6882012e-01   1.0211916e-02   1.0719272e-01   8.8259537e-01
   1.6882012e-01   1.0645676e-02   1.0671357e-01   8.8264075e-01
   1.6882014e-01   1.0205933e-02   1.0701318e-01   8.8278089e-01
   1.6882018e-01   1.0629176e-02   1.0715720e-01   8.8221362e-01
   1.6882023e-01   1.0453303e-02   1.0675821e-01   8.8278849e-01
   1.6882024e-01   1.0347500e-02   1.0705369e-01   8.8259881e-01
   1.6882026e-01   1.0466638e-02   1.0697197e-01   8.8256140e-01
   1.6882029e-01   1.0489751e-02   1.0702891e-01   8.8248134e-01
   1.6882033e-01   1.0368835e-02   1.0710770e-01   8.8252347e-01
   1.6882038e-01   1.0154481e-02   1.0733454e-01   8.8251098e-01
   1.6882042e-01   1.0532618e-02   1.0687612e-01   8.8259126e-01
   1.6882043e-01   1.0359721e-02   1.0711620e-01   8.8252408e-01
   1.6882043e-01   1.0565528e-02   1.0711637e-01   8.8231811e-01
   1.6882045e-01   1.0663345e-02   1.0660126e-01   8.8273540e-01
   1.6882048e-01   1.0164855e-02   1.0746642e-01   8.8236873e-01
   1.6882051e-01   1.0477214e-02   1.0699977e-01   8.8252302e-01
   1.6882052e-01   1.0397492e-02   1.0675014e-01   8.8285237e-01
   1.6882059e-01   1.0397011e-02   1.0719429e-01   8.8240870e-01
   1.6882061e-01   1.0279547e-02   1.0707897e-01   8.8264149e-01
   1.6882062e-01   1.0242979e-02   1.0692346e-01   8.8283356e-01
   1.6882064e-01   1.0324328e-02   1.0746048e-01   8.8221519e-01
   1.6882065e-01   1.0558283e-02   1.0697202e-01   8.8246970e-01
   1.6882065e-01   1.0784415e-02   1.0637385e-01   8.8284174e-01
   1.6882066e-01   1.0720728e-02   1.0670140e-01   8.8257787e-01
   1.6882069e-01   1.0364823e-02   1.0706929e-01   8.8256589e-01
   1.6882072e-01   1.0568625e-02   1.0691420e-01   8.8251718e-01
   1.6882074e-01   1.0842252e-02   1.0653027e-01   8.8262748e-01
   1.6882076e-01   1.0442806e-02   1.0697978e-01   8.8257742e-01
   1.6882084e-01   1.0171722e-02   1.0750416e-01   8.8232411e-01
   1.6882085e-01   1.0278376e-02   1.0711619e-01   8.8260544e-01
   1.6882090e-01   1.0738737e-02   1.0662431e-01   8.8263695e-01
   1.6882090e-01   1.0255517e-02   1.0729432e-01   8.8245017e-01
   1.6882093e-01   1.0450561e-02   1.0701949e-01   8.8252995e-01
   1.6882094e-01   1.0611672e-02   1.0664890e-01   8.8273943e-01
   1.6882120e-01   1.0644676e-02   1.0702129e-01   8.8233404e-01
   1.6882129e-01   1.0622473e-02   1.0693851e-01   8.8243901e-01
   1.6882129e-01   1.0224002e-02   1.0731331e-01   8.8246269e-01
   1.6882133e-01   1.0368475e-02   1.0720284e-01   8.8242868e-01
   1.6882153e-01   1.0411322e-02   1.0740531e-01   8.8218337e-01
   1.6882154e-01   1.0359348e-02   1.0736124e-01   8.8227941e-01
   1.6882156e-01   1.0606309e-02   1.0655531e-01   8.8283838e-01
   1.6882160e-01   1.0588634e-02   1.0658848e-01   8.8282289e-01
   1.6882165e-01   1.0545021e-02   1.0667953e-01   8.8277545e-01
   1.6882165e-01   1.0512869e-02   1.0707787e-01   8.8240926e-01
   1.6882167e-01   1.0321051e-02   1.0719523e-01   8.8248372e-01
   1.6882167e-01   1.0442008e-02   1.0675616e-01   8.8280183e-01
   1.6882168e-01   1.0891960e-02   1.0664261e-01   8.8246543e-01
   1.6882169e-01   1.0050242e-02   1.0735944e-01   8.8259032e-01
   1.6882174e-01   1.0523819e-02   1.0710019e-01   8.8237599e-01
   1.6882180e-01   1.0685603e-02   1.0671751e-01   8.8259688e-01
   1.6882183e-01   1.0490407e-02   1.0693676e-01   8.8257283e-01
   1.6882185e-01   1.0536949e-02   1.0656922e-01   8.8289383e-01
   1.6882187e-01   1.0240929e-02   1.0749249e-01   8.8226658e-01
   1.6882187e-01   1.0329111e-02   1.0710153e-01   8.8256936e-01
   1.6882192e-01   1.0349151e-02   1.0687824e-01   8.8277261e-01
   1.6882203e-01   1.0086989e-02   1.0752589e-01   8.8238712e-01
   1.6882205e-01   1.0395073e-02   1.0707867e-01   8.8252625e-01
   1.6882209e-01   1.0448211e-02   1.0694659e-01   8.8260519e-01
   1.6882210e-01   1.0300865e-02   1.0714921e-01   8.8254993e-01
   1.6882224e-01   1.0264089e-02   1.0743999e-01   8.8229592e-01
   1.6882227e-01   1.0361348e-02   1.0715879e-01   8.8247986e-01
   1.6882236e-01   1.0284500e-02   1.0718148e-01   8.8253402e-01
   1.6882243e-01   1.0703974e-02   1.0631732e-01   8.8297871e-01
   1.6882253e-01   1.0201137e-02   1.0721258e-01   8.8258628e-01
   1.6882257e-01   1.0356611e-02   1.0724091e-01   8.8240248e-01
   1.6882260e-01   1.0699908e-02   1.0664540e-01   8.8265469e-01
   1.6882263e-01   1.0407522e-02   1.0708452e-01   8.8250795e-01
   1.6882266e-01   1.0357394e-02   1.0719039e-01   8.8245221e-01
   1.6882270e-01   1.0254310e-02   1.0688392e-01   8.8286177e-01
   1.6882272e-01   1.0766785e-02   1.0617842e-01   8.8305479e-01
   1.6882273e-01   1.0531450e-02   1.0689190e-01   8.8257665e-01
   1.6882311e-01   1.0120671e-02   1.0738920e-01   8.8249013e-01
   1.6882314e-01   1.0426423e-02   1.0708044e-01   8.8249314e-01
   1.6882323e-01   1.0485818e-02   1.0698237e-01   8.8253182e-01
   1.6882324e-01   9.9811511e-03   1.0774032e-01   8.8227853e-01
   1.6882333e-01   1.0414748e-02   1.0703654e-01   8.8254871e-01
   1.6882334e-01   1.0509802e-02   1.0682833e-01   8.8266187e-01
   1.6882336e-01   1.0373917e-02   1.0709411e-01   8.8253197e-01
   1.6882337e-01   1.0638795e-02   1.0687131e-01   8.8248989e-01
   1.6882341e-01   1.0485508e-02   1.0693456e-01   8.8257993e-01
   1.6882345e-01   1.0352239e-02   1.0726699e-01   8.8238077e-01
   1.6882348e-01   1.0538605e-02   1.0694402e-01   8.8251738e-01
   1.6882358e-01   1.0638020e-02   1.0665078e-01   8.8271120e-01
   1.6882373e-01   1.0183278e-02   1.0739610e-01   8.8242062e-01
   1.6882373e-01   1.0739172e-02   1.0690178e-01   8.8235905e-01
   1.6882376e-01   1.0511929e-02   1.0684661e-01   8.8264146e-01
   1.6882377e-01   1.0773468e-02   1.0617167e-01   8.8305486e-01
   1.6882386e-01   1.0473549e-02   1.0692082e-01   8.8260563e-01
   1.6882396e-01   1.0190329e-02   1.0775447e-01   8.8205520e-01
   1.6882397e-01   1.0556828e-02   1.0697010e-01   8.8247307e-01
   1.6882402e-01   1.0752269e-02   1.0611974e-01   8.8312799e-01
   1.6882404e-01   1.0395214e-02   1.0710034e-01   8.8250444e-01
   1.6882425e-01   1.0480707e-02   1.0682866e-01   8.8269063e-01
   1.6882426e-01   1.0413170e-02   1.0716612e-01   8.8242071e-01
   1.6882443e-01   1.0505104e-02   1.0694458e-01   8.8255031e-01
   1.6882445e-01   1.0107100e-02   1.0748909e-01   8.8240381e-01
   1.6882453e-01   1.0475421e-02   1.0694365e-01   8.8258093e-01
   1.6882456e-01   1.0394881e-02   1.0717153e-01   8.8243358e-01
   1.6882461e-01   1.0359891e-02   1.0692327e-01   8.8271684e-01
   1.6882463e-01   1.0391792e-02   1.0670883e-01   8.8289938e-01
   1.6882478e-01   1.0595822e-02   1.0724533e-01   8.8215885e-01
   1.6882482e-01   1.0517237e-02   1.0665551e-01   8.8282725e-01
   1.6882492e-01   1.0733988e-02   1.0659409e-01   8.8267192e-01
   1.6882493e-01   1.0814370e-02   1.0671665e-01   8.8246898e-01
   1.6882496e-01   1.0372190e-02   1.0702529e-01   8.8260252e-01
   1.6882539e-01   1.0141200e-02   1.0763054e-01   8.8222826e-01
   1.6882559e-01   1.0378155e-02   1.0723027e-01   8.8239158e-01
   1.6882562e-01   1.0430510e-02   1.0714747e-01   8.8242202e-01
   1.6882567e-01   1.0502140e-02   1.0687128e-01   8.8262658e-01
   1.6882580e-01   1.0161937e-02   1.0787249e-01   8.8196557e-01
   1.6882594e-01   1.0577826e-02   1.0661584e-01   8.8280634e-01
   1.6882598e-01   1.0602160e-02   1.0673659e-01   8.8266125e-01
   1.6882600e-01   1.0331891e-02   1.0656401e-01   8.8310410e-01
   1.6882604e-01   1.0396869e-02   1.0717894e-01   8.8242420e-01
   1.6882637e-01   1.0750103e-02   1.0651302e-01   8.8273687e-01
   1.6882639e-01   1.0430337e-02   1.0699105e-01   8.8257862e-01
   1.6882650e-01   1.0490231e-02   1.0683410e-01   8.8267567e-01
   1.6882662e-01   1.0187146e-02   1.0746653e-01   8.8234632e-01
   1.6882683e-01   1.0115997e-02   1.0748773e-01   8.8239627e-01
   1.6882683e-01   1.0537952e-02   1.0680448e-01   8.8265757e-01
   1.6882703e-01   1.0847031e-02   1.0681024e-01   8.8234273e-01
   1.6882710e-01   1.1049445e-02   1.0667554e-01   8.8227501e-01
   1.6882710e-01   1.0355746e-02   1.0714120e-01   8.8250305e-01
   1.6882736e-01   1.0456307e-02   1.0697302e-01   8.8257067e-01
   1.6882738e-01   1.0451875e-02   1.0681406e-01   8.8273407e-01
   1.6882749e-01   1.0532597e-02   1.0700587e-01   8.8246154e-01
   1.6882758e-01   9.9886993e-03   1.0776475e-01   8.8224655e-01
   1.6882780e-01   1.0800287e-02   1.0663360e-01   8.8256612e-01
   1.6882796e-01   1.0339915e-02   1.0683864e-01   8.8282145e-01
   1.6882798e-01   1.0354890e-02   1.0699057e-01   8.8265454e-01
   1.6882811e-01   1.0403623e-02   1.0714545e-01   8.8245093e-01
   1.6882849e-01   9.8713202e-03   1.0803649e-01   8.8209219e-01
   1.6882853e-01   1.0468366e-02   1.0661164e-01   8.8292000e-01
   1.6882855e-01   1.0260341e-02   1.0712288e-01   8.8261678e-01
   1.6882859e-01   9.8568585e-03   1.0757310e-01   8.8257004e-01
   1.6882865e-01   1.0575837e-02   1.0697006e-01   8.8245410e-01
   1.6882881e-01   1.0028237e-02   1.0785095e-01   8.8212081e-01
   1.6882894e-01   1.0531824e-02   1.0693566e-01   8.8253252e-01
   1.6882900e-01   1.0413637e-02   1.0718490e-01   8.8240147e-01
   1.6882919e-01   9.8244548e-03   1.0761282e-01   8.8256273e-01
   1.6882931e-01   1.0481308e-02   1.0717212e-01   8.8234657e-01
   1.6882931e-01   9.9791251e-03   1.0767227e-01   8.8234861e-01
   1.6882947e-01   1.0441226e-02   1.0715104e-01   8.8240774e-01
   1.6882961e-01   1.0496376e-02   1.0701779e-01   8.8248583e-01
   1.6882973e-01   1.0532665e-02   1.0685773e-01   8.8260960e-01
   1.6882989e-01   1.0413319e-02   1.0668036e-01   8.8290632e-01
   1.6883017e-01   1.0422155e-02   1.0714033e-01   8.8243752e-01
   1.6883041e-01   1.0013973e-02   1.0705522e-01   8.8293080e-01
   1.6883046e-01   1.0320942e-02   1.0729738e-01   8.8238168e-01
   1.6883066e-01   1.0424222e-02   1.0674336e-01   8.8283242e-01
   1.6883074e-01   1.0772106e-02   1.0698796e-01   8.8223994e-01
   1.6883080e-01   1.0902599e-02   1.0685315e-01   8.8224425e-01
   1.6883116e-01   1.0435093e-02   1.0779517e-01   8.8176974e-01
   1.6883131e-01   1.0372822e-02   1.0700109e-01   8.8262609e-01
   1.6883131e-01   9.9673643e-03   1.0758692e-01   8.8244572e-01
   1.6883136e-01   9.9818336e-03   1.0837848e-01   8.8163968e-01
   1.6883140e-01   1.0400136e-02   1.0782524e-01   8.8177462e-01
   1.6883171e-01   1.0274673e-02   1.0737952e-01   8.8234581e-01
   1.6883208e-01   1.0284779e-02   1.0720784e-01   8.8250738e-01
   1.6883276e-01   1.0657757e-02   1.0679235e-01   8.8254989e-01
   1.6883350e-01   1.0300473e-02   1.0667392e-01   8.8302561e-01
   1.6883358e-01   1.0541247e-02   1.0691150e-01   8.8254725e-01
   1.6883383e-01   1.0512106e-02   1.0660643e-01   8.8288146e-01
   1.6883420e-01   1.1104931e-02   1.0651649e-01   8.8237858e-01
   1.6883464e-01   9.9087866e-03   1.0729334e-01   8.8279788e-01
   1.6883476e-01   1.1076351e-02   1.0634310e-01   8.8258055e-01
   1.6883490e-01   1.0602567e-02   1.0671379e-01   8.8268365e-01
   1.6883576e-01   1.0684716e-02   1.0711054e-01   8.8220474e-01
   1.6883691e-01   1.0262618e-02   1.0724988e-01   8.8248750e-01
   1.6883700e-01   1.0732227e-02   1.0627163e-01   8.8299615e-01
   1.6883730e-01   9.9245504e-03   1.0712033e-01   8.8295512e-01
   1.6883733e-01   1.0650695e-02   1.0629973e-01   8.8304958e-01
   1.6883776e-01   1.0411332e-02   1.0645081e-01   8.8313785e-01
   1.6883786e-01   9.8515748e-03   1.0763975e-01   8.8250867e-01
   1.6883786e-01   9.8300103e-03   1.0751070e-01   8.8265929e-01
   1.6883788e-01   1.0450846e-02   1.0763471e-01   8.8191445e-01
   1.6883795e-01   1.0209833e-02   1.0665074e-01   8.8313943e-01
   1.6883836e-01   1.0660069e-02   1.0705956e-01   8.8228037e-01
   1.6883869e-01   1.0815811e-02   1.0588921e-01   8.8329498e-01
   1.6883870e-01   9.9259143e-03   1.0775765e-01   8.8231643e-01
   1.6883878e-01   1.0502254e-02   1.0724428e-01   8.8225347e-01
   1.6883886e-01   1.0845008e-02   1.0652985e-01   8.8262514e-01
   1.6883896e-01   1.0195619e-02   1.0690102e-01   8.8290336e-01
   1.6883906e-01   1.0706417e-02   1.0689226e-01   8.8240132e-01
   1.6883934e-01   9.7501808e-03   1.0842692e-01   8.8182290e-01
   1.6883968e-01   1.0150465e-02   1.0765522e-01   8.8219431e-01
   1.6884013e-01   1.0431508e-02   1.0759890e-01   8.8196959e-01
   1.6884016e-01   1.0637416e-02   1.0679982e-01   8.8256277e-01
   1.6884019e-01   9.6896868e-03   1.0774973e-01   8.8256058e-01
   1.6884032e-01   1.0924209e-02   1.0697110e-01   8.8210469e-01
   1.6884073e-01   1.1026768e-02   1.0678585e-01   8.8218738e-01
   1.6884076e-01   1.1182341e-02   1.0625154e-01   8.8256612e-01
   1.6884136e-01   9.9393558e-03   1.0732298e-01   8.8273766e-01
   1.6884152e-01   1.1035838e-02   1.0639734e-01   8.8256682e-01
   1.6884164e-01   9.7999195e-03   1.0779185e-01   8.8240823e-01
   1.6884167e-01   1.0346959e-02   1.0703930e-01   8.8261374e-01
   1.6884228e-01   1.0602430e-02   1.0692037e-01   8.8247720e-01
   1.6884255e-01   1.0341098e-02   1.0689585e-01   8.8276305e-01
   1.6884275e-01   9.8801920e-03   1.0747849e-01   8.8264132e-01
   1.6884286e-01   1.0821440e-02   1.0656263e-01   8.8261593e-01
   1.6884327e-01   1.0687125e-02   1.0679317e-01   8.8251971e-01
   1.6884385e-01   1.0527621e-02   1.0730756e-01   8.8216482e-01
   1.6884404e-01   1.0102593e-02   1.0727174e-01   8.8262567e-01
   1.6884412e-01   1.0472696e-02   1.0768431e-01   8.8184299e-01
   1.6884543e-01   1.0503805e-02   1.0701297e-01   8.8248322e-01
   1.6884605e-01   1.0087239e-02   1.0773036e-01   8.8218240e-01
   1.6884617e-01   1.0823062e-02   1.0685033e-01   8.8232661e-01
   1.6884641e-01   1.1197069e-02   1.0526703e-01   8.8353590e-01
   1.6884665e-01   1.0704615e-02   1.0723990e-01   8.8205548e-01
   1.6884685e-01   1.0174321e-02   1.0741119e-01   8.8241449e-01
   1.6884696e-01   1.0189315e-02   1.0747292e-01   8.8233777e-01
   1.6884722e-01   9.9431497e-03   1.0753362e-01   8.8252323e-01
   1.6884741e-01   1.0172925e-02   1.0725213e-01   8.8257495e-01
   1.6884756e-01   1.0521950e-02   1.0658856e-01   8.8288949e-01
   1.6884765e-01   1.0258355e-02   1.0749922e-01   8.8224242e-01
   1.6884836e-01   1.1204266e-02   1.0665157e-01   8.8214417e-01
   1.6884884e-01   1.0703436e-02   1.0742868e-01   8.8186788e-01
   1.6884917e-01   1.0524852e-02   1.0725049e-01   8.8222466e-01
   1.6884966e-01   9.9709392e-03   1.0757020e-01   8.8245886e-01
   1.6885013e-01   1.0664923e-02   1.0712020e-01   8.8221487e-01
   1.6885054e-01   9.9793375e-03   1.0762791e-01   8.8239275e-01
   1.6885102e-01   1.0126745e-02   1.0752259e-01   8.8235066e-01
   1.6885121e-01   1.1103821e-02   1.0656620e-01   8.8232998e-01
   1.6885152e-01   1.1141525e-02   1.0528342e-01   8.8357505e-01
   1.6885154e-01   1.0955833e-02   1.0554851e-01   8.8349566e-01
   1.6885155e-01   1.0233307e-02   1.0754232e-01   8.8222437e-01
   1.6885219e-01   1.0991853e-02   1.0672567e-01   8.8228248e-01
   1.6885223e-01   1.0424036e-02   1.0740216e-01   8.8217380e-01
   1.6885295e-01   1.0772795e-02   1.0656000e-01   8.8266721e-01
   1.6885303e-01   1.0955849e-02   1.0615556e-01   8.8288859e-01
   1.6885409e-01   1.1059902e-02   1.0643266e-01   8.8250744e-01
   1.6885418e-01   1.0902988e-02   1.0730662e-01   8.8179039e-01
   1.6885428e-01   1.0516638e-02   1.0726755e-01   8.8221581e-01
   1.6885434e-01   1.0168263e-02   1.0627802e-01   8.8355372e-01
   1.6885456e-01   1.0638751e-02   1.0695840e-01   8.8240284e-01
   1.6885471e-01   1.1137449e-02   1.0695577e-01   8.8190678e-01
   1.6885502e-01   1.0327118e-02   1.0689622e-01   8.8277666e-01
   1.6885615e-01   1.0143556e-02   1.0758312e-01   8.8227333e-01
   1.6885622e-01   1.0672813e-02   1.0585774e-01   8.8346944e-01
   1.6885666e-01   1.0075209e-02   1.0768581e-01   8.8223898e-01
   1.6885718e-01   1.1189401e-02   1.0561639e-01   8.8319421e-01
   1.6885728e-01   9.6573387e-03   1.0807511e-01   8.8226755e-01
   1.6885732e-01   9.4801080e-03   1.0893561e-01   8.8158428e-01
   1.6885768e-01   1.0894811e-02   1.0682186e-01   8.8228333e-01
   1.6885880e-01   9.8382335e-03   1.0722484e-01   8.8293693e-01
   1.6885882e-01   1.0324215e-02   1.0671057e-01   8.8296522e-01
   1.6885894e-01   1.1280998e-02   1.0529369e-01   8.8342531e-01
   1.6885924e-01   1.0654701e-02   1.0688333e-01   8.8246197e-01
   1.6885942e-01   1.1245907e-02   1.0651117e-01   8.8224292e-01
   1.6885978e-01   1.0554178e-02   1.0721755e-01   8.8222827e-01
   1.6885982e-01   1.0862998e-02   1.0635772e-01   8.8277928e-01
   1.6886017e-01   1.0104958e-02   1.0742240e-01   8.8247264e-01
   1.6886028e-01   9.4996870e-03   1.0927025e-01   8.8123006e-01
   1.6886215e-01   1.0381373e-02   1.0739151e-01   8.8222712e-01
   1.6886261e-01   1.0112126e-02   1.0763353e-01   8.8225435e-01
   1.6886265e-01   1.0608877e-02   1.0661676e-01   8.8277436e-01
   1.6886306e-01   1.0994488e-02   1.0732750e-01   8.8167801e-01
   1.6886352e-01   1.0332422e-02   1.0822465e-01   8.8144293e-01
   1.6886367e-01   1.0319214e-02   1.0837371e-01   8.8130707e-01
   1.6886371e-01   1.0001307e-02   1.0809047e-01   8.8190823e-01
   1.6886407e-01   1.0890615e-02   1.0706623e-01   8.8204316e-01
   1.6886447e-01   1.1629300e-02   1.0657353e-01   8.8179717e-01
   1.6886481e-01   9.4127881e-03   1.0751051e-01   8.8307670e-01
   1.6886492e-01   1.1127254e-02   1.0679163e-01   8.8208111e-01
   1.6886676e-01   1.0055727e-02   1.0724173e-01   8.8270254e-01
   1.6886680e-01   1.0494192e-02   1.0793283e-01   8.8157298e-01
   1.6886728e-01   1.0261054e-02   1.0880323e-01   8.8093571e-01
   1.6886849e-01   1.0412942e-02   1.0841239e-01   8.8117466e-01
   1.6886853e-01   1.1213627e-02   1.0678599e-01   8.8200038e-01
   1.6886878e-01   9.7671704e-03   1.0701457e-01   8.8321826e-01
   1.6886937e-01   1.0386357e-02   1.0588617e-01   8.8372747e-01
   1.6886979e-01   1.0612296e-02   1.0662758e-01   8.8276012e-01
   1.6886999e-01   1.0607498e-02   1.0688602e-01   8.8250648e-01
   1.6887007e-01   1.0299565e-02   1.0789268e-01   8.8180776e-01
