   3.6295304e+00   0.0000000e+00   2.1310743e-01   7.8689257e-01
   3.6784231e+00   0.0000000e+00   2.1577548e-01   7.8422452e-01
   3.6888283e+00   0.0000000e+00   2.1639165e-01   7.8360835e-01
   3.6254726e+00   0.0000000e+00   2.1281006e-01   7.8718994e-01
   3.6582357e+00   0.0000000e+00   2.1467564e-01   7.8532436e-01
   3.6763187e+00   0.0000000e+00   2.1548869e-01   7.8451131e-01
   3.6319415e+00   0.0000000e+00   2.1304348e-01   7.8695652e-01
   3.6454913e+00   0.0000000e+00   2.1384795e-01   7.8615205e-01
   3.6342877e+00   0.0000000e+00   2.1315085e-01   7.8684915e-01
   3.6344732e+00   0.0000000e+00   2.1319707e-01   7.8680293e-01
   3.6477102e+00   0.0000000e+00   2.1396718e-01   7.8603282e-01
   3.6761122e+00   0.0000000e+00   2.1536925e-01   7.8463075e-01
   3.6336829e+00   0.0000000e+00   2.1283749e-01   7.8716251e-01
   3.6639368e+00   0.0000000e+00   2.1465011e-01   7.8534989e-01
   3.6388175e+00   0.0000000e+00   2.1305400e-01   7.8694600e-01
   3.6415947e+00   0.0000000e+00   2.1331505e-01   7.8668495e-01
   3.6680953e+00   0.0000000e+00   2.1489382e-01   7.8510618e-01
   3.6767635e+00   0.0000000e+00   2.1490254e-01   7.8509746e-01
   3.6043010e+00   0.0000000e+00   2.1111944e-01   7.8888056e-01
   3.6512965e+00   0.0000000e+00   2.1382647e-01   7.8617353e-01
   3.6517042e+00   0.0000000e+00   2.1369705e-01   7.8630295e-01
   3.6537609e+00   0.0000000e+00   2.1398474e-01   7.8601526e-01
   3.6630600e+00   0.0000000e+00   2.1436649e-01   7.8563351e-01
   3.6546779e+00   0.0000000e+00   2.1393431e-01   7.8606569e-01
   3.7392730e+00   0.0000000e+00   2.1924003e-01   7.8075997e-01
   3.6648347e+00   0.0000000e+00   2.1446946e-01   7.8553054e-01
   3.6417640e+00   0.0000000e+00   2.1294508e-01   7.8705492e-01
   3.6641232e+00   0.0000000e+00   2.1457348e-01   7.8542652e-01
   3.7026810e+00   0.0000000e+00   2.1678656e-01   7.8321344e-01
   3.6682042e+00   0.0000000e+00   2.1471143e-01   7.8528857e-01
   3.6476959e+00   0.0000000e+00   2.1349219e-01   7.8650781e-01
   3.6272467e+00   0.0000000e+00   2.1249571e-01   7.8750429e-01
   3.6670497e+00   0.0000000e+00   2.1470173e-01   7.8529827e-01
   3.6806265e+00   0.0000000e+00   2.1556974e-01   7.8443026e-01
   3.6545610e+00   0.0000000e+00   2.1384519e-01   7.8615481e-01
   3.6660585e+00   0.0000000e+00   2.1430298e-01   7.8569702e-01
   3.6128656e+00   0.0000000e+00   2.1146203e-01   7.8853797e-01
   3.6313577e+00   0.0000000e+00   2.1258841e-01   7.8741159e-01
   3.6649985e+00   0.0000000e+00   2.1446591e-01   7.8553409e-01
   3.6556496e+00   0.0000000e+00   2.1393780e-01   7.8606220e-01
   3.6610776e+00   0.0000000e+00   2.1407865e-01   7.8592135e-01
   3.6842275e+00   0.0000000e+00   2.1530031e-01   7.8469969e-01
   3.6748944e+00   0.0000000e+00   2.1484041e-01   7.8515959e-01
   3.6708510e+00   0.0000000e+00   2.1474815e-01   7.8525185e-01
   3.6800878e+00   0.0000000e+00   2.1512079e-01   7.8487921e-01
   3.6551326e+00   0.0000000e+00   2.1370505e-01   7.8629495e-01
   3.6590565e+00   0.0000000e+00   2.1420709e-01   7.8579291e-01
   3.6656282e+00   0.0000000e+00   2.1441795e-01   7.8558205e-01
   3.6601027e+00   0.0000000e+00   2.1396037e-01   7.8603963e-01
   3.6605638e+00   0.0000000e+00   2.1398945e-01   7.8601055e-01
   3.6717858e+00   0.0000000e+00   2.1475721e-01   7.8524279e-01
   3.6833074e+00   0.0000000e+00   2.1495169e-01   7.8504831e-01
   3.5946579e+00   0.0000000e+00   2.1054498e-01   7.8945502e-01
   3.6797730e+00   0.0000000e+00   2.1518672e-01   7.8481328e-01
   3.6549835e+00   0.0000000e+00   2.1367165e-01   7.8632835e-01
   3.6526020e+00   0.0000000e+00   2.1350841e-01   7.8649159e-01
   3.6567234e+00   0.0000000e+00   2.1389694e-01   7.8610306e-01
   3.6521785e+00   0.0000000e+00   2.1347098e-01   7.8652902e-01
   3.6792351e+00   0.0000000e+00   2.1511739e-01   7.8488261e-01
   3.7086029e+00   0.0000000e+00   2.1675089e-01   7.8324911e-01
   3.7032122e+00   0.0000000e+00   2.1614788e-01   7.8385212e-01
   3.6503274e+00   0.0000000e+00   2.1365468e-01   7.8634532e-01
   3.6658018e+00   0.0000000e+00   2.1418399e-01   7.8581601e-01
   3.6700336e+00   0.0000000e+00   2.1442509e-01   7.8557491e-01
   3.6627286e+00   0.0000000e+00   2.1400405e-01   7.8599595e-01
   3.6817049e+00   0.0000000e+00   2.1488083e-01   7.8511917e-01
   3.6428017e+00   0.0000000e+00   2.1328406e-01   7.8671594e-01
   3.6532600e+00   0.0000000e+00   2.1347380e-01   7.8652620e-01
   3.7047082e+00   0.0000000e+00   2.1640127e-01   7.8359873e-01
   3.6658353e+00   0.0000000e+00   2.1417628e-01   7.8582372e-01
   3.5582035e+00   0.0000000e+00   2.0811620e-01   7.9188380e-01
   3.6516539e+00   0.0000000e+00   2.1338485e-01   7.8661515e-01
   3.6791948e+00   0.0000000e+00   2.1488846e-01   7.8511154e-01
   3.6896768e+00   0.0000000e+00   2.1541286e-01   7.8458714e-01
   3.6821477e+00   0.0000000e+00   2.1507647e-01   7.8492353e-01
   3.6469170e+00   0.0000000e+00   2.1306574e-01   7.8693426e-01
   3.6946660e+00   0.0000000e+00   2.1563612e-01   7.8436388e-01
   3.6745029e+00   0.0000000e+00   2.1447376e-01   7.8552624e-01
   3.6614709e+00   0.0000000e+00   2.1386408e-01   7.8613592e-01
   3.6728337e+00   0.0000000e+00   2.1438346e-01   7.8561654e-01
   3.7148693e+00   0.0000000e+00   2.1624781e-01   7.8375219e-01
   3.6803614e+00   0.0000000e+00   2.1488756e-01   7.8511244e-01
   3.7560387e+00   0.0000000e+00   2.1916423e-01   7.8083577e-01
   3.6586626e+00   0.0000000e+00   2.1363340e-01   7.8636660e-01
   3.6910154e+00   0.0000000e+00   2.1547260e-01   7.8452740e-01
   3.6793704e+00   0.0000000e+00   2.1465144e-01   7.8534856e-01
   3.6747679e+00   0.0000000e+00   2.1448583e-01   7.8551417e-01
   3.7375024e+00   0.0000000e+00   2.1799439e-01   7.8200561e-01
   3.6659847e+00   0.0000000e+00   2.1391971e-01   7.8608029e-01
   3.6521511e+00   0.0000000e+00   2.1321931e-01   7.8678069e-01
   3.6732293e+00   0.0000000e+00   2.1432285e-01   7.8567715e-01
   3.6355385e+00   0.0000000e+00   2.1238593e-01   7.8761407e-01
   3.6961399e+00   0.0000000e+00   2.1562268e-01   7.8437732e-01
   3.6681844e+00   0.0000000e+00   2.1408584e-01   7.8591416e-01
   3.6678368e+00   0.0000000e+00   2.1387916e-01   7.8612084e-01
   3.6845116e+00   0.0000000e+00   2.1438652e-01   7.8561348e-01
   3.6527011e+00   0.0000000e+00   2.1322072e-01   7.8677928e-01
   3.6682163e+00   0.0000000e+00   2.1384088e-01   7.8615912e-01
   3.7160673e+00   0.0000000e+00   2.1641436e-01   7.8358564e-01
   3.6663583e+00   0.0000000e+00   2.1370114e-01   7.8629886e-01
   3.6653855e+00   0.0000000e+00   2.1381994e-01   7.8618006e-01
   3.6550586e+00   0.0000000e+00   2.1354490e-01   7.8645510e-01
   3.6758475e+00   0.0000000e+00   2.1439854e-01   7.8560146e-01
   3.6918691e+00   0.0000000e+00   2.1512717e-01   7.8487283e-01
   3.6729874e+00   0.0000000e+00   2.1409500e-01   7.8590500e-01
   3.6664850e+00   0.0000000e+00   2.1357522e-01   7.8642478e-01
   3.6397884e+00   0.0000000e+00   2.1285168e-01   7.8714832e-01
   3.6618615e+00   0.0000000e+00   2.1346444e-01   7.8653556e-01
   3.6682348e+00   0.0000000e+00   2.1381819e-01   7.8618181e-01
   3.6862342e+00   0.0000000e+00   2.1479702e-01   7.8520298e-01
   3.7975901e+00   0.0000000e+00   2.2127701e-01   7.7872299e-01
   3.6739841e+00   0.0000000e+00   2.1423547e-01   7.8576453e-01
   3.6580431e+00   0.0000000e+00   2.1296043e-01   7.8703957e-01
   3.6154067e+00   0.0000000e+00   2.1037393e-01   7.8962607e-01
   3.6416773e+00   0.0000000e+00   2.1247265e-01   7.8752735e-01
   3.8243822e+00   0.0000000e+00   2.2269587e-01   7.7730413e-01
   3.7445549e+00   0.0000000e+00   2.1795822e-01   7.8204178e-01
   3.6740097e+00   0.0000000e+00   2.1379472e-01   7.8620528e-01
   3.6793037e+00   0.0000000e+00   2.1409522e-01   7.8590478e-01
   3.6807694e+00   0.0000000e+00   2.1400242e-01   7.8599758e-01
   3.5904141e+00   0.0000000e+00   2.0963162e-01   7.9036838e-01
   3.6741644e+00   0.0000000e+00   2.1404607e-01   7.8595393e-01
   3.5286538e+00   0.0000000e+00   2.0565581e-01   7.9434419e-01
   3.6852510e+00   0.0000000e+00   2.1449141e-01   7.8550859e-01
   3.6656198e+00   0.0000000e+00   2.1321086e-01   7.8678914e-01
   3.6520862e+00   0.0000000e+00   2.1302042e-01   7.8697958e-01
   3.7011499e+00   0.0000000e+00   2.1528542e-01   7.8471458e-01
   3.6264338e+00   0.0000000e+00   2.1098328e-01   7.8901672e-01
   3.6884541e+00   0.0000000e+00   2.1471844e-01   7.8528156e-01
   3.6905034e+00   0.0000000e+00   2.1460100e-01   7.8539900e-01
   3.6767533e+00   0.0000000e+00   2.1416428e-01   7.8583572e-01
   3.5950192e+00   0.0000000e+00   2.1051124e-01   7.8948876e-01
   3.6401233e+00   0.0000000e+00   2.1175113e-01   7.8824887e-01
   3.7057248e+00   0.0000000e+00   2.1544338e-01   7.8455662e-01
   3.6583894e+00   0.0000000e+00   2.1254939e-01   7.8745061e-01
   3.6716058e+00   0.0000000e+00   2.1353821e-01   7.8646179e-01
   3.6200689e+00   0.0000000e+00   2.1013002e-01   7.8986998e-01
   3.8717883e+00   0.0000000e+00   2.2558065e-01   7.7441935e-01
   3.6294143e+00   0.0000000e+00   2.1193648e-01   7.8806352e-01
   3.5639810e+00   0.0000000e+00   2.0783888e-01   7.9216112e-01
   3.7024386e+00   0.0000000e+00   2.1449624e-01   7.8550376e-01
   3.6880076e+00   0.0000000e+00   2.1395260e-01   7.8604740e-01
   3.8175340e+00   0.0000000e+00   2.2143022e-01   7.7856978e-01
   3.6841249e+00   0.0000000e+00   2.1404028e-01   7.8595972e-01
   3.6793600e+00   0.0000000e+00   2.1361632e-01   7.8638368e-01
   3.6743121e+00   0.0000000e+00   2.1347184e-01   7.8652816e-01
   3.7216982e+00   0.0000000e+00   2.1614173e-01   7.8385827e-01
   3.7049458e+00   0.0000000e+00   2.1461235e-01   7.8538765e-01
   3.6729163e+00   0.0000000e+00   2.1341886e-01   7.8658114e-01
   3.6431358e+00   0.0000000e+00   2.1111085e-01   7.8888915e-01
   3.7167835e+00   0.0000000e+00   2.1529884e-01   7.8470116e-01
   3.5934988e+00   0.0000000e+00   2.0844193e-01   7.9155807e-01
   3.6675073e+00   0.0000000e+00   2.1287733e-01   7.8712267e-01
   3.7203345e+00   0.0000000e+00   2.1555746e-01   7.8444254e-01
   3.5675104e+00   0.0000000e+00   2.0737273e-01   7.9262727e-01
   3.5271428e+00   0.0000000e+00   2.0521895e-01   7.9478105e-01
   3.7424250e+00   0.0000000e+00   2.1680793e-01   7.8319207e-01
   3.6601714e+00   0.0000000e+00   2.1239950e-01   7.8760050e-01
   3.5379512e+00   0.0000000e+00   2.0768727e-01   7.9231273e-01
   3.7469119e+00   0.0000000e+00   2.1707145e-01   7.8292855e-01
   3.6711496e+00   0.0000000e+00   2.1280287e-01   7.8719713e-01
   3.6507980e+00   0.0000000e+00   2.1168104e-01   7.8831896e-01
   3.7183634e+00   0.0000000e+00   2.1516278e-01   7.8483722e-01
   3.6909523e+00   0.0000000e+00   2.1274493e-01   7.8725507e-01
   3.7252934e+00   0.0000000e+00   2.1588944e-01   7.8411056e-01
   3.6699979e+00   0.0000000e+00   2.1237691e-01   7.8762309e-01
   3.6528527e+00   0.0000000e+00   2.1159581e-01   7.8840419e-01
   3.7193354e+00   0.0000000e+00   2.1545110e-01   7.8454890e-01
   3.6740270e+00   0.0000000e+00   2.1161415e-01   7.8838585e-01
   3.7304090e+00   0.0000000e+00   2.1556380e-01   7.8443620e-01
   3.7134863e+00   0.0000000e+00   2.1468265e-01   7.8531735e-01
   3.7404255e+00   0.0000000e+00   2.1590019e-01   7.8409981e-01
   3.6153390e+00   0.0000000e+00   2.0876393e-01   7.9123607e-01
   3.7753227e+00   0.0000000e+00   2.1773182e-01   7.8226818e-01
   3.6937328e+00   0.0000000e+00   2.1333549e-01   7.8666451e-01
   3.5481697e+00   0.0000000e+00   2.0475042e-01   7.9524958e-01
   3.7544706e+00   0.0000000e+00   2.1576411e-01   7.8423589e-01
   3.6913514e+00   0.0000000e+00   2.1297999e-01   7.8702001e-01
   3.9825723e+00   0.0000000e+00   2.2951870e-01   7.7048130e-01
   3.7965349e+00   0.0000000e+00   2.1910218e-01   7.8089782e-01
   3.6820454e+00   0.0000000e+00   2.1225558e-01   7.8774442e-01
   3.6910864e+00   0.0000000e+00   2.1278933e-01   7.8721067e-01
   3.7613303e+00   0.0000000e+00   2.1744589e-01   7.8255411e-01
   3.7083843e+00   0.0000000e+00   2.1353418e-01   7.8646582e-01
   3.8350338e+00   0.0000000e+00   2.2063549e-01   7.7936451e-01
   3.7560697e+00   0.0000000e+00   2.1559885e-01   7.8440115e-01
   3.8230079e+00   0.0000000e+00   2.2048530e-01   7.7951470e-01
   3.7859410e+00   0.0000000e+00   2.1767253e-01   7.8232747e-01
   3.7810956e+00   0.0000000e+00   2.1715198e-01   7.8284802e-01
   3.7365384e+00   0.0000000e+00   2.1493160e-01   7.8506840e-01
   3.5642223e+00   0.0000000e+00   2.0583121e-01   7.9416879e-01
   3.8358457e+00   0.0000000e+00   2.2018383e-01   7.7981617e-01
   3.7974441e+00   0.0000000e+00   2.1819236e-01   7.8180764e-01
   3.8056786e+00   0.0000000e+00   2.1834826e-01   7.8165174e-01
   3.8079518e+00   0.0000000e+00   2.1895112e-01   7.8104888e-01
   3.6829658e+00   0.0000000e+00   2.1222175e-01   7.8777825e-01
   3.7281837e+00   0.0000000e+00   2.1398971e-01   7.8601029e-01
   3.5021493e+00   0.0000000e+00   2.0108698e-01   7.9891302e-01
   3.7159544e+00   0.0000000e+00   2.1321016e-01   7.8678984e-01
   3.7844117e+00   0.0000000e+00   2.1582116e-01   7.8417884e-01
   3.7352535e+00   0.0000000e+00   2.1414226e-01   7.8585774e-01
   3.7878709e+00   0.0000000e+00   2.1705056e-01   7.8294944e-01
   3.7407453e+00   0.0000000e+00   2.1416582e-01   7.8583418e-01
   3.8573339e+00   0.0000000e+00   2.2193187e-01   7.7806813e-01
   3.7435106e+00   0.0000000e+00   2.1413655e-01   7.8586345e-01
   3.4623936e+00   0.0000000e+00   1.9957614e-01   8.0042386e-01
   3.8222517e+00   0.0000000e+00   2.1871677e-01   7.8128323e-01
   3.8985362e+00   0.0000000e+00   2.2238208e-01   7.7761792e-01
   3.7525146e+00   0.0000000e+00   2.1433389e-01   7.8566611e-01
   3.8186969e+00   0.0000000e+00   2.1753893e-01   7.8246107e-01
   3.7981006e+00   0.0000000e+00   2.1643507e-01   7.8356493e-01
   3.7904275e+00   0.0000000e+00   2.1609797e-01   7.8390203e-01
   3.8038947e+00   0.0000000e+00   2.1703353e-01   7.8296647e-01
   3.9417375e+00   0.0000000e+00   2.2421230e-01   7.7578770e-01
   3.8019364e+00   0.0000000e+00   2.1660690e-01   7.8339310e-01
   3.8422657e+00   0.0000000e+00   2.1996809e-01   7.8003191e-01
   3.8322434e+00   0.0000000e+00   2.1767508e-01   7.8232492e-01
   3.8695321e+00   0.0000000e+00   2.2100826e-01   7.7899174e-01
   3.7220224e+00   0.0000000e+00   2.1343971e-01   7.8656029e-01
   3.8437023e+00   0.0000000e+00   2.1765853e-01   7.8234147e-01
   3.8799076e+00   0.0000000e+00   2.2260611e-01   7.7739389e-01
   3.8656742e+00   0.0000000e+00   2.2082082e-01   7.7917918e-01
   3.8029952e+00   0.0000000e+00   2.1619530e-01   7.8380470e-01
   3.8882829e+00   0.0000000e+00   2.2153797e-01   7.7846203e-01
   3.8780560e+00   0.0000000e+00   2.1800861e-01   7.8199139e-01
   3.9485169e+00   0.0000000e+00   2.2416977e-01   7.7583023e-01
   3.8811309e+00   0.0000000e+00   2.2089490e-01   7.7910510e-01
   3.7661322e+00   0.0000000e+00   2.1397826e-01   7.8602174e-01
   3.8515557e+00   0.0000000e+00   2.1819276e-01   7.8180724e-01
   3.8302454e+00   0.0000000e+00   2.1732581e-01   7.8267419e-01
   3.8312079e+00   0.0000000e+00   2.1731019e-01   7.8268981e-01
   3.8532345e+00   0.0000000e+00   2.1837459e-01   7.8162541e-01
   4.0003735e+00   0.0000000e+00   2.2657977e-01   7.7342023e-01
   3.8842020e+00   0.0000000e+00   2.2115312e-01   7.7884688e-01
   3.8947128e+00   0.0000000e+00   2.2017921e-01   7.7982079e-01
   3.8829917e+00   0.0000000e+00   2.1933089e-01   7.8066911e-01
   3.8227874e+00   0.0000000e+00   2.1624748e-01   7.8375252e-01
   3.9337552e+00   0.0000000e+00   2.2287131e-01   7.7712869e-01
   3.6550561e+00   0.0000000e+00   2.1044698e-01   7.8955302e-01
   3.9065015e+00   0.0000000e+00   2.2102123e-01   7.7897877e-01
   3.9144051e+00   0.0000000e+00   2.2154247e-01   7.7845753e-01
   3.8874354e+00   0.0000000e+00   2.2012746e-01   7.7987254e-01
   3.9399572e+00   0.0000000e+00   2.2095325e-01   7.7904675e-01
   3.8761269e+00   0.0000000e+00   2.2048968e-01   7.7951032e-01
   4.0107024e+00   0.0000000e+00   2.2382539e-01   7.7617461e-01
   4.1409364e+00   0.0000000e+00   2.3272057e-01   7.6727943e-01
   3.6848009e+00   0.0000000e+00   2.1594320e-01   7.8405680e-01
   3.8976605e+00   0.0000000e+00   2.1974357e-01   7.8025643e-01
   3.8637458e+00   0.0000000e+00   2.1788463e-01   7.8211537e-01
   3.6655765e+00   0.0000000e+00   2.1411300e-01   7.8588700e-01
   3.6623689e+00   0.0000000e+00   2.1394136e-01   7.8605864e-01
   3.6428569e+00   0.0000000e+00   2.1296046e-01   7.8703954e-01
   3.7415902e+00   0.0000000e+00   2.1843214e-01   7.8156786e-01
   3.6367244e+00   0.0000000e+00   2.1237548e-01   7.8762452e-01
   3.6280669e+00   0.0000000e+00   2.1193439e-01   7.8806561e-01
   3.9273928e+00   0.0000000e+00   2.2082275e-01   7.7917725e-01
   3.6444019e+00   0.0000000e+00   2.1287706e-01   7.8712294e-01
   3.6984928e+00   0.0000000e+00   2.1549085e-01   7.8450915e-01
   3.8868505e+00   0.0000000e+00   2.1750566e-01   7.8249434e-01
   3.6869889e+00   0.0000000e+00   2.1458145e-01   7.8541855e-01
   3.9159885e+00   0.0000000e+00   2.2012697e-01   7.7987303e-01
   3.7525923e+00   0.0000000e+00   2.1923048e-01   7.8076952e-01
   3.9983320e+00   0.0000000e+00   2.2463742e-01   7.7536258e-01
   3.5680533e+00   0.0000000e+00   2.0817969e-01   7.9182031e-01
   3.7929595e+00   0.0000000e+00   2.2102909e-01   7.7897091e-01
   3.5628624e+00   0.0000000e+00   2.0748355e-01   7.9251645e-01
   3.5475705e+00   0.0000000e+00   2.0708088e-01   7.9291912e-01
   3.8882161e+00   0.0000000e+00   2.1928505e-01   7.8071495e-01
   3.9450870e+00   0.0000000e+00   2.2182682e-01   7.7817318e-01
   3.9009883e+00   0.0000000e+00   2.1848643e-01   7.8151357e-01
   3.9524264e+00   0.0000000e+00   2.2194777e-01   7.7805223e-01
   3.9782524e+00   0.0000000e+00   2.2312466e-01   7.7687534e-01
   3.9288349e+00   0.0000000e+00   2.2041452e-01   7.7958548e-01
   3.5538595e+00   0.0000000e+00   2.0681582e-01   7.9318418e-01
   4.2520503e+00   0.0000000e+00   2.3694401e-01   7.6305599e-01
   3.9882847e+00   0.0000000e+00   2.2347320e-01   7.7652680e-01
   3.9234473e+00   0.0000000e+00   2.1998345e-01   7.8001655e-01
   4.0107018e+00   0.0000000e+00   2.2483217e-01   7.7516783e-01
   4.0108843e+00   0.0000000e+00   2.2475729e-01   7.7524271e-01
   3.9450675e+00   0.0000000e+00   2.2119119e-01   7.7880881e-01
   3.4380925e+00   0.0000000e+00   2.0023660e-01   7.9976340e-01
   3.4405897e+00   0.0000000e+00   1.9987093e-01   8.0012907e-01
   3.9473039e+00   0.0000000e+00   2.2108065e-01   7.7891935e-01
   3.7440279e+00   0.0000000e+00   2.1660260e-01   7.8339740e-01
   3.9398354e+00   0.0000000e+00   2.1979391e-01   7.8020609e-01
   4.0684608e+00   0.0000000e+00   2.2804647e-01   7.7195353e-01
   3.3796349e+00   0.0000000e+00   1.9640497e-01   8.0359503e-01
   3.8765531e+00   0.0000000e+00   2.1965573e-01   7.8034427e-01
   3.9633181e+00   0.0000000e+00   2.2092748e-01   7.7907252e-01
   3.9053998e+00   0.0000000e+00   2.1691342e-01   7.8308658e-01
   3.9867879e+00   0.0000000e+00   2.2552210e-01   7.7447790e-01
   3.8140609e+00   0.0000000e+00   2.1876274e-01   7.8123726e-01
   4.2643261e+00   0.0000000e+00   2.4094456e-01   7.5905544e-01
   4.0594459e+00   0.0000000e+00   2.2592437e-01   7.7407563e-01
   4.0773889e+00   0.0000000e+00   2.2703510e-01   7.7296490e-01
   4.0919144e+00   0.0000000e+00   2.2830264e-01   7.7169736e-01
   3.9849803e+00   0.0000000e+00   2.2196685e-01   7.7803315e-01
   3.9920521e+00   0.0000000e+00   2.2148355e-01   7.7851645e-01
   3.9303747e+00   0.0000000e+00   2.1760893e-01   7.8239107e-01
   4.0276477e+00   0.0000000e+00   2.2373217e-01   7.7626783e-01
   4.0842427e+00   0.0000000e+00   2.2568762e-01   7.7431238e-01
   4.0233243e+00   0.0000000e+00   2.2594166e-01   7.7405834e-01
   3.8932747e+00   0.0000000e+00   2.1373367e-01   7.8626633e-01
   3.9559884e+00   0.0000000e+00   2.2013382e-01   7.7986618e-01
   4.0236114e+00   0.0000000e+00   2.2213887e-01   7.7786113e-01
   3.9775914e+00   0.0000000e+00   2.2018360e-01   7.7981640e-01
   3.9344579e+00   0.0000000e+00   2.1806107e-01   7.8193893e-01
   3.9428406e+00   0.0000000e+00   2.2001981e-01   7.7998019e-01
   4.0222260e+00   0.0000000e+00   2.2256414e-01   7.7743586e-01
   3.9584529e+00   0.0000000e+00   2.1916101e-01   7.8083899e-01
   3.9187323e+00   0.0000000e+00   2.1747900e-01   7.8252100e-01
   3.7602844e+00   0.0000000e+00   2.1487378e-01   7.8512622e-01
   4.2158331e+00   0.0000000e+00   2.2920431e-01   7.7079569e-01
   3.7778111e+00   0.0000000e+00   2.0182543e-01   7.9817457e-01
   3.9297221e+00   0.0000000e+00   2.1584574e-01   7.8415426e-01
   4.0335488e+00   0.0000000e+00   2.2296513e-01   7.7703487e-01
   4.0237680e+00   0.0000000e+00   2.2171121e-01   7.7828879e-01
   4.1828789e+00   0.0000000e+00   2.3012023e-01   7.6987977e-01
   4.0305347e+00   0.0000000e+00   2.2173109e-01   7.7826891e-01
   4.2223258e+00   0.0000000e+00   2.3287403e-01   7.6712597e-01
   4.0628463e+00   0.0000000e+00   2.2368817e-01   7.7631183e-01
   3.8034256e+00   0.0000000e+00   2.0767408e-01   7.9232592e-01
   3.7070032e+00   0.0000000e+00   2.0503298e-01   7.9496702e-01
   4.3067162e+00   0.0000000e+00   2.3510261e-01   7.6489739e-01
   3.9524958e+00   0.0000000e+00   2.1581758e-01   7.8418242e-01
   3.9578418e+00   0.0000000e+00   2.1697115e-01   7.8302885e-01
   4.2390676e+00   0.0000000e+00   2.3472512e-01   7.6527488e-01
   3.8996063e+00   0.0000000e+00   2.1692364e-01   7.8307636e-01
   3.7036837e+00   0.0000000e+00   2.1565781e-01   7.8434219e-01
   3.9977130e+00   0.0000000e+00   2.2080842e-01   7.7919158e-01
   3.9017160e+00   0.0000000e+00   2.1541088e-01   7.8458912e-01
   4.0248713e+00   0.0000000e+00   2.2119566e-01   7.7880434e-01
   4.4759237e+00   0.0000000e+00   2.4403072e-01   7.5596928e-01
   4.1272616e+00   0.0000000e+00   2.2671684e-01   7.7328316e-01
   3.9940982e+00   0.0000000e+00   2.2049645e-01   7.7950355e-01
   3.9717734e+00   0.0000000e+00   2.2447290e-01   7.7552710e-01
   4.2467077e+00   0.0000000e+00   2.3206743e-01   7.6793257e-01
   4.0169437e+00   0.0000000e+00   2.1996526e-01   7.8003474e-01
   4.2749929e+00   0.0000000e+00   2.3396023e-01   7.6603977e-01
   3.9566554e+00   0.0000000e+00   2.1542444e-01   7.8457556e-01
   4.0249077e+00   0.0000000e+00   2.2002182e-01   7.7997818e-01
   3.9293178e+00   0.0000000e+00   2.1114599e-01   7.8885401e-01
   3.5155855e+00   0.0000000e+00   1.8578561e-01   8.1421439e-01
   4.1051684e+00   0.0000000e+00   2.2256372e-01   7.7743628e-01
   3.8046853e+00   0.0000000e+00   2.1281038e-01   7.8718962e-01
   4.2753810e+00   0.0000000e+00   2.3147751e-01   7.6852249e-01
   4.1772702e+00   0.0000000e+00   2.2796109e-01   7.7203891e-01
   4.1469874e+00   0.0000000e+00   2.2451807e-01   7.7548193e-01
   3.9572574e+00   0.0000000e+00   2.1427898e-01   7.8572102e-01
   4.0025062e+00   0.0000000e+00   2.1930545e-01   7.8069455e-01
   3.9736562e+00   0.0000000e+00   2.1552790e-01   7.8447210e-01
   3.9706021e+00   0.0000000e+00   2.1343250e-01   7.8656750e-01
   3.7769250e+00   0.0000000e+00   2.0782498e-01   7.9217502e-01
   3.9644600e+00   0.0000000e+00   2.1474779e-01   7.8525221e-01
   4.0704963e+00   0.0000000e+00   2.2120081e-01   7.7879919e-01
   3.7256859e+00   0.0000000e+00   2.0801269e-01   7.9198731e-01
   4.0141254e+00   0.0000000e+00   2.1584490e-01   7.8415510e-01
   3.9017393e+00   0.0000000e+00   2.1387703e-01   7.8612297e-01
   3.9088928e+00   0.0000000e+00   2.0633887e-01   7.9366113e-01
   4.0399335e+00   0.0000000e+00   2.2259664e-01   7.7740336e-01
   3.9648826e+00   0.0000000e+00   2.1319306e-01   7.8680694e-01
   4.0063624e+00   0.0000000e+00   2.2125068e-01   7.7874932e-01
   3.8766647e+00   0.0000000e+00   2.0657115e-01   7.9342885e-01
   4.0667322e+00   0.0000000e+00   2.1967568e-01   7.8032432e-01
   4.3267708e+00   0.0000000e+00   2.3242162e-01   7.6757838e-01
   4.0365761e+00   0.0000000e+00   2.1473573e-01   7.8526427e-01
   3.9471298e+00   0.0000000e+00   2.1143575e-01   7.8856425e-01
   3.8937370e+00   0.0000000e+00   2.1234739e-01   7.8765261e-01
   3.9426986e+00   0.0000000e+00   2.1291126e-01   7.8708874e-01
   4.1978186e+00   0.0000000e+00   2.2182634e-01   7.7817366e-01
   3.9216952e+00   0.0000000e+00   2.0736822e-01   7.9263178e-01
   4.5588133e+00   0.0000000e+00   2.4805446e-01   7.5194554e-01
   4.0375047e+00   0.0000000e+00   2.1559546e-01   7.8440454e-01
   4.1102333e+00   0.0000000e+00   2.1915483e-01   7.8084517e-01
   4.1311840e+00   0.0000000e+00   2.2247035e-01   7.7752965e-01
   3.5574059e+00   0.0000000e+00   1.9738416e-01   8.0261584e-01
   3.7205769e+00   0.0000000e+00   1.9323962e-01   8.0676038e-01
   3.8994318e+00   0.0000000e+00   1.9997067e-01   8.0002933e-01
   4.1677558e+00   0.0000000e+00   2.1717465e-01   7.8282535e-01
   4.2931622e+00   0.0000000e+00   2.2944392e-01   7.7055608e-01
   3.8204783e+00   0.0000000e+00   1.9911129e-01   8.0088871e-01
   4.3464176e+00   0.0000000e+00   2.2742632e-01   7.7257368e-01
   4.0948000e+00   0.0000000e+00   2.1689655e-01   7.8310345e-01
   3.9146567e+00   0.0000000e+00   2.1077394e-01   7.8922606e-01
   3.8818725e+00   0.0000000e+00   2.0255327e-01   7.9744673e-01
   4.6742762e+00   0.0000000e+00   2.4820099e-01   7.5179901e-01
   3.7759892e+00   0.0000000e+00   1.9497780e-01   8.0502220e-01
   3.9603842e+00   0.0000000e+00   2.0680847e-01   7.9319153e-01
   3.7214093e+00   0.0000000e+00   1.9569496e-01   8.0430504e-01
   4.0277102e+00   0.0000000e+00   2.1334642e-01   7.8665358e-01
   4.0020642e+00   0.0000000e+00   2.1993962e-01   7.8006038e-01
   3.8614833e+00   0.0000000e+00   2.1247021e-01   7.8752979e-01
   3.9147655e+00   0.0000000e+00   1.9934857e-01   8.0065143e-01
   3.4557039e+00   0.0000000e+00   1.7617376e-01   8.2382624e-01
   3.3515008e+00   0.0000000e+00   1.6319937e-01   8.3680063e-01
   4.1487768e+00   0.0000000e+00   2.1989921e-01   7.8010079e-01
   3.6691154e+00   0.0000000e+00   1.8739258e-01   8.1260742e-01
   4.1088498e+00   0.0000000e+00   2.1091808e-01   7.8908192e-01
   4.3907241e+00   0.0000000e+00   2.2699310e-01   7.7300690e-01
   3.7154792e+00   0.0000000e+00   1.8599693e-01   8.1400307e-01
   3.8285598e+00   0.0000000e+00   1.9156026e-01   8.0843974e-01
   4.3156533e+00   0.0000000e+00   2.2704846e-01   7.7295154e-01
   3.8452684e+00   0.0000000e+00   1.9799945e-01   8.0200055e-01
   3.5028497e+00   0.0000000e+00   1.8409258e-01   8.1590742e-01
   3.5332163e+00   0.0000000e+00   2.0353645e-01   7.9646355e-01
   3.7532472e+00   0.0000000e+00   1.8523181e-01   8.1476819e-01
   3.8040082e+00   0.0000000e+00   1.9177409e-01   8.0822591e-01
   4.5070317e+00   0.0000000e+00   2.3274580e-01   7.6725420e-01
   3.7324289e+00   0.0000000e+00   1.8820471e-01   8.1179529e-01
   3.8852370e+00   0.0000000e+00   2.0288367e-01   7.9711633e-01
   4.3554309e+00   0.0000000e+00   2.2153622e-01   7.7846378e-01
   4.0185218e+00   0.0000000e+00   2.0274555e-01   7.9725445e-01
   3.7701986e+00   0.0000000e+00   1.9658023e-01   8.0341977e-01
   3.9144973e+00   0.0000000e+00   1.9857926e-01   8.0142074e-01
   4.1245712e+00   0.0000000e+00   2.0733894e-01   7.9266106e-01
   3.7224564e+00   0.0000000e+00   1.7797260e-01   8.2202740e-01
   4.6254255e+00   0.0000000e+00   2.4608916e-01   7.5391084e-01
   3.8732134e+00   0.0000000e+00   1.9321515e-01   8.0678485e-01
   3.6701818e+00   0.0000000e+00   1.8683751e-01   8.1316249e-01
   3.5772470e+00   0.0000000e+00   1.6921625e-01   8.3078375e-01
   3.8936976e+00   0.0000000e+00   1.9513165e-01   8.0486835e-01
   3.3155959e+00   0.0000000e+00   1.6233725e-01   8.3766275e-01
   4.5255749e+00   0.0000000e+00   2.3022924e-01   7.6977076e-01
   4.1817593e+00   0.0000000e+00   2.1040118e-01   7.8959882e-01
   3.7103685e+00   0.0000000e+00   1.8538605e-01   8.1461395e-01
   3.0830071e+00   0.0000000e+00   1.3726841e-01   8.6273159e-01
   3.9218301e+00   0.0000000e+00   1.9583073e-01   8.0416927e-01
   4.1594747e+00   0.0000000e+00   2.0963598e-01   7.9036402e-01
   3.6095815e+00   0.0000000e+00   1.7417325e-01   8.2582675e-01
   3.6755766e+00   0.0000000e+00   1.7686785e-01   8.2313215e-01
   4.5154534e+00   0.0000000e+00   2.3773991e-01   7.6226009e-01
   4.3332183e+00   0.0000000e+00   2.1368189e-01   7.8631811e-01
   4.0281397e+00   0.0000000e+00   1.9989848e-01   8.0010152e-01
   3.3118010e+00   0.0000000e+00   1.5772612e-01   8.4227388e-01
   3.8801473e+00   0.0000000e+00   1.9491535e-01   8.0508465e-01
   3.9501239e+00   0.0000000e+00   2.0324375e-01   7.9675625e-01
   4.5071449e+00   0.0000000e+00   2.3602933e-01   7.6397067e-01
   3.8127004e+00   0.0000000e+00   1.9955673e-01   8.0044327e-01
   4.2962092e+00   0.0000000e+00   2.3824173e-01   7.6175827e-01
   3.8857412e+00   0.0000000e+00   2.0136607e-01   7.9863393e-01
   4.3345413e+00   0.0000000e+00   2.2143208e-01   7.7856792e-01
   3.8240151e+00   0.0000000e+00   1.8515414e-01   8.1484586e-01
   3.6549885e+00   0.0000000e+00   1.7809925e-01   8.2190075e-01
   3.6834131e+00   0.0000000e+00   1.7795211e-01   8.2204789e-01
   4.4271933e+00   0.0000000e+00   2.2102885e-01   7.7897115e-01
   3.6179127e+00   0.0000000e+00   1.7515228e-01   8.2484772e-01
   3.8061716e+00   0.0000000e+00   1.9951618e-01   8.0048382e-01
   3.6218665e+00   0.0000000e+00   1.7620597e-01   8.2379403e-01
   3.7223562e+00   0.0000000e+00   1.8186358e-01   8.1813642e-01
   3.9268923e+00   0.0000000e+00   1.8814338e-01   8.1185662e-01
   3.8706098e+00   0.0000000e+00   1.8432384e-01   8.1567616e-01
   3.4883312e+00   0.0000000e+00   1.5855311e-01   8.4144689e-01
   3.4144121e+00   0.0000000e+00   1.5018318e-01   8.4981682e-01
   3.8886535e+00   0.0000000e+00   1.8381162e-01   8.1618838e-01
   4.7220516e+00   0.0000000e+00   2.4495651e-01   7.5504349e-01
   4.3137289e+00   0.0000000e+00   2.2034099e-01   7.7965901e-01
   3.2463980e+00   0.0000000e+00   1.5013664e-01   8.4986336e-01
   4.4318432e+00   0.0000000e+00   2.4313722e-01   7.5686278e-01
   4.0295357e+00   0.0000000e+00   2.1988112e-01   7.8011888e-01
   3.9539530e+00   0.0000000e+00   2.0626431e-01   7.9373569e-01
   4.4894880e+00   0.0000000e+00   2.3098584e-01   7.6901416e-01
   3.3328530e+00   0.0000000e+00   1.4853062e-01   8.5146938e-01
   3.7230362e+00   0.0000000e+00   1.9050145e-01   8.0949855e-01
   3.9695080e+00   0.0000000e+00   1.9384732e-01   8.0615268e-01
   3.6159776e+00   0.0000000e+00   1.5993785e-01   8.4006215e-01
   4.1947919e+00   0.0000000e+00   2.0485314e-01   7.9514686e-01
   3.9934997e+00   0.0000000e+00   1.8397346e-01   8.1602654e-01
   3.4724741e+00   0.0000000e+00   1.5918705e-01   8.4081295e-01
   3.4286810e+00   0.0000000e+00   1.6299915e-01   8.3700085e-01
   3.3894406e+00   0.0000000e+00   1.5298937e-01   8.4701063e-01
   4.5876661e+00   0.0000000e+00   2.3131916e-01   7.6868084e-01
   3.9541532e+00   0.0000000e+00   1.9383793e-01   8.0616207e-01
   3.4288927e+00   0.0000000e+00   1.5066569e-01   8.4933431e-01
   3.8874242e+00   0.0000000e+00   1.9544329e-01   8.0455671e-01
   3.3769460e+00   0.0000000e+00   1.5662624e-01   8.4337376e-01
   4.4364773e+00   0.0000000e+00   2.3040066e-01   7.6959934e-01
   3.3109641e+00   0.0000000e+00   1.5638281e-01   8.4361719e-01
   3.3838708e+00   0.0000000e+00   1.5052268e-01   8.4947732e-01
   3.1856901e+00   0.0000000e+00   1.3720390e-01   8.6279610e-01
   4.4448399e+00   0.0000000e+00   2.1570685e-01   7.8429315e-01
   3.7728605e+00   0.0000000e+00   1.8212325e-01   8.1787675e-01
   3.1495482e+00   0.0000000e+00   1.3044973e-01   8.6955027e-01
   3.5750853e+00   0.0000000e+00   1.6028784e-01   8.3971216e-01
   3.1460580e+00   0.0000000e+00   1.2340747e-01   8.7659253e-01
   3.5738820e+00   0.0000000e+00   1.6226526e-01   8.3773474e-01
   5.1038554e+00   0.0000000e+00   2.6296036e-01   7.3703964e-01
   3.1301165e+00   0.0000000e+00   1.3397392e-01   8.6602608e-01
   4.4340655e+00   0.0000000e+00   2.3234228e-01   7.6765772e-01
   3.9520764e+00   0.0000000e+00   2.1238761e-01   7.8761239e-01
   4.1169689e+00   0.0000000e+00   1.8604946e-01   8.1395054e-01
   3.1123477e+00   0.0000000e+00   1.5198493e-01   8.4801507e-01
   3.7283852e+00   0.0000000e+00   1.6527443e-01   8.3472557e-01
   3.6671137e+00   0.0000000e+00   1.7307294e-01   8.2692706e-01
   3.7388736e+00   0.0000000e+00   1.5975929e-01   8.4024071e-01
   3.5250346e+00   0.0000000e+00   1.6995223e-01   8.3004777e-01
   3.2854979e+00   0.0000000e+00   1.2929101e-01   8.7070899e-01
   3.5275822e+00   0.0000000e+00   1.7216575e-01   8.2783425e-01
   3.2022849e+00   0.0000000e+00   1.2807142e-01   8.7192858e-01
   2.9867875e+00   0.0000000e+00   1.1357343e-01   8.8642657e-01
   4.7082031e+00   0.0000000e+00   2.2135309e-01   7.7864691e-01
   3.0625379e+00   0.0000000e+00   1.3847766e-01   8.6152234e-01
   5.0627249e+00   0.0000000e+00   2.5740356e-01   7.4259644e-01
   3.1996382e+00   0.0000000e+00   1.2222979e-01   8.7777021e-01
   2.7619344e+00   0.0000000e+00   1.0507513e-01   8.9492487e-01
   4.3720037e+00   0.0000000e+00   2.2501311e-01   7.7498689e-01
   4.7952273e+00   0.0000000e+00   2.4692545e-01   7.5307455e-01
   5.3290320e+00   0.0000000e+00   2.7169417e-01   7.2830583e-01
   3.0804956e+00   0.0000000e+00   1.0334513e-01   8.9665487e-01
   2.9658918e+00   0.0000000e+00   1.1384165e-01   8.8615835e-01
   2.9193918e+00   0.0000000e+00   1.0970374e-01   8.9029626e-01
   5.4025751e+00   0.0000000e+00   2.7207637e-01   7.2792363e-01
   3.0178630e+00   0.0000000e+00   1.1791531e-01   8.8208469e-01
   2.8940384e+00   0.0000000e+00   9.8747469e-02   9.0125253e-01
   2.9998552e+00   0.0000000e+00   1.0912136e-01   8.9087864e-01
   2.8749606e+00   0.0000000e+00   9.8003927e-02   9.0199607e-01
   3.7242382e+00   0.0000000e+00   1.5013855e-01   8.4986145e-01
   3.0675351e+00   0.0000000e+00   1.0476137e-01   8.9523863e-01
   5.0777658e+00   0.0000000e+00   2.6718091e-01   7.3281909e-01
   3.0375298e+00   0.0000000e+00   1.0824064e-01   8.9175936e-01
   2.7663923e+00   0.0000000e+00   1.0264135e-01   8.9735865e-01
   5.4624771e+00   0.0000000e+00   2.7469718e-01   7.2530282e-01
   2.9383466e+00   0.0000000e+00   9.0838680e-02   9.0916132e-01
   4.6497709e+00   0.0000000e+00   2.4725352e-01   7.5274648e-01
   2.8218337e+00   0.0000000e+00   9.7945649e-02   9.0205435e-01
   5.5711431e+00   0.0000000e+00   2.7585681e-01   7.2414319e-01
   2.7045125e+00   0.0000000e+00   8.7228096e-02   9.1277190e-01
   3.3380595e+00   0.0000000e+00   1.1105623e-01   8.8894377e-01
   2.8813931e+00   0.0000000e+00   8.4465105e-02   9.1553490e-01
   3.0423899e+00   0.0000000e+00   8.8395565e-02   9.1160443e-01
   2.8442379e+00   0.0000000e+00   9.7842469e-02   9.0215753e-01
   2.6851579e+00   0.0000000e+00   8.8428266e-02   9.1157173e-01
   2.8177703e+00   0.0000000e+00   8.2740528e-02   9.1725947e-01
   3.1405892e+00   0.0000000e+00   1.0164545e-01   8.9835455e-01
   2.9425431e+00   0.0000000e+00   9.8604479e-02   9.0139552e-01
   3.1511184e+00   0.0000000e+00   1.0128546e-01   8.9871454e-01
   2.6929166e+00   0.0000000e+00   7.7232610e-02   9.2276739e-01
   2.7780133e+00   0.0000000e+00   7.3900628e-02   9.2609937e-01
   2.7125778e+00   0.0000000e+00   9.7220694e-02   9.0277931e-01
   2.5874049e+00   0.0000000e+00   8.3334134e-02   9.1666587e-01
   2.9897394e+00   0.0000000e+00   8.3895197e-02   9.1610480e-01
   2.7250170e+00   0.0000000e+00   8.2837693e-02   9.1716231e-01
   2.6386277e+00   0.0000000e+00   7.4026374e-02   9.2597363e-01
   2.8585275e+00   0.0000000e+00   8.5690665e-02   9.1430934e-01
   2.7535068e+00   0.0000000e+00   7.5484767e-02   9.2451523e-01
   2.8841321e+00   0.0000000e+00   7.7254725e-02   9.2274527e-01
   2.7456900e+00   0.0000000e+00   7.7077593e-02   9.2292241e-01
   2.8841967e+00   0.0000000e+00   7.4099188e-02   9.2590081e-01
   2.5426566e+00   0.0000000e+00   8.9929640e-02   9.1007036e-01
   2.9571623e+00   0.0000000e+00   8.1113826e-02   9.1888617e-01
   2.8636125e+00   0.0000000e+00   7.7810475e-02   9.2218953e-01
   2.6623109e+00   0.0000000e+00   8.4385144e-02   9.1561486e-01
   2.8660006e+00   0.0000000e+00   9.5123776e-02   9.0487622e-01
   3.1501676e+00   0.0000000e+00   8.3529817e-02   9.1647018e-01
   3.2364484e+00   0.0000000e+00   1.1000271e-01   8.8999729e-01
   2.7377202e+00   0.0000000e+00   7.0844813e-02   9.2915519e-01
   3.0704156e+00   0.0000000e+00   7.6710786e-02   9.2328921e-01
   3.2096731e+00   0.0000000e+00   9.0414492e-02   9.0958551e-01
   2.7298365e+00   0.0000000e+00   6.6486013e-02   9.3351399e-01
   2.7285459e+00   0.0000000e+00   6.8179909e-02   9.3182009e-01
   2.7280603e+00   0.0000000e+00   6.4557877e-02   9.3544212e-01
   2.9070557e+00   0.0000000e+00   7.0297146e-02   9.2970285e-01
   2.7616310e+00   0.0000000e+00   6.6240488e-02   9.3375951e-01
   2.9090994e+00   0.0000000e+00   8.0101505e-02   9.1989849e-01
   2.8782048e+00   0.0000000e+00   6.9592878e-02   9.3040712e-01
   2.7925048e+00   0.0000000e+00   6.7269389e-02   9.3273061e-01
   2.7983934e+00   0.0000000e+00   6.5067591e-02   9.3493241e-01
   2.6148851e+00   0.0000000e+00   6.7350012e-02   9.3264999e-01
   3.0926084e+00   0.0000000e+00   9.3975997e-02   9.0602400e-01
   3.2573893e+00   0.0000000e+00   8.9597055e-02   9.1040295e-01
   2.9470952e+00   0.0000000e+00   6.6019100e-02   9.3398090e-01
   3.0278360e+00   0.0000000e+00   6.9436553e-02   9.3056345e-01
   2.7766700e+00   0.0000000e+00   7.1416967e-02   9.2858303e-01
   2.7703006e+00   0.0000000e+00   5.8070807e-02   9.4192919e-01
   2.6111394e+00   0.0000000e+00   5.6236126e-02   9.4376387e-01
   3.0113145e+00   0.0000000e+00   6.9297541e-02   9.3070246e-01
   2.8285410e+00   0.0000000e+00   5.9293314e-02   9.4070669e-01
   2.9624121e+00   0.0000000e+00   6.4820462e-02   9.3517954e-01
   3.0468359e+00   0.0000000e+00   6.4373321e-02   9.3562668e-01
   2.7749540e+00   0.0000000e+00   5.8096034e-02   9.4190397e-01
   2.8496271e+00   0.0000000e+00   6.9876650e-02   9.3012335e-01
   2.9870495e+00   0.0000000e+00   6.0439939e-02   9.3956006e-01
   2.5362720e+00   0.0000000e+00   5.3311141e-02   9.4668886e-01
   2.5429859e+00   0.0000000e+00   5.6614787e-02   9.4338521e-01
   2.8751916e+00   0.0000000e+00   5.8891314e-02   9.4110869e-01
   2.5783091e+00   0.0000000e+00   5.3392698e-02   9.4660730e-01
   2.7013172e+00   0.0000000e+00   5.4847720e-02   9.4515228e-01
   2.6520984e+00   0.0000000e+00   5.6838803e-02   9.4316120e-01
   2.8419277e+00   0.0000000e+00   5.4414918e-02   9.4558508e-01
   3.1192557e+00   0.0000000e+00   7.0333442e-02   9.2966656e-01
   2.8859527e+00   0.0000000e+00   5.4793816e-02   9.4520618e-01
   2.7474287e+00   0.0000000e+00   5.2823985e-02   9.4717601e-01
   2.7883584e+00   0.0000000e+00   5.4808995e-02   9.4519100e-01
   2.9356058e+00   0.0000000e+00   5.7723434e-02   9.4227657e-01
   3.4527469e+00   0.0000000e+00   1.0388405e-01   8.9611595e-01
   2.7379319e+00   0.0000000e+00   5.8395851e-02   9.4160415e-01
   2.8849394e+00   0.0000000e+00   6.2270985e-02   9.3772902e-01
   2.5313034e+00   0.0000000e+00   4.8148363e-02   9.5185164e-01
   3.0621148e+00   0.0000000e+00   6.3157704e-02   9.3684230e-01
   3.4183366e+00   0.0000000e+00   1.0218973e-01   8.9781027e-01
   2.9359199e+00   0.0000000e+00   5.4780008e-02   9.4521999e-01
   2.8064464e+00   0.0000000e+00   5.9437842e-02   9.4056216e-01
   2.6501214e+00   0.0000000e+00   4.9453605e-02   9.5054639e-01
   2.4307792e+00   0.0000000e+00   5.1896024e-02   9.4810398e-01
   2.7070691e+00   0.0000000e+00   4.9158464e-02   9.5084154e-01
   2.8049384e+00   0.0000000e+00   4.9349929e-02   9.5065007e-01
   2.9117107e+00   0.0000000e+00   5.4066082e-02   9.4593392e-01
   2.3747858e+00   0.0000000e+00   5.7632846e-02   9.4236715e-01
   2.7052694e+00   0.0000000e+00   4.5705766e-02   9.5429423e-01
   2.8620901e+00   0.0000000e+00   5.2593444e-02   9.4740656e-01
   2.7351271e+00   0.0000000e+00   5.0641101e-02   9.4935890e-01
   3.0384430e+00   0.0000000e+00   5.5780599e-02   9.4421940e-01
   2.6300574e+00   0.0000000e+00   4.4061336e-02   9.5593866e-01
   2.4200689e+00   0.0000000e+00   5.4534918e-02   9.4546508e-01
   3.0498602e+00   0.0000000e+00   5.7860065e-02   9.4213994e-01
   2.8137676e+00   0.0000000e+00   4.6323321e-02   9.5367668e-01
