   1.2788052e+00   0.0000000e+00   9.6488772e-02   9.0351123e-01
   1.2788119e+00   0.0000000e+00   9.6171536e-02   9.0382846e-01
   1.2788130e+00   0.0000000e+00   9.6364976e-02   9.0363502e-01
   1.2788163e+00   0.0000000e+00   9.6166359e-02   9.0383364e-01
   1.2788168e+00   0.0000000e+00   9.6138663e-02   9.0386134e-01
   1.2788209e+00   0.0000000e+00   9.5815609e-02   9.0418439e-01
   1.2788241e+00   0.0000000e+00   9.5962932e-02   9.0403707e-01
   1.2788283e+00   0.0000000e+00   9.6229368e-02   9.0377063e-01
   1.2788303e+00   0.0000000e+00   9.6264623e-02   9.0373538e-01
   1.2788305e+00   0.0000000e+00   9.6049842e-02   9.0395016e-01
   1.2788329e+00   0.0000000e+00   9.6133673e-02   9.0386633e-01
   1.2788333e+00   0.0000000e+00   9.6301183e-02   9.0369882e-01
   1.2788361e+00   0.0000000e+00   9.6653217e-02   9.0334678e-01
   1.2788375e+00   0.0000000e+00   9.5919505e-02   9.0408049e-01
   1.2788389e+00   0.0000000e+00   9.6282667e-02   9.0371733e-01
   1.2788392e+00   0.0000000e+00   9.6715820e-02   9.0328418e-01
   1.2788398e+00   0.0000000e+00   9.6256691e-02   9.0374331e-01
   1.2788402e+00   0.0000000e+00   9.6255588e-02   9.0374441e-01
   1.2788412e+00   0.0000000e+00   9.6203061e-02   9.0379694e-01
   1.2788418e+00   0.0000000e+00   9.6387895e-02   9.0361211e-01
   1.2788435e+00   0.0000000e+00   9.6087310e-02   9.0391269e-01
   1.2788454e+00   0.0000000e+00   9.6144166e-02   9.0385583e-01
   1.2788462e+00   0.0000000e+00   9.6369426e-02   9.0363057e-01
   1.2788466e+00   0.0000000e+00   9.6217606e-02   9.0378239e-01
   1.2788469e+00   0.0000000e+00   9.6257820e-02   9.0374218e-01
   1.2788477e+00   0.0000000e+00   9.6289714e-02   9.0371029e-01
   1.2788503e+00   0.0000000e+00   9.6281886e-02   9.0371811e-01
   1.2788514e+00   0.0000000e+00   9.6295939e-02   9.0370406e-01
   1.2788525e+00   0.0000000e+00   9.5938207e-02   9.0406179e-01
   1.2788533e+00   0.0000000e+00   9.6447523e-02   9.0355248e-01
   1.2788537e+00   0.0000000e+00   9.6480814e-02   9.0351919e-01
   1.2788538e+00   0.0000000e+00   9.6225869e-02   9.0377413e-01
   1.2788542e+00   0.0000000e+00   9.6224648e-02   9.0377535e-01
   1.2788549e+00   0.0000000e+00   9.6414909e-02   9.0358509e-01
   1.2788555e+00   0.0000000e+00   9.5770127e-02   9.0422987e-01
   1.2788565e+00   0.0000000e+00   9.6276553e-02   9.0372345e-01
   1.2788578e+00   0.0000000e+00   9.6378924e-02   9.0362108e-01
   1.2788604e+00   0.0000000e+00   9.6163111e-02   9.0383689e-01
   1.2788624e+00   0.0000000e+00   9.6322261e-02   9.0367774e-01
   1.2788641e+00   0.0000000e+00   9.6429913e-02   9.0357009e-01
   1.2788643e+00   0.0000000e+00   9.6309976e-02   9.0369002e-01
   1.2788646e+00   0.0000000e+00   9.6279083e-02   9.0372092e-01
   1.2788646e+00   0.0000000e+00   9.6336581e-02   9.0366342e-01
   1.2788673e+00   0.0000000e+00   9.6217910e-02   9.0378209e-01
   1.2788686e+00   0.0000000e+00   9.6369813e-02   9.0363019e-01
   1.2788690e+00   0.0000000e+00   9.5894470e-02   9.0410553e-01
   1.2788703e+00   0.0000000e+00   9.6430327e-02   9.0356967e-01
   1.2788719e+00   0.0000000e+00   9.6583358e-02   9.0341664e-01
   1.2788725e+00   0.0000000e+00   9.6258042e-02   9.0374196e-01
   1.2788737e+00   0.0000000e+00   9.6385884e-02   9.0361412e-01
   1.2788746e+00   0.0000000e+00   9.6317685e-02   9.0368232e-01
   1.2788747e+00   0.0000000e+00   9.6738057e-02   9.0326194e-01
   1.2788750e+00   0.0000000e+00   9.6303234e-02   9.0369677e-01
   1.2788750e+00   0.0000000e+00   9.6406157e-02   9.0359384e-01
   1.2788775e+00   0.0000000e+00   9.6209674e-02   9.0379033e-01
   1.2788793e+00   0.0000000e+00   9.6479874e-02   9.0352013e-01
   1.2788795e+00   0.0000000e+00   9.6037069e-02   9.0396293e-01
   1.2788797e+00   0.0000000e+00   9.6716870e-02   9.0328313e-01
   1.2788804e+00   0.0000000e+00   9.6300002e-02   9.0370000e-01
   1.2788815e+00   0.0000000e+00   9.6360005e-02   9.0364000e-01
   1.2788828e+00   0.0000000e+00   9.6312036e-02   9.0368796e-01
   1.2788855e+00   0.0000000e+00   9.6481764e-02   9.0351824e-01
   1.2788888e+00   0.0000000e+00   9.6397669e-02   9.0360233e-01
   1.2788911e+00   0.0000000e+00   9.6399590e-02   9.0360041e-01
   1.2788915e+00   0.0000000e+00   9.6144667e-02   9.0385533e-01
   1.2788918e+00   0.0000000e+00   9.6466323e-02   9.0353368e-01
   1.2788919e+00   0.0000000e+00   9.6459694e-02   9.0354031e-01
   1.2788927e+00   0.0000000e+00   9.6247161e-02   9.0375284e-01
   1.2788983e+00   0.0000000e+00   9.6724937e-02   9.0327506e-01
   1.2789003e+00   0.0000000e+00   9.6081965e-02   9.0391803e-01
   1.2789005e+00   0.0000000e+00   9.6369206e-02   9.0363079e-01
   1.2789030e+00   0.0000000e+00   9.6383755e-02   9.0361625e-01
   1.2789048e+00   0.0000000e+00   9.6321844e-02   9.0367816e-01
   1.2789052e+00   0.0000000e+00   9.6426735e-02   9.0357326e-01
   1.2789068e+00   0.0000000e+00   9.6336626e-02   9.0366337e-01
   1.2789075e+00   0.0000000e+00   9.6502727e-02   9.0349727e-01
   1.2789086e+00   0.0000000e+00   9.6370694e-02   9.0362931e-01
   1.2789098e+00   0.0000000e+00   9.6171726e-02   9.0382827e-01
   1.2789118e+00   0.0000000e+00   9.6582980e-02   9.0341702e-01
   1.2789149e+00   0.0000000e+00   9.6266796e-02   9.0373320e-01
   1.2789169e+00   0.0000000e+00   9.6474237e-02   9.0352576e-01
   1.2789198e+00   0.0000000e+00   9.6384540e-02   9.0361546e-01
   1.2789210e+00   0.0000000e+00   9.6505901e-02   9.0349410e-01
   1.2789247e+00   0.0000000e+00   9.6170234e-02   9.0382977e-01
   1.2789277e+00   0.0000000e+00   9.6629349e-02   9.0337065e-01
   1.2789287e+00   0.0000000e+00   9.6585455e-02   9.0341454e-01
   1.2789330e+00   0.0000000e+00   9.6490028e-02   9.0350997e-01
   1.2789351e+00   0.0000000e+00   9.6414111e-02   9.0358589e-01
   1.2789360e+00   0.0000000e+00   9.6585794e-02   9.0341421e-01
   1.2789407e+00   0.0000000e+00   9.6707981e-02   9.0329202e-01
   1.2789414e+00   0.0000000e+00   9.7115397e-02   9.0288460e-01
   1.2789480e+00   0.0000000e+00   9.6619173e-02   9.0338083e-01
   1.2789482e+00   0.0000000e+00   9.6291059e-02   9.0370894e-01
   1.2789575e+00   0.0000000e+00   9.6226652e-02   9.0377335e-01
   1.2789588e+00   0.0000000e+00   9.6401400e-02   9.0359860e-01
   1.2789595e+00   0.0000000e+00   9.6389680e-02   9.0361032e-01
   1.2789603e+00   0.0000000e+00   9.6359233e-02   9.0364077e-01
   1.2789608e+00   0.0000000e+00   9.6550603e-02   9.0344940e-01
   1.2789614e+00   0.0000000e+00   9.6630681e-02   9.0336932e-01
   1.2789615e+00   0.0000000e+00   9.6275537e-02   9.0372446e-01
   1.2789677e+00   0.0000000e+00   9.6747729e-02   9.0325227e-01
   1.2789719e+00   0.0000000e+00   9.6839082e-02   9.0316092e-01
   1.2789749e+00   0.0000000e+00   9.6084642e-02   9.0391536e-01
   1.2789779e+00   0.0000000e+00   9.6189342e-02   9.0381066e-01
   1.2789864e+00   0.0000000e+00   9.5602493e-02   9.0439751e-01
   1.2789870e+00   0.0000000e+00   9.6522275e-02   9.0347772e-01
   1.2789879e+00   0.0000000e+00   9.5858883e-02   9.0414112e-01
   1.2789892e+00   0.0000000e+00   9.6879478e-02   9.0312052e-01
   1.2789916e+00   0.0000000e+00   9.6517687e-02   9.0348231e-01
   1.2789924e+00   0.0000000e+00   9.5714863e-02   9.0428514e-01
   1.2789946e+00   0.0000000e+00   9.6989110e-02   9.0301089e-01
   1.2789980e+00   0.0000000e+00   9.6851345e-02   9.0314866e-01
   1.2789981e+00   0.0000000e+00   9.6649103e-02   9.0335090e-01
   1.2789994e+00   0.0000000e+00   9.6328309e-02   9.0367169e-01
   1.2790074e+00   0.0000000e+00   9.6348916e-02   9.0365108e-01
   1.2790081e+00   0.0000000e+00   9.6120800e-02   9.0387920e-01
   1.2790092e+00   0.0000000e+00   9.6270893e-02   9.0372911e-01
   1.2790126e+00   0.0000000e+00   9.6464182e-02   9.0353582e-01
   1.2790129e+00   0.0000000e+00   9.6845743e-02   9.0315426e-01
   1.2790148e+00   0.0000000e+00   9.6692858e-02   9.0330714e-01
   1.2790160e+00   0.0000000e+00   9.5898172e-02   9.0410183e-01
   1.2790170e+00   0.0000000e+00   9.7112956e-02   9.0288704e-01
   1.2790193e+00   0.0000000e+00   9.6611686e-02   9.0338831e-01
   1.2790274e+00   0.0000000e+00   9.6936044e-02   9.0306396e-01
   1.2790362e+00   0.0000000e+00   9.6227084e-02   9.0377292e-01
   1.2790414e+00   0.0000000e+00   9.6416224e-02   9.0358378e-01
   1.2790422e+00   0.0000000e+00   9.6759621e-02   9.0324038e-01
   1.2790490e+00   0.0000000e+00   9.6531330e-02   9.0346867e-01
   1.2790561e+00   0.0000000e+00   9.6203125e-02   9.0379687e-01
   1.2790586e+00   0.0000000e+00   9.6544543e-02   9.0345546e-01
   1.2790658e+00   0.0000000e+00   9.6226845e-02   9.0377316e-01
   1.2790665e+00   0.0000000e+00   9.5466659e-02   9.0453334e-01
   1.2790681e+00   0.0000000e+00   9.7368802e-02   9.0263120e-01
   1.2790700e+00   0.0000000e+00   9.7009787e-02   9.0299021e-01
   1.2790741e+00   0.0000000e+00   9.6345925e-02   9.0365408e-01
   1.2790767e+00   0.0000000e+00   9.6018246e-02   9.0398175e-01
   1.2790861e+00   0.0000000e+00   9.6820635e-02   9.0317937e-01
   1.2790884e+00   0.0000000e+00   9.6644209e-02   9.0335579e-01
   1.2790935e+00   0.0000000e+00   9.6938109e-02   9.0306189e-01
   1.2791024e+00   0.0000000e+00   9.7017088e-02   9.0298291e-01
   1.2791183e+00   0.0000000e+00   9.6281664e-02   9.0371834e-01
   1.2791185e+00   0.0000000e+00   9.6355688e-02   9.0364431e-01
   1.2791208e+00   0.0000000e+00   9.6853197e-02   9.0314680e-01
   1.2791212e+00   0.0000000e+00   9.6340155e-02   9.0365985e-01
   1.2791276e+00   0.0000000e+00   9.7179244e-02   9.0282076e-01
   1.2791425e+00   0.0000000e+00   9.6835934e-02   9.0316407e-01
   1.2791428e+00   0.0000000e+00   9.6584738e-02   9.0341526e-01
   1.2791488e+00   0.0000000e+00   9.6859370e-02   9.0314063e-01
   1.2791505e+00   0.0000000e+00   9.6568244e-02   9.0343176e-01
   1.2791524e+00   0.0000000e+00   9.6764873e-02   9.0323513e-01
   1.2791533e+00   0.0000000e+00   9.6346845e-02   9.0365315e-01
   1.2791593e+00   0.0000000e+00   9.6568373e-02   9.0343163e-01
   1.2791602e+00   0.0000000e+00   9.6347514e-02   9.0365249e-01
   1.2791740e+00   0.0000000e+00   9.5138033e-02   9.0486197e-01
   1.2791830e+00   0.0000000e+00   9.6377088e-02   9.0362291e-01
   1.2791984e+00   0.0000000e+00   9.6607726e-02   9.0339227e-01
   1.2791992e+00   0.0000000e+00   9.7440680e-02   9.0255932e-01
   1.2792054e+00   0.0000000e+00   9.5628685e-02   9.0437131e-01
   1.2792102e+00   0.0000000e+00   9.6371749e-02   9.0362825e-01
   1.2792140e+00   0.0000000e+00   9.6652161e-02   9.0334784e-01
   1.2792211e+00   0.0000000e+00   9.6964366e-02   9.0303563e-01
   1.2792221e+00   0.0000000e+00   9.6528554e-02   9.0347145e-01
   1.2792282e+00   0.0000000e+00   9.7130739e-02   9.0286926e-01
   1.2792398e+00   0.0000000e+00   9.6350882e-02   9.0364912e-01
   1.2792466e+00   0.0000000e+00   9.7128072e-02   9.0287193e-01
   1.2792553e+00   0.0000000e+00   9.6948478e-02   9.0305152e-01
   1.2792621e+00   0.0000000e+00   9.6457571e-02   9.0354243e-01
   1.2792683e+00   0.0000000e+00   9.7039841e-02   9.0296016e-01
   1.2792713e+00   0.0000000e+00   9.6868526e-02   9.0313147e-01
   1.2792937e+00   0.0000000e+00   9.7092020e-02   9.0290798e-01
   1.2793029e+00   0.0000000e+00   9.6537399e-02   9.0346260e-01
   1.2793197e+00   0.0000000e+00   9.6817385e-02   9.0318261e-01
   1.2793515e+00   0.0000000e+00   9.6440324e-02   9.0355968e-01
   1.2793605e+00   0.0000000e+00   9.6809207e-02   9.0319079e-01
   1.2793684e+00   0.0000000e+00   9.6474031e-02   9.0352597e-01
   1.2793739e+00   0.0000000e+00   9.6638050e-02   9.0336195e-01
   1.2793775e+00   0.0000000e+00   9.6442652e-02   9.0355735e-01
   1.2793790e+00   0.0000000e+00   9.7012180e-02   9.0298782e-01
   1.2793868e+00   0.0000000e+00   9.7205912e-02   9.0279409e-01
   1.2794120e+00   0.0000000e+00   9.7267258e-02   9.0273274e-01
   1.2794123e+00   0.0000000e+00   9.8307125e-02   9.0169288e-01
   1.2794147e+00   0.0000000e+00   9.7087625e-02   9.0291238e-01
   1.2794238e+00   0.0000000e+00   9.7001010e-02   9.0299899e-01
   1.2794388e+00   0.0000000e+00   9.7186904e-02   9.0281310e-01
   1.2794481e+00   0.0000000e+00   9.7013470e-02   9.0298653e-01
   1.2794502e+00   0.0000000e+00   9.7187992e-02   9.0281201e-01
   1.2794589e+00   0.0000000e+00   9.7166064e-02   9.0283394e-01
   1.2794689e+00   0.0000000e+00   9.7382971e-02   9.0261703e-01
   1.2794723e+00   0.0000000e+00   9.7353033e-02   9.0264697e-01
   1.2795117e+00   0.0000000e+00   9.7935747e-02   9.0206425e-01
   1.2795308e+00   0.0000000e+00   9.6962272e-02   9.0303773e-01
   1.2795384e+00   0.0000000e+00   9.6509295e-02   9.0349070e-01
   1.2795432e+00   0.0000000e+00   9.6374381e-02   9.0362562e-01
   1.2795455e+00   0.0000000e+00   9.7435718e-02   9.0256428e-01
   1.2795708e+00   0.0000000e+00   9.7406749e-02   9.0259325e-01
   1.2795793e+00   0.0000000e+00   9.7344307e-02   9.0265569e-01
   1.2795794e+00   0.0000000e+00   9.6889309e-02   9.0311069e-01
   1.2795853e+00   0.0000000e+00   9.7427944e-02   9.0257206e-01
   1.2795947e+00   0.0000000e+00   9.7273520e-02   9.0272648e-01
   1.2795963e+00   0.0000000e+00   9.7469947e-02   9.0253005e-01
   1.2796007e+00   0.0000000e+00   9.7442624e-02   9.0255738e-01
   1.2796069e+00   0.0000000e+00   9.8170538e-02   9.0182946e-01
   1.2796071e+00   0.0000000e+00   9.7103464e-02   9.0289654e-01
   1.2796103e+00   0.0000000e+00   9.7580628e-02   9.0241937e-01
   1.2796156e+00   0.0000000e+00   9.7123916e-02   9.0287608e-01
   1.2796178e+00   0.0000000e+00   9.7499948e-02   9.0250005e-01
   1.2796183e+00   0.0000000e+00   9.7512407e-02   9.0248759e-01
   1.2796912e+00   0.0000000e+00   9.7526667e-02   9.0247333e-01
   1.2796938e+00   0.0000000e+00   9.7652676e-02   9.0234732e-01
   1.2797093e+00   0.0000000e+00   9.7076144e-02   9.0292386e-01
   1.2797238e+00   0.0000000e+00   9.7370910e-02   9.0262909e-01
   1.2797323e+00   0.0000000e+00   9.7121955e-02   9.0287804e-01
   1.2797361e+00   0.0000000e+00   9.7862075e-02   9.0213792e-01
   1.2797601e+00   0.0000000e+00   9.7557986e-02   9.0244201e-01
   1.2797646e+00   0.0000000e+00   9.7700030e-02   9.0229997e-01
   1.2797689e+00   0.0000000e+00   9.6217475e-02   9.0378253e-01
   1.2797873e+00   0.0000000e+00   9.7657460e-02   9.0234254e-01
   1.2797962e+00   0.0000000e+00   9.6490432e-02   9.0350957e-01
   1.2797996e+00   0.0000000e+00   9.7126668e-02   9.0287333e-01
   1.2798007e+00   0.0000000e+00   9.7607900e-02   9.0239210e-01
   1.2798124e+00   0.0000000e+00   9.7304591e-02   9.0269541e-01
   1.2798150e+00   0.0000000e+00   9.7776373e-02   9.0222363e-01
   1.2798368e+00   0.0000000e+00   9.7062652e-02   9.0293735e-01
   1.2798440e+00   0.0000000e+00   9.7711997e-02   9.0228800e-01
   1.2798447e+00   0.0000000e+00   9.7812667e-02   9.0218733e-01
   1.2798468e+00   0.0000000e+00   9.7898089e-02   9.0210191e-01
   1.2798486e+00   0.0000000e+00   9.7853757e-02   9.0214624e-01
   1.2798516e+00   0.0000000e+00   9.8008807e-02   9.0199119e-01
   1.2798693e+00   0.0000000e+00   9.7948974e-02   9.0205103e-01
   1.2799311e+00   0.0000000e+00   9.7464299e-02   9.0253570e-01
   1.2799384e+00   0.0000000e+00   9.7343562e-02   9.0265644e-01
   1.2799837e+00   0.0000000e+00   9.7843786e-02   9.0215621e-01
   1.2799948e+00   0.0000000e+00   9.7441982e-02   9.0255802e-01
   1.2800082e+00   0.0000000e+00   9.7709627e-02   9.0229037e-01
   1.2800214e+00   0.0000000e+00   9.7834561e-02   9.0216544e-01
   1.2800287e+00   0.0000000e+00   9.7506567e-02   9.0249343e-01
   1.2800516e+00   0.0000000e+00   9.7856407e-02   9.0214359e-01
   1.2800695e+00   0.0000000e+00   9.7809819e-02   9.0219018e-01
   1.2801000e+00   0.0000000e+00   9.8244218e-02   9.0175578e-01
   1.2801171e+00   0.0000000e+00   9.7924825e-02   9.0207517e-01
   1.2801269e+00   0.0000000e+00   9.8098181e-02   9.0190182e-01
   1.2801545e+00   0.0000000e+00   9.7750122e-02   9.0224988e-01
   1.2801737e+00   0.0000000e+00   9.7388399e-02   9.0261160e-01
   1.2801755e+00   0.0000000e+00   9.8159291e-02   9.0184071e-01
   1.2802030e+00   0.0000000e+00   9.7688849e-02   9.0231115e-01
   1.2802066e+00   0.0000000e+00   9.5974587e-02   9.0402541e-01
   1.2802219e+00   0.0000000e+00   9.8318131e-02   9.0168187e-01
   1.2802536e+00   0.0000000e+00   9.6099655e-02   9.0390035e-01
   1.2802738e+00   0.0000000e+00   9.8572186e-02   9.0142781e-01
   1.2802808e+00   0.0000000e+00   9.8592629e-02   9.0140737e-01
   1.2802862e+00   0.0000000e+00   9.6655646e-02   9.0334435e-01
   1.2802963e+00   0.0000000e+00   9.8291525e-02   9.0170848e-01
   1.2803183e+00   0.0000000e+00   9.8235043e-02   9.0176496e-01
   1.2803188e+00   0.0000000e+00   9.5993687e-02   9.0400631e-01
   1.2803454e+00   0.0000000e+00   9.8054063e-02   9.0194594e-01
   1.2803474e+00   0.0000000e+00   9.8468743e-02   9.0153126e-01
   1.2803509e+00   0.0000000e+00   9.8409218e-02   9.0159078e-01
   1.2803735e+00   0.0000000e+00   9.7701617e-02   9.0229838e-01
   1.2803808e+00   0.0000000e+00   9.8257292e-02   9.0174271e-01
   1.2804459e+00   0.0000000e+00   9.7729995e-02   9.0227000e-01
   1.2804553e+00   0.0000000e+00   9.6523677e-02   9.0347632e-01
   1.2804648e+00   0.0000000e+00   9.8481969e-02   9.0151803e-01
   1.2804669e+00   0.0000000e+00   9.8200125e-02   9.0179988e-01
   1.2804691e+00   0.0000000e+00   9.8100320e-02   9.0189968e-01
   1.2804836e+00   0.0000000e+00   9.7710276e-02   9.0228972e-01
   1.2805377e+00   0.0000000e+00   9.7354438e-02   9.0264556e-01
   1.2805662e+00   0.0000000e+00   9.7497654e-02   9.0250235e-01
   1.2805770e+00   0.0000000e+00   9.8455136e-02   9.0154486e-01
   1.2805794e+00   0.0000000e+00   9.7404773e-02   9.0259523e-01
   1.2806229e+00   0.0000000e+00   9.7084602e-02   9.0291540e-01
   1.2806462e+00   0.0000000e+00   9.8753183e-02   9.0124682e-01
   1.2806592e+00   0.0000000e+00   9.8622696e-02   9.0137730e-01
   1.2806748e+00   0.0000000e+00   9.9061190e-02   9.0093881e-01
   1.2807237e+00   0.0000000e+00   9.7232266e-02   9.0276773e-01
   1.2807845e+00   0.0000000e+00   9.7131124e-02   9.0286888e-01
   1.2807861e+00   0.0000000e+00   9.7341705e-02   9.0265829e-01
   1.2808186e+00   0.0000000e+00   9.8792310e-02   9.0120769e-01
   1.2808232e+00   0.0000000e+00   9.8102105e-02   9.0189789e-01
   1.2808306e+00   0.0000000e+00   9.8864502e-02   9.0113550e-01
   1.2808782e+00   0.0000000e+00   9.8418423e-02   9.0158158e-01
   1.2809406e+00   0.0000000e+00   9.7281762e-02   9.0271824e-01
   1.2809454e+00   0.0000000e+00   9.8527083e-02   9.0147292e-01
   1.2810068e+00   0.0000000e+00   9.8780983e-02   9.0121902e-01
   1.2810253e+00   0.0000000e+00   9.9011125e-02   9.0098888e-01
   1.2810676e+00   0.0000000e+00   9.8548890e-02   9.0145111e-01
   1.2811298e+00   0.0000000e+00   9.8348079e-02   9.0165192e-01
   1.2811951e+00   0.0000000e+00   9.6250327e-02   9.0374967e-01
   1.2812178e+00   0.0000000e+00   9.7579882e-02   9.0242012e-01
   1.2813898e+00   0.0000000e+00   9.9816382e-02   9.0018362e-01
   1.2814003e+00   0.0000000e+00   1.0009105e-01   8.9990895e-01
   1.2814411e+00   0.0000000e+00   9.7488470e-02   9.0251153e-01
   1.2815125e+00   0.0000000e+00   9.8917873e-02   9.0108213e-01
   1.2815545e+00   0.0000000e+00   9.8039393e-02   9.0196061e-01
   1.2816363e+00   0.0000000e+00   9.9729024e-02   9.0027098e-01
   1.2816635e+00   0.0000000e+00   9.8630185e-02   9.0136981e-01
   1.2816636e+00   0.0000000e+00   9.8325128e-02   9.0167487e-01
   1.2816813e+00   0.0000000e+00   9.8427863e-02   9.0157214e-01
   1.2817356e+00   0.0000000e+00   9.8465981e-02   9.0153402e-01
   1.2817615e+00   0.0000000e+00   9.7650821e-02   9.0234918e-01
   1.2817745e+00   0.0000000e+00   9.8904614e-02   9.0109539e-01
   1.2818422e+00   0.0000000e+00   9.9503192e-02   9.0049681e-01
   1.2818443e+00   0.0000000e+00   9.8504775e-02   9.0149522e-01
   1.2818519e+00   0.0000000e+00   9.8944492e-02   9.0105551e-01
   1.2818593e+00   0.0000000e+00   9.8670486e-02   9.0132951e-01
   1.2818598e+00   0.0000000e+00   9.8907134e-02   9.0109287e-01
   1.2818695e+00   0.0000000e+00   9.8607364e-02   9.0139264e-01
   1.2818850e+00   0.0000000e+00   9.9096857e-02   9.0090314e-01
   1.2819417e+00   0.0000000e+00   9.9862936e-02   9.0013706e-01
   1.2820139e+00   0.0000000e+00   9.8835010e-02   9.0116499e-01
   1.2820410e+00   0.0000000e+00   9.9686994e-02   9.0031301e-01
   1.2820443e+00   0.0000000e+00   9.7536276e-02   9.0246372e-01
   1.2821006e+00   0.0000000e+00   9.8383160e-02   9.0161684e-01
   1.2821131e+00   0.0000000e+00   9.9051207e-02   9.0094879e-01
   1.2821336e+00   0.0000000e+00   9.9117450e-02   9.0088255e-01
   1.2821861e+00   0.0000000e+00   9.9238396e-02   9.0076160e-01
   1.2822038e+00   0.0000000e+00   9.8902598e-02   9.0109740e-01
   1.2822150e+00   0.0000000e+00   9.8907615e-02   9.0109238e-01
   1.2822377e+00   0.0000000e+00   9.8675549e-02   9.0132445e-01
   1.2822480e+00   0.0000000e+00   9.8984153e-02   9.0101585e-01
   1.2822505e+00   0.0000000e+00   1.0091911e-01   8.9908089e-01
   1.2822949e+00   0.0000000e+00   9.9189782e-02   9.0081022e-01
   1.2823084e+00   0.0000000e+00   9.9078731e-02   9.0092127e-01
   1.2823360e+00   0.0000000e+00   9.8686317e-02   9.0131368e-01
   1.2823574e+00   0.0000000e+00   9.9035148e-02   9.0096485e-01
   1.2823791e+00   0.0000000e+00   9.9349824e-02   9.0065018e-01
   1.2824958e+00   0.0000000e+00   9.9200907e-02   9.0079909e-01
   1.2825756e+00   0.0000000e+00   9.8720635e-02   9.0127936e-01
   1.2825845e+00   0.0000000e+00   9.8903328e-02   9.0109667e-01
   1.2826289e+00   0.0000000e+00   1.0067783e-01   8.9932217e-01
   1.2826543e+00   0.0000000e+00   9.9336295e-02   9.0066370e-01
   1.2827520e+00   0.0000000e+00   9.8895838e-02   9.0110416e-01
   1.2827818e+00   0.0000000e+00   9.6613418e-02   9.0338658e-01
   1.2827820e+00   0.0000000e+00   9.9426050e-02   9.0057395e-01
   1.2828888e+00   0.0000000e+00   9.9279373e-02   9.0072063e-01
   1.2829570e+00   0.0000000e+00   1.0000990e-01   8.9999010e-01
   1.2831929e+00   0.0000000e+00   9.9825442e-02   9.0017456e-01
   1.2834748e+00   0.0000000e+00   9.9059843e-02   9.0094016e-01
   1.2837991e+00   0.0000000e+00   1.0015145e-01   8.9984855e-01
   1.2844151e+00   0.0000000e+00   1.0030842e-01   8.9969158e-01
   1.2848608e+00   0.0000000e+00   9.9533345e-02   9.0046665e-01
   1.2849415e+00   0.0000000e+00   9.8140269e-02   9.0185973e-01
   1.2851168e+00   0.0000000e+00   9.9652575e-02   9.0034742e-01
   1.2851224e+00   0.0000000e+00   9.8522339e-02   9.0147766e-01
   1.2851432e+00   0.0000000e+00   9.9461468e-02   9.0053853e-01
   1.2852766e+00   0.0000000e+00   1.0105841e-01   8.9894159e-01
   1.2853262e+00   0.0000000e+00   9.9870524e-02   9.0012948e-01
   1.2853892e+00   0.0000000e+00   9.9231119e-02   9.0076888e-01
   1.2855455e+00   0.0000000e+00   9.9590417e-02   9.0040958e-01
   1.2856667e+00   0.0000000e+00   9.6568957e-02   9.0343104e-01
   1.2856695e+00   0.0000000e+00   9.9553050e-02   9.0044695e-01
   1.2856957e+00   0.0000000e+00   9.9517552e-02   9.0048245e-01
   1.2857314e+00   0.0000000e+00   9.9257373e-02   9.0074263e-01
   1.2857668e+00   0.0000000e+00   1.0011666e-01   8.9988334e-01
   1.2858444e+00   0.0000000e+00   9.9667365e-02   9.0033264e-01
   1.2858587e+00   0.0000000e+00   9.9575263e-02   9.0042474e-01
   1.2858721e+00   0.0000000e+00   9.9776595e-02   9.0022340e-01
   1.2859069e+00   0.0000000e+00   9.9578615e-02   9.0042138e-01
   1.2859213e+00   0.0000000e+00   9.9663934e-02   9.0033607e-01
   1.2859219e+00   0.0000000e+00   9.8371524e-02   9.0162848e-01
   1.2859673e+00   0.0000000e+00   1.0019630e-01   8.9980370e-01
   1.2859722e+00   0.0000000e+00   9.9633413e-02   9.0036659e-01
   1.2860450e+00   0.0000000e+00   9.9162170e-02   9.0083783e-01
   1.2860542e+00   0.0000000e+00   1.0134737e-01   8.9865263e-01
   1.2860897e+00   0.0000000e+00   9.9677785e-02   9.0032222e-01
   1.2860965e+00   0.0000000e+00   9.9661647e-02   9.0033835e-01
   1.2861431e+00   0.0000000e+00   9.9826989e-02   9.0017301e-01
   1.2862014e+00   0.0000000e+00   9.9877271e-02   9.0012273e-01
   1.2862743e+00   0.0000000e+00   9.9393596e-02   9.0060640e-01
   1.2863002e+00   0.0000000e+00   9.9985060e-02   9.0001494e-01
   1.2863112e+00   0.0000000e+00   9.9714160e-02   9.0028584e-01
   1.2863415e+00   0.0000000e+00   9.9907449e-02   9.0009255e-01
   1.2864302e+00   0.0000000e+00   9.9908539e-02   9.0009146e-01
   1.2864392e+00   0.0000000e+00   1.0024596e-01   8.9975404e-01
   1.2864968e+00   0.0000000e+00   1.0011885e-01   8.9988115e-01
   1.2865202e+00   0.0000000e+00   1.0040202e-01   8.9959798e-01
   1.2866083e+00   0.0000000e+00   1.0016953e-01   8.9983047e-01
   1.2866282e+00   0.0000000e+00   1.0111939e-01   8.9888061e-01
   1.2866605e+00   0.0000000e+00   1.0062027e-01   8.9937973e-01
   1.2867829e+00   0.0000000e+00   1.0037841e-01   8.9962159e-01
   1.2868034e+00   0.0000000e+00   1.0008028e-01   8.9991972e-01
   1.2868667e+00   0.0000000e+00   1.0021448e-01   8.9978552e-01
   1.2869152e+00   0.0000000e+00   1.0003115e-01   8.9996885e-01
   1.2869426e+00   0.0000000e+00   9.9225658e-02   9.0077434e-01
   1.2869933e+00   0.0000000e+00   9.9000360e-02   9.0099964e-01
   1.2870102e+00   0.0000000e+00   1.0042602e-01   8.9957398e-01
   1.2870249e+00   0.0000000e+00   1.0058641e-01   8.9941359e-01
   1.2870323e+00   0.0000000e+00   1.0025446e-01   8.9974554e-01
   1.2871173e+00   0.0000000e+00   1.0026345e-01   8.9973655e-01
   1.2871213e+00   0.0000000e+00   1.0258606e-01   8.9741394e-01
   1.2871230e+00   0.0000000e+00   1.0014311e-01   8.9985689e-01
   1.2872327e+00   0.0000000e+00   1.0062390e-01   8.9937610e-01
   1.2872397e+00   0.0000000e+00   1.0106387e-01   8.9893613e-01
   1.2872841e+00   0.0000000e+00   9.9256707e-02   9.0074329e-01
   1.2875658e+00   0.0000000e+00   1.0047216e-01   8.9952784e-01
   1.2875687e+00   0.0000000e+00   1.0100932e-01   8.9899068e-01
   1.2876022e+00   0.0000000e+00   1.0089898e-01   8.9910102e-01
   1.2876060e+00   0.0000000e+00   1.0084233e-01   8.9915767e-01
   1.2876358e+00   0.0000000e+00   1.0082505e-01   8.9917495e-01
   1.2878140e+00   0.0000000e+00   1.0094649e-01   8.9905351e-01
   1.2878746e+00   0.0000000e+00   1.0069745e-01   8.9930255e-01
   1.2880837e+00   0.0000000e+00   1.0110776e-01   8.9889224e-01
   1.2881397e+00   0.0000000e+00   1.0068832e-01   8.9931168e-01
   1.2881420e+00   0.0000000e+00   1.0180944e-01   8.9819056e-01
   1.2882403e+00   0.0000000e+00   1.0201147e-01   8.9798853e-01
   1.2882462e+00   0.0000000e+00   1.0126826e-01   8.9873174e-01
   1.2882955e+00   0.0000000e+00   1.0090782e-01   8.9909218e-01
   1.2884405e+00   0.0000000e+00   1.0262483e-01   8.9737517e-01
   1.2884616e+00   0.0000000e+00   1.0124688e-01   8.9875312e-01
   1.2884675e+00   0.0000000e+00   1.0128265e-01   8.9871735e-01
   1.2886432e+00   0.0000000e+00   1.0169204e-01   8.9830796e-01
   1.2886901e+00   0.0000000e+00   1.0189818e-01   8.9810182e-01
   1.2887590e+00   0.0000000e+00   1.0127914e-01   8.9872086e-01
   1.2888011e+00   0.0000000e+00   9.9999437e-02   9.0000056e-01
   1.2888246e+00   0.0000000e+00   9.8866922e-02   9.0113308e-01
   1.2888525e+00   0.0000000e+00   1.0192114e-01   8.9807886e-01
   1.2888802e+00   0.0000000e+00   1.0268819e-01   8.9731181e-01
   1.2889062e+00   0.0000000e+00   1.0158138e-01   8.9841862e-01
   1.2889668e+00   0.0000000e+00   1.0104525e-01   8.9895475e-01
   1.2889912e+00   0.0000000e+00   1.0104549e-01   8.9895451e-01
   1.2890175e+00   0.0000000e+00   1.0092568e-01   8.9907432e-01
   1.2890742e+00   0.0000000e+00   1.0098833e-01   8.9901167e-01
   1.2892335e+00   0.0000000e+00   1.0202003e-01   8.9797997e-01
   1.2892888e+00   0.0000000e+00   1.0173247e-01   8.9826753e-01
   1.2893884e+00   0.0000000e+00   1.0215140e-01   8.9784860e-01
   1.2894435e+00   0.0000000e+00   1.0184083e-01   8.9815917e-01
   1.2895397e+00   0.0000000e+00   1.0147898e-01   8.9852102e-01
   1.2896328e+00   0.0000000e+00   1.0096406e-01   8.9903594e-01
   1.2896746e+00   0.0000000e+00   1.0185100e-01   8.9814900e-01
   1.2897077e+00   0.0000000e+00   1.0315885e-01   8.9684115e-01
   1.2897543e+00   0.0000000e+00   1.0172045e-01   8.9827955e-01
   1.2897602e+00   0.0000000e+00   1.0273339e-01   8.9726661e-01
   1.2901093e+00   0.0000000e+00   1.0195908e-01   8.9804092e-01
   1.2901391e+00   0.0000000e+00   1.0306374e-01   8.9693626e-01
   1.2902750e+00   0.0000000e+00   1.0057987e-01   8.9942013e-01
   1.2904709e+00   0.0000000e+00   1.0422597e-01   8.9577403e-01
   1.2905988e+00   0.0000000e+00   1.0070821e-01   8.9929179e-01
   1.2906087e+00   0.0000000e+00   1.0252339e-01   8.9747661e-01
   1.2907532e+00   0.0000000e+00   1.0282556e-01   8.9717444e-01
   1.2910038e+00   0.0000000e+00   1.0208689e-01   8.9791311e-01
   1.2911045e+00   0.0000000e+00   1.0159737e-01   8.9840263e-01
   1.2911942e+00   0.0000000e+00   1.0591156e-01   8.9408844e-01
   1.2912085e+00   0.0000000e+00   1.0223995e-01   8.9776005e-01
   1.2914083e+00   0.0000000e+00   1.0503183e-01   8.9496817e-01
   1.2916764e+00   0.0000000e+00   1.0069241e-01   8.9930759e-01
   1.2918177e+00   0.0000000e+00   1.0003709e-01   8.9996291e-01
   1.2918424e+00   0.0000000e+00   1.0261185e-01   8.9738815e-01
   1.2921218e+00   0.0000000e+00   1.0434013e-01   8.9565987e-01
   1.2921418e+00   0.0000000e+00   1.0241002e-01   8.9758998e-01
   1.2925990e+00   0.0000000e+00   1.0444673e-01   8.9555327e-01
   1.2927697e+00   0.0000000e+00   1.0305195e-01   8.9694805e-01
   1.2928598e+00   0.0000000e+00   1.0073452e-01   8.9926548e-01
   1.2931550e+00   0.0000000e+00   1.0272034e-01   8.9727966e-01
   1.2932886e+00   0.0000000e+00   1.0291719e-01   8.9708281e-01
   1.2932948e+00   0.0000000e+00   1.0695876e-01   8.9304124e-01
   1.2933895e+00   0.0000000e+00   1.0156130e-01   8.9843870e-01
   1.2936321e+00   0.0000000e+00   1.0517735e-01   8.9482265e-01
   1.2939260e+00   0.0000000e+00   1.0320829e-01   8.9679171e-01
   1.2940555e+00   0.0000000e+00   1.0428278e-01   8.9571722e-01
   1.2941323e+00   0.0000000e+00   1.0435233e-01   8.9564767e-01
   1.2942737e+00   0.0000000e+00   1.0137774e-01   8.9862226e-01
   1.2945739e+00   0.0000000e+00   1.0394088e-01   8.9605912e-01
   1.2945742e+00   0.0000000e+00   1.0516976e-01   8.9483024e-01
   1.2948168e+00   0.0000000e+00   9.9868802e-02   9.0013120e-01
   1.2948970e+00   0.0000000e+00   1.0276455e-01   8.9723545e-01
   1.2949314e+00   0.0000000e+00   1.0280137e-01   8.9719863e-01
   1.2951673e+00   0.0000000e+00   9.7884010e-02   9.0211599e-01
   1.2953917e+00   0.0000000e+00   1.0233006e-01   8.9766994e-01
   1.2954107e+00   0.0000000e+00   1.0335975e-01   8.9664025e-01
   1.2954944e+00   0.0000000e+00   1.0365206e-01   8.9634794e-01
   1.2955505e+00   0.0000000e+00   1.0366733e-01   8.9633267e-01
   1.2956358e+00   0.0000000e+00   1.0458104e-01   8.9541896e-01
   1.2958183e+00   0.0000000e+00   1.0641475e-01   8.9358525e-01
   1.2968259e+00   0.0000000e+00   1.1056689e-01   8.8943311e-01
   1.2973823e+00   0.0000000e+00   1.0386109e-01   8.9613891e-01
   1.2974918e+00   0.0000000e+00   1.0008420e-01   8.9991580e-01
   1.2977580e+00   0.0000000e+00   1.0439417e-01   8.9560583e-01
   1.2980348e+00   0.0000000e+00   1.0404744e-01   8.9595256e-01
   1.2981376e+00   0.0000000e+00   1.0413499e-01   8.9586501e-01
   1.2983218e+00   0.0000000e+00   1.0737679e-01   8.9262321e-01
   1.2984582e+00   0.0000000e+00   1.0439334e-01   8.9560666e-01
   1.2984843e+00   0.0000000e+00   1.0424772e-01   8.9575228e-01
   1.2986498e+00   0.0000000e+00   1.0477675e-01   8.9522325e-01
   1.2986934e+00   0.0000000e+00   1.0934516e-01   8.9065484e-01
   1.2987416e+00   0.0000000e+00   1.0681274e-01   8.9318726e-01
   1.2992567e+00   0.0000000e+00   1.0316867e-01   8.9683133e-01
   1.2994515e+00   0.0000000e+00   1.0559991e-01   8.9440009e-01
   1.2995049e+00   0.0000000e+00   1.0814165e-01   8.9185835e-01
   1.2996660e+00   0.0000000e+00   1.0300441e-01   8.9699559e-01
   1.2998974e+00   0.0000000e+00   9.7984840e-02   9.0201516e-01
   1.3002703e+00   0.0000000e+00   1.0659101e-01   8.9340899e-01
   1.3005388e+00   0.0000000e+00   1.0377564e-01   8.9622436e-01
   1.3007217e+00   0.0000000e+00   1.0335154e-01   8.9664846e-01
   1.3008476e+00   0.0000000e+00   1.0961992e-01   8.9038008e-01
   1.3008490e+00   0.0000000e+00   1.0460211e-01   8.9539789e-01
   1.3008537e+00   0.0000000e+00   1.0353884e-01   8.9646116e-01
   1.3012020e+00   0.0000000e+00   1.0301933e-01   8.9698067e-01
   1.3014791e+00   0.0000000e+00   1.0446487e-01   8.9553513e-01
   1.3019158e+00   0.0000000e+00   1.0624899e-01   8.9375101e-01
   1.3019773e+00   0.0000000e+00   1.0447545e-01   8.9552455e-01
   1.3021001e+00   0.0000000e+00   1.0512753e-01   8.9487247e-01
   1.3023819e+00   0.0000000e+00   1.0378789e-01   8.9621211e-01
   1.3024730e+00   0.0000000e+00   1.0505550e-01   8.9494450e-01
   1.3024957e+00   0.0000000e+00   1.0150189e-01   8.9849811e-01
   1.3027255e+00   0.0000000e+00   1.0249164e-01   8.9750836e-01
   1.3029984e+00   0.0000000e+00   1.0671926e-01   8.9328074e-01
   1.3033054e+00   0.0000000e+00   1.1181954e-01   8.8818046e-01
   1.3034505e+00   0.0000000e+00   1.0450665e-01   8.9549335e-01
   1.3034861e+00   0.0000000e+00   1.0440690e-01   8.9559310e-01
   1.3035317e+00   0.0000000e+00   9.4953676e-02   9.0504632e-01
   1.3035332e+00   0.0000000e+00   1.0223713e-01   8.9776287e-01
   1.3037488e+00   0.0000000e+00   1.0925228e-01   8.9074772e-01
   1.3044675e+00   0.0000000e+00   1.0595236e-01   8.9404764e-01
   1.3044851e+00   0.0000000e+00   9.7145843e-02   9.0285416e-01
   1.3045801e+00   0.0000000e+00   9.1280658e-02   9.0871934e-01
   1.3047330e+00   0.0000000e+00   1.1779373e-01   8.8220627e-01
   1.3048699e+00   0.0000000e+00   1.0462834e-01   8.9537166e-01
   1.3050058e+00   0.0000000e+00   1.0310845e-01   8.9689155e-01
   1.3051307e+00   0.0000000e+00   1.1510803e-01   8.8489197e-01
   1.3053801e+00   0.0000000e+00   1.0446070e-01   8.9553930e-01
   1.3054154e+00   0.0000000e+00   9.7857378e-02   9.0214262e-01
   1.3054579e+00   0.0000000e+00   9.2601125e-02   9.0739888e-01
   1.3055963e+00   0.0000000e+00   1.0357453e-01   8.9642547e-01
   1.3057274e+00   0.0000000e+00   1.0503647e-01   8.9496353e-01
   1.3059173e+00   0.0000000e+00   1.0789218e-01   8.9210782e-01
   1.3061908e+00   0.0000000e+00   1.0259954e-01   8.9740046e-01
   1.3065162e+00   0.0000000e+00   1.0545713e-01   8.9454287e-01
   1.3066619e+00   0.0000000e+00   1.0509621e-01   8.9490379e-01
   1.3070738e+00   0.0000000e+00   1.0152291e-01   8.9847709e-01
   1.3082201e+00   0.0000000e+00   1.0889786e-01   8.9110214e-01
   1.3082666e+00   0.0000000e+00   9.8048611e-02   9.0195139e-01
   1.3084830e+00   0.0000000e+00   1.0648781e-01   8.9351219e-01
   1.3090236e+00   0.0000000e+00   1.0608483e-01   8.9391517e-01
   1.3090615e+00   0.0000000e+00   1.0559379e-01   8.9440621e-01
   1.3093366e+00   0.0000000e+00   1.0744424e-01   8.9255576e-01
   1.3095377e+00   0.0000000e+00   1.1150691e-01   8.8849309e-01
   1.3096633e+00   0.0000000e+00   1.0616322e-01   8.9383678e-01
   1.3101564e+00   0.0000000e+00   1.1450959e-01   8.8549041e-01
   1.3108186e+00   0.0000000e+00   1.0547310e-01   8.9452690e-01
   1.3113945e+00   0.0000000e+00   1.0363249e-01   8.9636751e-01
   1.3114324e+00   0.0000000e+00   1.0432858e-01   8.9567142e-01
   1.3116467e+00   0.0000000e+00   1.1622458e-01   8.8377542e-01
   1.3116481e+00   0.0000000e+00   1.0395462e-01   8.9604538e-01
   1.3120985e+00   0.0000000e+00   1.0512875e-01   8.9487125e-01
   1.3128487e+00   0.0000000e+00   1.0457384e-01   8.9542616e-01
   1.3129893e+00   0.0000000e+00   1.0072920e-01   8.9927080e-01
   1.3131386e+00   0.0000000e+00   1.1368518e-01   8.8631482e-01
   1.3133292e+00   0.0000000e+00   9.9829768e-02   9.0017023e-01
   1.3134692e+00   0.0000000e+00   1.0417032e-01   8.9582968e-01
   1.3139983e+00   0.0000000e+00   1.0010619e-01   8.9989381e-01
   1.3145739e+00   0.0000000e+00   1.0794255e-01   8.9205745e-01
   1.3146820e+00   0.0000000e+00   1.0461997e-01   8.9538003e-01
   1.3146860e+00   0.0000000e+00   1.0784903e-01   8.9215097e-01
   1.3148110e+00   0.0000000e+00   1.0611032e-01   8.9388968e-01
   1.3157131e+00   0.0000000e+00   1.1066894e-01   8.8933106e-01
   1.3157529e+00   0.0000000e+00   1.0418756e-01   8.9581244e-01
   1.3158377e+00   0.0000000e+00   1.0402234e-01   8.9597766e-01
   1.3161713e+00   0.0000000e+00   1.0575188e-01   8.9424812e-01
   1.3162620e+00   0.0000000e+00   1.0280159e-01   8.9719841e-01
   1.3162734e+00   0.0000000e+00   1.0640889e-01   8.9359111e-01
   1.3181248e+00   0.0000000e+00   9.6583673e-02   9.0341633e-01
   1.3182340e+00   0.0000000e+00   1.0226646e-01   8.9773354e-01
   1.3184124e+00   0.0000000e+00   1.1216841e-01   8.8783159e-01
   1.3184591e+00   0.0000000e+00   1.0525992e-01   8.9474008e-01
   1.3184775e+00   0.0000000e+00   1.2218839e-01   8.7781161e-01
   1.3186242e+00   0.0000000e+00   1.0569768e-01   8.9430232e-01
   1.3203721e+00   0.0000000e+00   9.4016152e-02   9.0598385e-01
   1.3207979e+00   0.0000000e+00   1.0547783e-01   8.9452217e-01
   1.3211284e+00   0.0000000e+00   1.1045597e-01   8.8954403e-01
   1.3212717e+00   0.0000000e+00   1.0895850e-01   8.9104150e-01
   1.3219196e+00   0.0000000e+00   1.1356328e-01   8.8643672e-01
   1.3221660e+00   0.0000000e+00   1.0497819e-01   8.9502181e-01
   1.3227763e+00   0.0000000e+00   1.0705276e-01   8.9294724e-01
   1.3229066e+00   0.0000000e+00   1.0478579e-01   8.9521421e-01
   1.3232261e+00   0.0000000e+00   1.0346566e-01   8.9653434e-01
   1.3234817e+00   0.0000000e+00   1.0291754e-01   8.9708246e-01
   1.3246040e+00   0.0000000e+00   1.0919725e-01   8.9080275e-01
   1.3246912e+00   0.0000000e+00   1.0461184e-01   8.9538816e-01
   1.3249299e+00   0.0000000e+00   1.0325670e-01   8.9674330e-01
   1.3254563e+00   0.0000000e+00   1.1171733e-01   8.8828267e-01
   1.3256907e+00   0.0000000e+00   1.0932756e-01   8.9067244e-01
   1.3262350e+00   0.0000000e+00   1.0451481e-01   8.9548519e-01
   1.3265253e+00   0.0000000e+00   1.0549444e-01   8.9450556e-01
   1.3265715e+00   0.0000000e+00   9.3981922e-02   9.0601808e-01
   1.3272386e+00   0.0000000e+00   1.0112310e-01   8.9887690e-01
   1.3272761e+00   0.0000000e+00   9.0997027e-02   9.0900297e-01
   1.3273419e+00   0.0000000e+00   1.0558949e-01   8.9441051e-01
   1.3278449e+00   0.0000000e+00   1.0843654e-01   8.9156346e-01
   1.3286980e+00   0.0000000e+00   1.0533812e-01   8.9466188e-01
   1.3296146e+00   0.0000000e+00   1.1856081e-01   8.8143919e-01
   1.3301754e+00   0.0000000e+00   1.1510514e-01   8.8489486e-01
   1.3304667e+00   0.0000000e+00   9.9338361e-02   9.0066164e-01
   1.3313768e+00   0.0000000e+00   1.1899339e-01   8.8100661e-01
   1.3341267e+00   0.0000000e+00   1.1408375e-01   8.8591625e-01
   1.3363466e+00   0.0000000e+00   1.0669171e-01   8.9330829e-01
   1.3365333e+00   0.0000000e+00   1.0879017e-01   8.9120983e-01
   1.3374193e+00   0.0000000e+00   1.0579272e-01   8.9420728e-01
   1.3374414e+00   0.0000000e+00   9.8098395e-02   9.0190161e-01
   1.3376944e+00   0.0000000e+00   9.9110043e-02   9.0088996e-01
   1.3390837e+00   0.0000000e+00   1.0927603e-01   8.9072397e-01
   1.3392015e+00   0.0000000e+00   1.0971415e-01   8.9028585e-01
   1.3393230e+00   0.0000000e+00   1.0751342e-01   8.9248658e-01
   1.3399558e+00   0.0000000e+00   1.1148070e-01   8.8851930e-01
   1.3401847e+00   0.0000000e+00   1.0345821e-01   8.9654179e-01
   1.3402516e+00   0.0000000e+00   1.0147741e-01   8.9852259e-01
   1.3402851e+00   0.0000000e+00   1.1777867e-01   8.8222133e-01
   1.3416952e+00   0.0000000e+00   1.1063989e-01   8.8936011e-01
   1.3418554e+00   0.0000000e+00   1.0386122e-01   8.9613878e-01
   1.3442655e+00   0.0000000e+00   7.6051430e-02   9.2394857e-01
   1.3446358e+00   0.0000000e+00   1.0234717e-01   8.9765283e-01
   1.3448036e+00   0.0000000e+00   9.5853435e-02   9.0414657e-01
   1.3448166e+00   0.0000000e+00   1.0156017e-01   8.9843983e-01
   1.3463224e+00   0.0000000e+00   1.0248066e-01   8.9751934e-01
   1.3472158e+00   0.0000000e+00   9.6850309e-02   9.0314969e-01
   1.3477058e+00   0.0000000e+00   1.0803129e-01   8.9196871e-01
   1.3479351e+00   0.0000000e+00   1.0440054e-01   8.9559946e-01
