   4.5304708e-01   0.0000000e+00   2.0908726e-01   7.9091274e-01
   4.5297086e-01   0.0000000e+00   2.1168207e-01   7.8831793e-01
   4.5289617e-01   0.0000000e+00   2.1229339e-01   7.8770661e-01
   4.5306387e-01   0.0000000e+00   2.0879491e-01   7.9120509e-01
   4.5283867e-01   0.0000000e+00   2.1063269e-01   7.8936731e-01
   4.5318321e-01   0.0000000e+00   2.1136808e-01   7.8863192e-01
   4.5320087e-01   0.0000000e+00   2.0900053e-01   7.9099947e-01
   4.5307258e-01   0.0000000e+00   2.0979539e-01   7.9020461e-01
   4.5310790e-01   0.0000000e+00   2.0911184e-01   7.9088816e-01
   4.5308422e-01   0.0000000e+00   2.0915937e-01   7.9084063e-01
   4.5275447e-01   0.0000000e+00   2.0994591e-01   7.9005409e-01
   4.5306811e-01   0.0000000e+00   2.1126244e-01   7.8873756e-01
   4.5358450e-01   0.0000000e+00   2.0873474e-01   7.9126526e-01
   4.5304016e-01   0.0000000e+00   2.1056235e-01   7.8943765e-01
   4.5353356e-01   0.0000000e+00   2.0895102e-01   7.9104898e-01
   4.5330906e-01   0.0000000e+00   2.0922897e-01   7.9077103e-01
   4.5297082e-01   0.0000000e+00   2.1080928e-01   7.8919072e-01
   4.5396357e-01   0.0000000e+00   2.1066837e-01   7.8933163e-01
   4.5379094e-01   0.0000000e+00   2.0704669e-01   7.9295331e-01
   4.5314987e-01   0.0000000e+00   2.0974191e-01   7.9025809e-01
   4.5350386e-01   0.0000000e+00   2.0957084e-01   7.9042916e-01
   4.5305280e-01   0.0000000e+00   2.0991241e-01   7.9008759e-01
   4.5329289e-01   0.0000000e+00   2.1024685e-01   7.8975315e-01
   4.5322795e-01   0.0000000e+00   2.0983864e-01   7.9016136e-01
   4.5228729e-01   0.0000000e+00   2.1516423e-01   7.8483577e-01
   4.5325955e-01   0.0000000e+00   2.1035118e-01   7.8964882e-01
   4.5385644e-01   0.0000000e+00   2.0879716e-01   7.9120284e-01
   4.5291187e-01   0.0000000e+00   2.1049880e-01   7.8950120e-01
   4.5294861e-01   0.0000000e+00   2.1265345e-01   7.8734655e-01
   4.5312378e-01   0.0000000e+00   2.1060303e-01   7.8939697e-01
   4.5329815e-01   0.0000000e+00   2.0939584e-01   7.9060416e-01
   4.5299218e-01   0.0000000e+00   2.0847518e-01   7.9152482e-01
   4.5290744e-01   0.0000000e+00   2.1062349e-01   7.8937651e-01
   4.5268083e-01   0.0000000e+00   2.1150776e-01   7.8849224e-01
   4.5328805e-01   0.0000000e+00   2.0973906e-01   7.9026094e-01
   4.5369686e-01   0.0000000e+00   2.1012327e-01   7.8987673e-01
   4.5372896e-01   0.0000000e+00   2.0737140e-01   7.9262860e-01
   4.5322328e-01   0.0000000e+00   2.0852477e-01   7.9147523e-01
   4.5305225e-01   0.0000000e+00   2.1037116e-01   7.8962884e-01
   4.5310181e-01   0.0000000e+00   2.0985033e-01   7.9014967e-01
   4.5338542e-01   0.0000000e+00   2.0994923e-01   7.9005077e-01
   4.5346922e-01   0.0000000e+00   2.1112022e-01   7.8887978e-01
   4.5338888e-01   0.0000000e+00   2.1068748e-01   7.8931252e-01
   4.5309350e-01   0.0000000e+00   2.1063764e-01   7.8936236e-01
   4.5339634e-01   0.0000000e+00   2.1095717e-01   7.8904283e-01
   4.5344651e-01   0.0000000e+00   2.0957260e-01   7.9042740e-01
   4.5273652e-01   0.0000000e+00   2.1015903e-01   7.8984097e-01
   4.5309635e-01   0.0000000e+00   2.1031279e-01   7.8968721e-01
   4.5338940e-01   0.0000000e+00   2.0982769e-01   7.9017231e-01
   4.5337515e-01   0.0000000e+00   2.0985822e-01   7.9014178e-01
   4.5299472e-01   0.0000000e+00   2.1065626e-01   7.8934374e-01
   4.5410075e-01   0.0000000e+00   2.1069253e-01   7.8930747e-01
   4.5308768e-01   0.0000000e+00   2.0657312e-01   7.9342688e-01
   4.5297490e-01   0.0000000e+00   2.1107595e-01   7.8892405e-01
   4.5331786e-01   0.0000000e+00   2.0955491e-01   7.9044509e-01
   4.5338897e-01   0.0000000e+00   2.0938599e-01   7.9061401e-01
   4.5300276e-01   0.0000000e+00   2.0981642e-01   7.9018358e-01
   4.5335711e-01   0.0000000e+00   2.0934772e-01   7.9065228e-01
   4.5291192e-01   0.0000000e+00   2.1101326e-01   7.8898674e-01
   4.5300950e-01   0.0000000e+00   2.1259160e-01   7.8740840e-01
   4.5354759e-01   0.0000000e+00   2.1192501e-01   7.8807499e-01
   4.5254602e-01   0.0000000e+00   2.0964021e-01   7.9035979e-01
   4.5325140e-01   0.0000000e+00   2.1005576e-01   7.8994424e-01
   4.5322246e-01   0.0000000e+00   2.1029122e-01   7.8970878e-01
   4.5319322e-01   0.0000000e+00   2.0988747e-01   7.9011253e-01
   4.5350683e-01   0.0000000e+00   2.1069872e-01   7.8930128e-01
   4.5245863e-01   0.0000000e+00   2.0929345e-01   7.9070655e-01
   4.5317627e-01   0.0000000e+00   2.0937327e-01   7.9062673e-01
   4.5304913e-01   0.0000000e+00   2.1224011e-01   7.8775989e-01
   4.5319228e-01   0.0000000e+00   2.1004910e-01   7.8995090e-01
   4.5464929e-01   0.0000000e+00   2.0402526e-01   7.9597474e-01
   4.5313778e-01   0.0000000e+00   2.0929125e-01   7.9070875e-01
   4.5312629e-01   0.0000000e+00   2.1075414e-01   7.8924586e-01
   4.5327193e-01   0.0000000e+00   2.1124208e-01   7.8875792e-01
   4.5297239e-01   0.0000000e+00   2.1095589e-01   7.8904411e-01
   4.5318106e-01   0.0000000e+00   2.0896726e-01   7.9103274e-01
   4.5334846e-01   0.0000000e+00   2.1144729e-01   7.8855271e-01
   4.5330163e-01   0.0000000e+00   2.1031995e-01   7.8968005e-01
   4.5294743e-01   0.0000000e+00   2.0977667e-01   7.9022333e-01
   4.5317218e-01   0.0000000e+00   2.1024572e-01   7.8975428e-01
   4.5426398e-01   0.0000000e+00   2.1190968e-01   7.8809032e-01
   4.5291588e-01   0.0000000e+00   2.1077283e-01   7.8922717e-01
   4.5323913e-01   0.0000000e+00   2.1490986e-01   7.8509014e-01
   4.5291985e-01   0.0000000e+00   2.0955031e-01   7.9044969e-01
   4.5290615e-01   0.0000000e+00   2.1134196e-01   7.8865804e-01
   4.5328709e-01   0.0000000e+00   2.1048932e-01   7.8951068e-01
   4.5303145e-01   0.0000000e+00   2.1036219e-01   7.8963781e-01
   4.5314363e-01   0.0000000e+00   2.1377272e-01   7.8622728e-01
   4.5313881e-01   0.0000000e+00   2.0979363e-01   7.9020637e-01
   4.5291984e-01   0.0000000e+00   2.0914183e-01   7.9085817e-01
   4.5298289e-01   0.0000000e+00   2.1020638e-01   7.8979362e-01
   4.5273044e-01   0.0000000e+00   2.0835799e-01   7.9164201e-01
   4.5294843e-01   0.0000000e+00   2.1147579e-01   7.8852421e-01
   4.5280693e-01   0.0000000e+00   2.0999837e-01   7.9000163e-01
   4.5325242e-01   0.0000000e+00   2.0973067e-01   7.9026933e-01
   4.5407557e-01   0.0000000e+00   2.1012391e-01   7.8987609e-01
   4.5268060e-01   0.0000000e+00   2.0917659e-01   7.9082341e-01
   4.5332490e-01   0.0000000e+00   2.0968717e-01   7.9031283e-01
   4.5377487e-01   0.0000000e+00   2.1213649e-01   7.8786351e-01
   4.5330871e-01   0.0000000e+00   2.0955042e-01   7.9044958e-01
   4.5271007e-01   0.0000000e+00   2.0974476e-01   7.9025524e-01
   4.5201225e-01   0.0000000e+00   2.0958754e-01   7.9041246e-01
   4.5269378e-01   0.0000000e+00   2.1031276e-01   7.8968724e-01
   4.5303835e-01   0.0000000e+00   2.1097235e-01   7.8902765e-01
   4.5298231e-01   0.0000000e+00   2.0997316e-01   7.9002684e-01
   4.5330900e-01   0.0000000e+00   2.0942055e-01   7.9057945e-01
   4.5184732e-01   0.0000000e+00   2.0892230e-01   7.9107770e-01
   4.5285641e-01   0.0000000e+00   2.0937202e-01   7.9062798e-01
   4.5284386e-01   0.0000000e+00   2.0971854e-01   7.9028146e-01
   4.5288362e-01   0.0000000e+00   2.1066733e-01   7.8933267e-01
   4.5312878e-01   0.0000000e+00   2.1699311e-01   7.8300689e-01
   4.5247263e-01   0.0000000e+00   2.1017601e-01   7.8982399e-01
   4.5328220e-01   0.0000000e+00   2.0882053e-01   7.9117947e-01
   4.5400642e-01   0.0000000e+00   2.0621686e-01   7.9378314e-01
   4.5217908e-01   0.0000000e+00   2.0850317e-01   7.9149683e-01
   4.5355614e-01   0.0000000e+00   2.1832938e-01   7.8167062e-01
   4.5302865e-01   0.0000000e+00   2.1373281e-01   7.8626719e-01
   4.5323703e-01   0.0000000e+00   2.0963167e-01   7.9036833e-01
   4.5317525e-01   0.0000000e+00   2.0992796e-01   7.9007204e-01
   4.5351700e-01   0.0000000e+00   2.0979532e-01   7.9020468e-01
   4.5239495e-01   0.0000000e+00   2.0570537e-01   7.9429463e-01
   4.5241423e-01   0.0000000e+00   2.0998588e-01   7.9001412e-01
   4.5474654e-01   0.0000000e+00   2.0161704e-01   7.9838296e-01
   4.5272146e-01   0.0000000e+00   2.1037641e-01   7.8962359e-01
   4.5310408e-01   0.0000000e+00   2.0907493e-01   7.9092507e-01
   4.5190288e-01   0.0000000e+00   2.0906502e-01   7.9093498e-01
   4.5284653e-01   0.0000000e+00   2.1113535e-01   7.8886465e-01
   4.5317155e-01   0.0000000e+00   2.0690335e-01   7.9309665e-01
   4.5239716e-01   0.0000000e+00   2.1063709e-01   7.8936291e-01
   4.5284435e-01   0.0000000e+00   2.1045997e-01   7.8954003e-01
   4.5214495e-01   0.0000000e+00   2.1013454e-01   7.8986546e-01
   4.5015129e-01   0.0000000e+00   2.0676820e-01   7.9323180e-01
   4.5271913e-01   0.0000000e+00   2.0769790e-01   7.9230210e-01
   4.5279448e-01   0.0000000e+00   2.1128888e-01   7.8871112e-01
   4.5315484e-01   0.0000000e+00   2.0841830e-01   7.9158170e-01
   4.5261011e-01   0.0000000e+00   2.0945060e-01   7.9054940e-01
   4.5407816e-01   0.0000000e+00   2.0595872e-01   7.9404128e-01
   4.5274792e-01   0.0000000e+00   2.2131943e-01   7.7868057e-01
   4.5042345e-01   0.0000000e+00   2.0815197e-01   7.9184803e-01
   4.5151028e-01   0.0000000e+00   2.0405802e-01   7.9594198e-01
   4.5375422e-01   0.0000000e+00   2.1021554e-01   7.8978446e-01
   4.5301842e-01   0.0000000e+00   2.0977940e-01   7.9022060e-01
   4.5346066e-01   0.0000000e+00   2.1707479e-01   7.8292521e-01
   4.5228162e-01   0.0000000e+00   2.0996808e-01   7.9003192e-01
   4.5249908e-01   0.0000000e+00   2.0952234e-01   7.9047766e-01
   4.5218335e-01   0.0000000e+00   2.0942194e-01   7.9057806e-01
   4.5229639e-01   0.0000000e+00   2.1202158e-01   7.8797842e-01
   4.5305983e-01   0.0000000e+00   2.1039899e-01   7.8960101e-01
   4.5190124e-01   0.0000000e+00   2.0941860e-01   7.9058140e-01
   4.5288744e-01   0.0000000e+00   2.0702558e-01   7.9297442e-01
   4.5298148e-01   0.0000000e+00   2.1108972e-01   7.8891028e-01
   4.5297370e-01   0.0000000e+00   2.0442828e-01   7.9557172e-01
   4.5210772e-01   0.0000000e+00   2.0884487e-01   7.9115513e-01
   4.5259398e-01   0.0000000e+00   2.1139112e-01   7.8860888e-01
   4.5208084e-01   0.0000000e+00   2.0352014e-01   7.9647986e-01
   4.5220125e-01   0.0000000e+00   2.0143866e-01   7.9856134e-01
   4.5191967e-01   0.0000000e+00   2.1201828e-01   7.8798172e-01
   4.5191778e-01   0.0000000e+00   2.0839938e-01   7.9160062e-01
   4.4736815e-01   0.0000000e+00   2.0420365e-01   7.9579635e-01
   4.5130066e-01   0.0000000e+00   2.1233456e-01   7.8766544e-01
   4.5195042e-01   0.0000000e+00   2.0878199e-01   7.9121801e-01
   4.5184278e-01   0.0000000e+00   2.0770634e-01   7.9229366e-01
   4.5240866e-01   0.0000000e+00   2.1101820e-01   7.8898180e-01
   4.5380269e-01   0.0000000e+00   2.0781311e-01   7.9218689e-01
   4.5181290e-01   0.0000000e+00   2.1182497e-01   7.8817503e-01
   4.5117910e-01   0.0000000e+00   2.0775035e-01   7.9224965e-01
   4.5187943e-01   0.0000000e+00   2.0760332e-01   7.9239668e-01
   4.5083739e-01   0.0000000e+00   2.1081243e-01   7.8918757e-01
   4.5374699e-01   0.0000000e+00   2.0736556e-01   7.9263444e-01
   4.5157659e-01   0.0000000e+00   2.1079640e-01   7.8920360e-01
   4.5121084e-01   0.0000000e+00   2.0997524e-01   7.9002476e-01
   4.5168964e-01   0.0000000e+00   2.1109773e-01   7.8890227e-01
   4.5249135e-01   0.0000000e+00   2.0475182e-01   7.9524818e-01
   4.5208193e-01   0.0000000e+00   2.1286365e-01   7.8713635e-01
   4.5085676e-01   0.0000000e+00   2.0868869e-01   7.9131131e-01
   4.5232565e-01   0.0000000e+00   2.0021318e-01   7.9978682e-01
   4.5266361e-01   0.0000000e+00   2.1082008e-01   7.8917992e-01
   4.5039332e-01   0.0000000e+00   2.0838026e-01   7.9161974e-01
   4.5437699e-01   0.0000000e+00   2.2427572e-01   7.7572428e-01
   4.5120725e-01   0.0000000e+00   2.1433709e-01   7.8566291e-01
   4.5048093e-01   0.0000000e+00   2.0766556e-01   7.9233444e-01
   4.5037521e-01   0.0000000e+00   2.0818264e-01   7.9181736e-01
   4.4947630e-01   0.0000000e+00   2.1285453e-01   7.8714547e-01
   4.5106260e-01   0.0000000e+00   2.0885645e-01   7.9114355e-01
   4.5223625e-01   0.0000000e+00   2.1571120e-01   7.8428880e-01
   4.5217581e-01   0.0000000e+00   2.1069937e-01   7.8930063e-01
   4.5131377e-01   0.0000000e+00   2.1570047e-01   7.8429953e-01
   4.5241814e-01   0.0000000e+00   2.1280268e-01   7.8719732e-01
   4.5195644e-01   0.0000000e+00   2.1227151e-01   7.8772849e-01
   4.5082552e-01   0.0000000e+00   2.1023073e-01   7.8976927e-01
   4.4849553e-01   0.0000000e+00   2.0152943e-01   7.9847057e-01
   4.5220794e-01   0.0000000e+00   2.1521294e-01   7.8478706e-01
   4.5137728e-01   0.0000000e+00   2.1335133e-01   7.8664867e-01
   4.5248763e-01   0.0000000e+00   2.1339601e-01   7.8660399e-01
   4.5092096e-01   0.0000000e+00   2.1418117e-01   7.8581883e-01
   4.4804726e-01   0.0000000e+00   2.0780769e-01   7.9219231e-01
   4.5031552e-01   0.0000000e+00   2.0931377e-01   7.9068623e-01
   4.5294029e-01   0.0000000e+00   1.9661019e-01   8.0338981e-01
   4.5056642e-01   0.0000000e+00   2.0854586e-01   7.9145414e-01
   4.5367664e-01   0.0000000e+00   2.1069867e-01   7.8930133e-01
   4.5086093e-01   0.0000000e+00   2.0941737e-01   7.9058263e-01
   4.5068164e-01   0.0000000e+00   2.1227762e-01   7.8772238e-01
   4.5068164e-01   0.0000000e+00   2.0944770e-01   7.9055230e-01
   4.5061184e-01   0.0000000e+00   2.1722321e-01   7.8277679e-01
   4.5051400e-01   0.0000000e+00   2.0945456e-01   7.9054544e-01
   4.4677835e-01   0.0000000e+00   1.9552887e-01   8.0447113e-01
   4.5072816e-01   0.0000000e+00   2.1389398e-01   7.8610602e-01
   4.5253389e-01   0.0000000e+00   2.1731204e-01   7.8268796e-01
   4.5027248e-01   0.0000000e+00   2.0961403e-01   7.9038597e-01
   4.5210336e-01   0.0000000e+00   2.1258735e-01   7.8741265e-01
   4.5126566e-01   0.0000000e+00   2.1156918e-01   7.8843082e-01
   4.5049317e-01   0.0000000e+00   2.1128039e-01   7.8871961e-01
   4.5063446e-01   0.0000000e+00   2.1224247e-01   7.8775753e-01
   4.5457464e-01   0.0000000e+00   2.1892521e-01   7.8107479e-01
   4.5125217e-01   0.0000000e+00   2.1176029e-01   7.8823971e-01
   4.4965382e-01   0.0000000e+00   2.1527878e-01   7.8472122e-01
   4.5271217e-01   0.0000000e+00   2.1264193e-01   7.8735807e-01
   4.5096441e-01   0.0000000e+00   2.1619010e-01   7.8380990e-01
   4.4673043e-01   0.0000000e+00   2.0910046e-01   7.9089954e-01
   4.5320216e-01   0.0000000e+00   2.1251016e-01   7.8748984e-01
   4.4891851e-01   0.0000000e+00   2.1799313e-01   7.8200687e-01
   4.5012204e-01   0.0000000e+00   2.1605878e-01   7.8394122e-01
   4.5076358e-01   0.0000000e+00   2.1135813e-01   7.8864187e-01
   4.5145645e-01   0.0000000e+00   2.1662722e-01   7.8337278e-01
   4.5649294e-01   0.0000000e+00   2.1241682e-01   7.8758318e-01
   4.5467939e-01   0.0000000e+00   2.1896731e-01   7.8103269e-01
   4.5116498e-01   0.0000000e+00   2.1601774e-01   7.8398226e-01
   4.4969993e-01   0.0000000e+00   2.0933089e-01   7.9066911e-01
   4.5290012e-01   0.0000000e+00   2.1312285e-01   7.8687715e-01
   4.5044763e-01   0.0000000e+00   2.1246246e-01   7.8753754e-01
   4.5096890e-01   0.0000000e+00   2.1245872e-01   7.8754128e-01
   4.5042529e-01   0.0000000e+00   2.1342168e-01   7.8657832e-01
   4.5353839e-01   0.0000000e+00   2.2132837e-01   7.7867163e-01
   4.4968482e-01   0.0000000e+00   2.1640719e-01   7.8359281e-01
   4.5231185e-01   0.0000000e+00   2.1509404e-01   7.8490596e-01
   4.5244273e-01   0.0000000e+00   2.1426231e-01   7.8573769e-01
   4.5075399e-01   0.0000000e+00   2.1137014e-01   7.8862986e-01
   4.5238267e-01   0.0000000e+00   2.1781929e-01   7.8218071e-01
   4.4264091e-01   0.0000000e+00   2.0664047e-01   7.9335953e-01
   4.5183693e-01   0.0000000e+00   2.1603142e-01   7.8396858e-01
   4.5161755e-01   0.0000000e+00   2.1656935e-01   7.8343065e-01
   4.5029248e-01   0.0000000e+00   2.1522563e-01   7.8477437e-01
   4.5528437e-01   0.0000000e+00   2.1552185e-01   7.8447815e-01
   4.4805172e-01   0.0000000e+00   2.1591131e-01   7.8408869e-01
   4.5872018e-01   0.0000000e+00   2.1800428e-01   7.8199572e-01
   4.5795294e-01   0.0000000e+00   2.2760839e-01   7.7239161e-01
   4.5520985e-01   0.0000000e+00   2.1307137e-01   7.8692863e-01
   4.5179401e-01   0.0000000e+00   2.1476831e-01   7.8523169e-01
   4.5319076e-01   0.0000000e+00   2.1268136e-01   7.8731864e-01
   4.5595927e-01   0.0000000e+00   2.1116229e-01   7.8883771e-01
   4.5592931e-01   0.0000000e+00   2.1099933e-01   7.8900067e-01
   4.5590925e-01   0.0000000e+00   2.1004898e-01   7.8995102e-01
   4.5563713e-01   0.0000000e+00   2.1543859e-01   7.8456141e-01
   4.5611066e-01   0.0000000e+00   2.0944629e-01   7.9055371e-01
   4.5590266e-01   0.0000000e+00   2.0904559e-01   7.9095441e-01
   4.5262783e-01   0.0000000e+00   2.1571886e-01   7.8428114e-01
   4.5550280e-01   0.0000000e+00   2.1001147e-01   7.8998853e-01
   4.5588361e-01   0.0000000e+00   2.1250682e-01   7.8749318e-01
   4.5320369e-01   0.0000000e+00   2.1225645e-01   7.8774355e-01
   4.5631977e-01   0.0000000e+00   2.1153927e-01   7.8846073e-01
   4.5161486e-01   0.0000000e+00   2.1508171e-01   7.8491829e-01
   4.5475239e-01   0.0000000e+00   2.1632255e-01   7.8367745e-01
   4.5413911e-01   0.0000000e+00   2.1932825e-01   7.8067175e-01
   4.5667693e-01   0.0000000e+00   2.0530385e-01   7.9469615e-01
   4.5532574e-01   0.0000000e+00   2.1803392e-01   7.8196608e-01
   4.5709366e-01   0.0000000e+00   2.0456113e-01   7.9543887e-01
   4.5639312e-01   0.0000000e+00   2.0427325e-01   7.9572675e-01
   4.4923495e-01   0.0000000e+00   2.1439110e-01   7.8560890e-01
   4.5210567e-01   0.0000000e+00   2.1678743e-01   7.8321257e-01
   4.5302386e-01   0.0000000e+00   2.1215652e-01   7.8784348e-01
   4.5219739e-01   0.0000000e+00   2.1686169e-01   7.8313831e-01
   4.5325301e-01   0.0000000e+00   2.1791272e-01   7.8208728e-01
   4.5226093e-01   0.0000000e+00   2.1534635e-01   7.8465365e-01
   4.5572155e-01   0.0000000e+00   2.0403680e-01   7.9596320e-01
   4.6280287e-01   0.0000000e+00   2.3063434e-01   7.6936566e-01
   4.5344110e-01   0.0000000e+00   2.1828440e-01   7.8171560e-01
   4.5063505e-01   0.0000000e+00   2.1497962e-01   7.8502038e-01
   4.5400937e-01   0.0000000e+00   2.1959206e-01   7.8040794e-01
   4.5299571e-01   0.0000000e+00   2.1960879e-01   7.8039121e-01
   4.5076298e-01   0.0000000e+00   2.1620135e-01   7.8379865e-01
   4.5439410e-01   0.0000000e+00   1.9773216e-01   8.0226784e-01
   4.5667480e-01   0.0000000e+00   1.9720379e-01   8.0279621e-01
   4.5147967e-01   0.0000000e+00   2.1609135e-01   7.8390865e-01
   4.5174542e-01   0.0000000e+00   2.1392197e-01   7.8607803e-01
   4.5201293e-01   0.0000000e+00   2.1471224e-01   7.8528776e-01
   4.5449439e-01   0.0000000e+00   2.2250863e-01   7.7749137e-01
   4.5660953e-01   0.0000000e+00   1.9388804e-01   8.0611196e-01
   4.4594999e-01   0.0000000e+00   2.1533834e-01   7.8466166e-01
   4.5264696e-01   0.0000000e+00   2.1577851e-01   7.8422149e-01
   4.5231129e-01   0.0000000e+00   2.1179878e-01   7.8820122e-01
   4.4868249e-01   0.0000000e+00   2.2087840e-01   7.7912160e-01
   4.5441894e-01   0.0000000e+00   2.1574354e-01   7.8425646e-01
   4.5542959e-01   0.0000000e+00   2.3582090e-01   7.6417910e-01
   4.5473633e-01   0.0000000e+00   2.2059893e-01   7.7940107e-01
   4.5600788e-01   0.0000000e+00   2.2140485e-01   7.7859515e-01
   4.5502359e-01   0.0000000e+00   2.2301771e-01   7.7698229e-01
   4.5226997e-01   0.0000000e+00   2.1687370e-01   7.8312630e-01
   4.5333228e-01   0.0000000e+00   2.1621820e-01   7.8378180e-01
   4.5186131e-01   0.0000000e+00   2.1241412e-01   7.8758588e-01
   4.5371267e-01   0.0000000e+00   2.1845831e-01   7.8154169e-01
   4.5897733e-01   0.0000000e+00   2.1960048e-01   7.8039952e-01
   4.5029944e-01   0.0000000e+00   2.2118122e-01   7.7881878e-01
   4.5442268e-01   0.0000000e+00   2.0807536e-01   7.9192464e-01
   4.5104500e-01   0.0000000e+00   2.1519300e-01   7.8480700e-01
   4.5363956e-01   0.0000000e+00   2.1678339e-01   7.8321661e-01
   4.5362583e-01   0.0000000e+00   2.1499811e-01   7.8500189e-01
   4.5196426e-01   0.0000000e+00   2.1301079e-01   7.8698921e-01
   4.4927346e-01   0.0000000e+00   2.1514449e-01   7.8485551e-01
   4.5391512e-01   0.0000000e+00   2.1725633e-01   7.8274367e-01
   4.5259562e-01   0.0000000e+00   2.1392912e-01   7.8607088e-01
   4.4902526e-01   0.0000000e+00   2.1253356e-01   7.8746644e-01
   4.4173646e-01   0.0000000e+00   2.1132349e-01   7.8867651e-01
   4.6464218e-01   0.0000000e+00   2.2115855e-01   7.7884145e-01
   4.5500449e-01   0.0000000e+00   1.9504572e-01   8.0495428e-01
   4.5308648e-01   0.0000000e+00   2.1057702e-01   7.8942298e-01
   4.5272604e-01   0.0000000e+00   2.1775871e-01   7.8224129e-01
   4.5369458e-01   0.0000000e+00   2.1643653e-01   7.8356347e-01
   4.5845797e-01   0.0000000e+00   2.2441529e-01   7.7558471e-01
   4.5312562e-01   0.0000000e+00   2.1647149e-01   7.8352851e-01
   4.5966579e-01   0.0000000e+00   2.2681088e-01   7.7318912e-01
   4.5448889e-01   0.0000000e+00   2.1827714e-01   7.8172286e-01
   4.4898970e-01   0.0000000e+00   2.0258669e-01   7.9741331e-01
   4.4380599e-01   0.0000000e+00   2.0073403e-01   7.9926597e-01
   4.6346762e-01   0.0000000e+00   2.2839181e-01   7.7160819e-01
   4.5456822e-01   0.0000000e+00   2.1034244e-01   7.8965756e-01
   4.5235343e-01   0.0000000e+00   2.1171001e-01   7.8828999e-01
   4.5757167e-01   0.0000000e+00   2.2917361e-01   7.7082639e-01
   4.4727342e-01   0.0000000e+00   2.1238573e-01   7.8761427e-01
   4.4217393e-01   0.0000000e+00   2.1383481e-01   7.8616519e-01
   4.4999135e-01   0.0000000e+00   2.1584969e-01   7.8415031e-01
   4.4827962e-01   0.0000000e+00   2.1067172e-01   7.8932828e-01
   4.5280071e-01   0.0000000e+00   2.1589762e-01   7.8410238e-01
   4.6704877e-01   0.0000000e+00   2.3535598e-01   7.6464402e-01
   4.5540257e-01   0.0000000e+00   2.2114989e-01   7.7885011e-01
   4.5043692e-01   0.0000000e+00   2.1565717e-01   7.8434283e-01
   4.5214263e-01   0.0000000e+00   2.2141361e-01   7.7858639e-01
   4.5718192e-01   0.0000000e+00   2.2465208e-01   7.7534792e-01
   4.5292433e-01   0.0000000e+00   2.1470096e-01   7.8529904e-01
   4.6101754e-01   0.0000000e+00   2.2800958e-01   7.7199042e-01
   4.5338669e-01   0.0000000e+00   2.1007725e-01   7.8992275e-01
   4.5250894e-01   0.0000000e+00   2.1481568e-01   7.8518432e-01
   4.5594970e-01   0.0000000e+00   2.0551985e-01   7.9448015e-01
   4.4667784e-01   0.0000000e+00   1.8112677e-01   8.1887323e-01
   4.5651976e-01   0.0000000e+00   2.1683363e-01   7.8316637e-01
   4.4926567e-01   0.0000000e+00   2.0980193e-01   7.9019807e-01
   4.5997568e-01   0.0000000e+00   2.2374762e-01   7.7625238e-01
   4.5442043e-01   0.0000000e+00   2.2156203e-01   7.7843797e-01
   4.5846667e-01   0.0000000e+00   2.1855052e-01   7.8144948e-01
   4.5424945e-01   0.0000000e+00   2.0896305e-01   7.9103695e-01
   4.5172001e-01   0.0000000e+00   2.1423092e-01   7.8576908e-01
   4.5341764e-01   0.0000000e+00   2.1029002e-01   7.8970998e-01
   4.5577091e-01   0.0000000e+00   2.0788312e-01   7.9211688e-01
   4.4482308e-01   0.0000000e+00   2.0364663e-01   7.9635337e-01
   4.5320911e-01   0.0000000e+00   2.0954152e-01   7.9045848e-01
   4.5474127e-01   0.0000000e+00   2.1583896e-01   7.8416104e-01
   4.3987742e-01   0.0000000e+00   2.0461979e-01   7.9538021e-01
   4.5303946e-01   0.0000000e+00   2.0966319e-01   7.9033681e-01
   4.4838418e-01   0.0000000e+00   2.0943041e-01   7.9056959e-01
   4.5906161e-01   0.0000000e+00   2.0043366e-01   7.9956634e-01
   4.4901959e-01   0.0000000e+00   2.1713370e-01   7.8286630e-01
   4.5244482e-01   0.0000000e+00   2.0722902e-01   7.9277098e-01
   4.4904032e-01   0.0000000e+00   2.1670227e-01   7.8329773e-01
   4.5365047e-01   0.0000000e+00   2.0061600e-01   7.9938400e-01
   4.5481338e-01   0.0000000e+00   2.1441330e-01   7.8558670e-01
   4.6274498e-01   0.0000000e+00   2.2601150e-01   7.7398850e-01
   4.5589709e-01   0.0000000e+00   2.0772700e-01   7.9227300e-01
   4.5300395e-01   0.0000000e+00   2.0616343e-01   7.9383657e-01
   4.4822189e-01   0.0000000e+00   2.0712023e-01   7.9287977e-01
   4.5004187e-01   0.0000000e+00   2.0725879e-01   7.9274121e-01
   4.6128225e-01   0.0000000e+00   2.1443236e-01   7.8556764e-01
   4.5411445e-01   0.0000000e+00   2.0115182e-01   7.9884818e-01
   4.6427829e-01   0.0000000e+00   2.4107789e-01   7.5892211e-01
   4.5429617e-01   0.0000000e+00   2.0937941e-01   7.9062059e-01
   4.5774219e-01   0.0000000e+00   2.1340182e-01   7.8659818e-01
   4.5438455e-01   0.0000000e+00   2.1586669e-01   7.8413331e-01
   4.3234155e-01   0.0000000e+00   1.9502476e-01   8.0497524e-01
   4.4870320e-01   0.0000000e+00   1.8761844e-01   8.1238156e-01
   4.6460219e-01   0.0000000e+00   1.9269533e-01   8.0730467e-01
   4.6117045e-01   0.0000000e+00   2.0993007e-01   7.9006993e-01
   4.5876795e-01   0.0000000e+00   2.2214918e-01   7.7785082e-01
   4.5071033e-01   0.0000000e+00   1.9282415e-01   8.0717585e-01
   4.6429524e-01   0.0000000e+00   2.1909200e-01   7.8090800e-01
   4.5621157e-01   0.0000000e+00   2.1011801e-01   7.8988199e-01
   4.5156540e-01   0.0000000e+00   2.0631157e-01   7.9368843e-01
   4.5411128e-01   0.0000000e+00   1.9609280e-01   8.0390720e-01
   4.7392703e-01   0.0000000e+00   2.3880002e-01   7.6119998e-01
   4.4946592e-01   0.0000000e+00   1.8869771e-01   8.1130229e-01
   4.5479554e-01   0.0000000e+00   2.0020133e-01   7.9979867e-01
   4.4755534e-01   0.0000000e+00   1.9068565e-01   8.0931435e-01
   4.5746348e-01   0.0000000e+00   2.0735316e-01   7.9264684e-01
   4.4731293e-01   0.0000000e+00   2.1593349e-01   7.8406651e-01
   4.4509168e-01   0.0000000e+00   2.0927312e-01   7.9072688e-01
   4.6160229e-01   0.0000000e+00   1.9256501e-01   8.0743499e-01
   4.4059512e-01   0.0000000e+00   1.7231567e-01   8.2768433e-01
   4.4296391e-01   0.0000000e+00   1.5902498e-01   8.4097502e-01
   4.5800189e-01   0.0000000e+00   2.1309159e-01   7.8690841e-01
   4.5176533e-01   0.0000000e+00   1.8154819e-01   8.1845181e-01
   4.5973237e-01   0.0000000e+00   2.0339055e-01   7.9660945e-01
   4.8485276e-01   0.0000000e+00   2.1564181e-01   7.8435819e-01
   4.5137408e-01   0.0000000e+00   1.7958393e-01   8.2041607e-01
   4.5916005e-01   0.0000000e+00   1.8440860e-01   8.1559140e-01
   4.6314775e-01   0.0000000e+00   2.1955596e-01   7.8044404e-01
   4.5865536e-01   0.0000000e+00   1.9165932e-01   8.0834068e-01
   4.4177938e-01   0.0000000e+00   1.8075619e-01   8.1924381e-01
   4.2898009e-01   0.0000000e+00   2.0335203e-01   7.9664797e-01
   4.8061456e-01   0.0000000e+00   1.7765427e-01   8.2234573e-01
   4.5416035e-01   0.0000000e+00   1.8523976e-01   8.1476024e-01
   4.8683992e-01   0.0000000e+00   2.2100404e-01   7.7899596e-01
   4.5194409e-01   0.0000000e+00   1.8203742e-01   8.1796258e-01
   4.5818197e-01   0.0000000e+00   1.9688574e-01   8.0311426e-01
   4.8391855e-01   0.0000000e+00   2.1033688e-01   7.8966312e-01
   4.6689206e-01   0.0000000e+00   1.9483075e-01   8.0516925e-01
   4.4859378e-01   0.0000000e+00   1.9113877e-01   8.0886123e-01
   4.6351695e-01   0.0000000e+00   1.9138753e-01   8.0861247e-01
   4.6828991e-01   0.0000000e+00   1.9895986e-01   8.0104014e-01
   4.6165859e-01   0.0000000e+00   1.7056789e-01   8.2943211e-01
   4.6975743e-01   0.0000000e+00   2.3814102e-01   7.6185898e-01
   4.6352265e-01   0.0000000e+00   1.8592067e-01   8.1407933e-01
   4.5958816e-01   0.0000000e+00   1.8077810e-01   8.1922190e-01
   4.5210238e-01   0.0000000e+00   1.6271946e-01   8.3728054e-01
   4.6350436e-01   0.0000000e+00   1.8798864e-01   8.1201136e-01
   4.4752539e-01   0.0000000e+00   1.5791445e-01   8.4208555e-01
   4.8464115e-01   0.0000000e+00   2.1903933e-01   7.8096067e-01
   4.6282230e-01   0.0000000e+00   2.0249954e-01   7.9750046e-01
   4.5624259e-01   0.0000000e+00   1.7909371e-01   8.2090629e-01
   4.4442121e-01   0.0000000e+00   1.3392363e-01   8.6607637e-01
   4.6431208e-01   0.0000000e+00   1.8855069e-01   8.1144931e-01
   4.6823440e-01   0.0000000e+00   2.0154385e-01   7.9845615e-01
   4.5195059e-01   0.0000000e+00   1.6794649e-01   8.3205351e-01
   4.5772919e-01   0.0000000e+00   1.7012759e-01   8.2987241e-01
   4.6806402e-01   0.0000000e+00   2.3036588e-01   7.6963412e-01
   4.9155569e-01   0.0000000e+00   2.0110222e-01   7.9889778e-01
   4.6275062e-01   0.0000000e+00   1.9229229e-01   8.0770771e-01
   4.4178123e-01   0.0000000e+00   1.5334195e-01   8.4665805e-01
   4.6067408e-01   0.0000000e+00   1.8813361e-01   8.1186639e-01
   4.5678081e-01   0.0000000e+00   1.9708179e-01   8.0291821e-01
   4.7076660e-01   0.0000000e+00   2.2822963e-01   7.7177037e-01
   4.5349878e-01   0.0000000e+00   1.9428611e-01   8.0571389e-01
   4.5704991e-01   0.0000000e+00   2.3342902e-01   7.6657098e-01
   4.5286890e-01   0.0000000e+00   1.9536786e-01   8.0463214e-01
   4.7210864e-01   0.0000000e+00   2.1302471e-01   7.8697529e-01
   4.6551156e-01   0.0000000e+00   1.7779485e-01   8.2220515e-01
   4.5801230e-01   0.0000000e+00   1.7172373e-01   8.2827627e-01
   4.5903497e-01   0.0000000e+00   1.7134008e-01   8.2865992e-01
   4.8991499e-01   0.0000000e+00   2.0900121e-01   7.9099879e-01
   4.5461418e-01   0.0000000e+00   1.6900383e-01   8.3099617e-01
   4.5124239e-01   0.0000000e+00   1.9460143e-01   8.0539857e-01
   4.6740804e-01   0.0000000e+00   1.6942567e-01   8.3057433e-01
   4.5729408e-01   0.0000000e+00   1.7541885e-01   8.2458115e-01
   4.5953983e-01   0.0000000e+00   1.8062612e-01   8.1937388e-01
   4.9321198e-01   0.0000000e+00   1.7339705e-01   8.2660295e-01
   4.5081836e-01   0.0000000e+00   1.5234597e-01   8.4765403e-01
   4.5397450e-01   0.0000000e+00   1.4393401e-01   8.5606599e-01
   4.6873198e-01   0.0000000e+00   1.7581647e-01   8.2418353e-01
   4.7599834e-01   0.0000000e+00   2.3634577e-01   7.6365423e-01
   4.6582732e-01   0.0000000e+00   2.1264346e-01   7.8735654e-01
   4.4849125e-01   0.0000000e+00   1.4507620e-01   8.5492380e-01
   4.6296901e-01   0.0000000e+00   2.3753748e-01   7.6246252e-01
   4.5207316e-01   0.0000000e+00   2.1533674e-01   7.8466326e-01
   4.5558578e-01   0.0000000e+00   2.0115332e-01   7.9884668e-01
   4.7129351e-01   0.0000000e+00   2.2294213e-01   7.7705787e-01
   4.4868040e-01   0.0000000e+00   1.4320679e-01   8.5679321e-01
   4.5014616e-01   0.0000000e+00   1.8527303e-01   8.1472697e-01
   4.8120867e-01   0.0000000e+00   1.8453120e-01   8.1546880e-01
   4.5829020e-01   0.0000000e+00   1.5292241e-01   8.4707759e-01
   4.7040195e-01   0.0000000e+00   1.9643270e-01   8.0356730e-01
   4.6323283e-01   0.0000000e+00   1.7580479e-01   8.2419521e-01
   4.5356487e-01   0.0000000e+00   1.5315236e-01   8.4684764e-01
   4.4623445e-01   0.0000000e+00   1.5795224e-01   8.4204776e-01
   4.5591236e-01   0.0000000e+00   1.4702208e-01   8.5297792e-01
   4.7713664e-01   0.0000000e+00   2.2194176e-01   7.7805824e-01
   4.6203799e-01   0.0000000e+00   1.8662404e-01   8.1337596e-01
   4.5989557e-01   0.0000000e+00   1.4434356e-01   8.5565644e-01
   4.5645604e-01   0.0000000e+00   1.8922971e-01   8.1077029e-01
   4.5097582e-01   0.0000000e+00   1.5113343e-01   8.4886657e-01
   4.6819196e-01   0.0000000e+00   2.2337321e-01   7.7662679e-01
   4.4485999e-01   0.0000000e+00   1.5174602e-01   8.4825398e-01
   4.5067349e-01   0.0000000e+00   1.4481951e-01   8.5518049e-01
   4.5039313e-01   0.0000000e+00   1.3213015e-01   8.6786985e-01
   4.8458813e-01   0.0000000e+00   2.0477733e-01   7.9522267e-01
   4.5976637e-01   0.0000000e+00   1.7545691e-01   8.2454309e-01
   4.4839923e-01   0.0000000e+00   1.2549288e-01   8.7450712e-01
   4.6858718e-01   0.0000000e+00   1.5323489e-01   8.4676511e-01
   4.4711711e-01   0.0000000e+00   1.1857185e-01   8.8142815e-01
   4.5908896e-01   0.0000000e+00   1.5561453e-01   8.4438547e-01
   4.8572888e-01   0.0000000e+00   2.5323136e-01   7.4676864e-01
   4.5133790e-01   0.0000000e+00   1.2911153e-01   8.7088847e-01
   4.6971825e-01   0.0000000e+00   2.2571578e-01   7.7428422e-01
   4.5410731e-01   0.0000000e+00   2.0806390e-01   7.9193610e-01
   4.8189887e-01   0.0000000e+00   1.7605671e-01   8.2394329e-01
   4.4186964e-01   0.0000000e+00   1.4878807e-01   8.5121193e-01
   4.7314865e-01   0.0000000e+00   1.5747454e-01   8.4252546e-01
   4.5329529e-01   0.0000000e+00   1.6726253e-01   8.3273747e-01
   4.7155855e-01   0.0000000e+00   1.5181757e-01   8.4818243e-01
   4.5276161e-01   0.0000000e+00   1.6443286e-01   8.3556714e-01
   4.5909791e-01   0.0000000e+00   1.2332214e-01   8.7667786e-01
   4.4513554e-01   0.0000000e+00   1.6824381e-01   8.3175619e-01
   4.4866800e-01   0.0000000e+00   1.2333490e-01   8.7666510e-01
   4.4594854e-01   0.0000000e+00   1.0978751e-01   8.9021249e-01
   4.9553508e-01   0.0000000e+00   2.0830509e-01   7.9169491e-01
   4.3968007e-01   0.0000000e+00   1.3547986e-01   8.6452014e-01
   4.8731683e-01   0.0000000e+00   2.4792819e-01   7.5207181e-01
   4.6820328e-01   0.0000000e+00   1.1652443e-01   8.8347557e-01
   4.4752375e-01   0.0000000e+00   1.0206558e-01   8.9793442e-01
   4.7111439e-01   0.0000000e+00   2.1813802e-01   7.8186198e-01
   4.8016838e-01   0.0000000e+00   2.3941737e-01   7.6058263e-01
   4.9362044e-01   0.0000000e+00   2.6130862e-01   7.3869138e-01
   4.6359772e-01   0.0000000e+00   9.8166177e-02   9.0183382e-01
   4.4479884e-01   0.0000000e+00   1.1126677e-01   8.8873323e-01
   4.5761224e-01   0.0000000e+00   1.0534099e-01   8.9465901e-01
   5.0066815e-01   0.0000000e+00   2.5964786e-01   7.4035214e-01
   4.5134937e-01   0.0000000e+00   1.1361046e-01   8.8638954e-01
   4.4602862e-01   0.0000000e+00   9.5770300e-02   9.0422970e-01
   4.4828845e-01   0.0000000e+00   1.0534457e-01   8.9465543e-01
   4.5888021e-01   0.0000000e+00   9.3945214e-02   9.0605479e-01
   4.8268348e-01   0.0000000e+00   1.4185751e-01   8.5814249e-01
   4.6379796e-01   0.0000000e+00   9.9676323e-02   9.0032368e-01
   4.8562508e-01   0.0000000e+00   2.6014798e-01   7.3985202e-01
   4.5656648e-01   0.0000000e+00   1.0354914e-01   8.9645086e-01
   4.5879976e-01   0.0000000e+00   9.9042356e-02   9.0095764e-01
   5.0042399e-01   0.0000000e+00   2.6366631e-01   7.3633369e-01
   4.5934602e-01   0.0000000e+00   8.6725164e-02   9.1327484e-01
   4.7767403e-01   0.0000000e+00   2.4152530e-01   7.5847470e-01
   4.6764170e-01   0.0000000e+00   9.3752558e-02   9.0624744e-01
   5.0621702e-01   0.0000000e+00   2.6252891e-01   7.3747109e-01
   4.5305684e-01   0.0000000e+00   8.4337854e-02   9.1566215e-01
   4.7436677e-01   0.0000000e+00   1.0472569e-01   8.9527431e-01
   4.5480113e-01   0.0000000e+00   8.1189415e-02   9.1881058e-01
   4.5986088e-01   0.0000000e+00   8.4184493e-02   9.1581551e-01
   4.4655515e-01   0.0000000e+00   9.5249998e-02   9.0475000e-01
   4.6237920e-01   0.0000000e+00   8.5165780e-02   9.1483422e-01
   4.6184940e-01   0.0000000e+00   7.9195169e-02   9.2080483e-01
   4.6897391e-01   0.0000000e+00   9.6313261e-02   9.0368674e-01
   4.7062578e-01   0.0000000e+00   9.3873731e-02   9.0612627e-01
   4.6306262e-01   0.0000000e+00   9.6224512e-02   9.0377549e-01
   4.5674220e-01   0.0000000e+00   7.4499371e-02   9.2550063e-01
   4.5652907e-01   0.0000000e+00   7.1069812e-02   9.2893019e-01
   4.4498938e-01   0.0000000e+00   9.5006111e-02   9.0499389e-01
   4.5748267e-01   0.0000000e+00   8.1013857e-02   9.1898614e-01
   4.6863720e-01   0.0000000e+00   7.9489634e-02   9.2051037e-01
   4.5369518e-01   0.0000000e+00   8.0210175e-02   9.1978982e-01
   4.5012672e-01   0.0000000e+00   7.1955832e-02   9.2804417e-01
   4.6940799e-01   0.0000000e+00   8.1614307e-02   9.1838569e-01
   4.5965338e-01   0.0000000e+00   7.2498980e-02   9.2750102e-01
   4.6507705e-01   0.0000000e+00   7.3638020e-02   9.2636198e-01
   4.5490716e-01   0.0000000e+00   7.4446108e-02   9.2555389e-01
   4.6615317e-01   0.0000000e+00   7.0551638e-02   9.2944836e-01
   4.6364714e-01   0.0000000e+00   8.7271040e-02   9.1272896e-01
   4.6798941e-01   0.0000000e+00   7.6914473e-02   9.2308553e-01
   4.6077560e-01   0.0000000e+00   7.4493761e-02   9.2550624e-01
   4.6550209e-01   0.0000000e+00   8.1199152e-02   9.1880085e-01
   4.7572378e-01   0.0000000e+00   9.0688685e-02   9.0931131e-01
   4.6893460e-01   0.0000000e+00   7.8856172e-02   9.2114383e-01
   4.8021240e-01   0.0000000e+00   1.0411170e-01   8.9588830e-01
   4.5984440e-01   0.0000000e+00   6.8112218e-02   9.3188778e-01
   4.6689903e-01   0.0000000e+00   7.2628210e-02   9.2737179e-01
   4.8416768e-01   0.0000000e+00   8.4916029e-02   9.1508397e-01
   4.5895314e-01   0.0000000e+00   6.3972269e-02   9.3602773e-01
   4.6515393e-01   0.0000000e+00   6.5260653e-02   9.3473935e-01
   4.6584718e-01   0.0000000e+00   6.1865216e-02   9.3813478e-01
   4.7196444e-01   0.0000000e+00   6.6712794e-02   9.3328721e-01
   4.6585627e-01   0.0000000e+00   6.3295983e-02   9.3670402e-01
   4.7024992e-01   0.0000000e+00   7.6109280e-02   9.2389072e-01
   4.6737201e-01   0.0000000e+00   6.6157722e-02   9.3384228e-01
   4.5756725e-01   0.0000000e+00   6.4703995e-02   9.3529600e-01
   4.6386150e-01   0.0000000e+00   6.2181890e-02   9.3781811e-01
   4.5718420e-01   0.0000000e+00   6.5174673e-02   9.3482533e-01
   4.8190914e-01   0.0000000e+00   8.8829036e-02   9.1117096e-01
   4.7803932e-01   0.0000000e+00   8.4071219e-02   9.1592878e-01
   4.7379799e-01   0.0000000e+00   6.2382864e-02   9.3761714e-01
   4.7067041e-01   0.0000000e+00   6.5762443e-02   9.3423756e-01
   4.5992472e-01   0.0000000e+00   6.8784989e-02   9.3121501e-01
   4.6140890e-01   0.0000000e+00   5.5716945e-02   9.4428305e-01
   4.6061889e-01   0.0000000e+00   5.4272787e-02   9.4572721e-01
   4.7817116e-01   0.0000000e+00   6.5254650e-02   9.3474535e-01
   4.7201431e-01   0.0000000e+00   5.6338044e-02   9.4366196e-01
   4.7600251e-01   0.0000000e+00   6.1188063e-02   9.3881194e-01
   4.7115181e-01   0.0000000e+00   6.0815543e-02   9.3918446e-01
   4.6799230e-01   0.0000000e+00   5.5418335e-02   9.4458167e-01
   4.8442873e-01   0.0000000e+00   6.6017421e-02   9.3398258e-01
   4.7270037e-01   0.0000000e+00   5.7112534e-02   9.4288747e-01
   4.6511622e-01   0.0000000e+00   5.1555338e-02   9.4844466e-01
   4.6264319e-01   0.0000000e+00   5.4711173e-02   9.4528883e-01
   4.7385108e-01   0.0000000e+00   5.5817023e-02   9.4418298e-01
   4.6415035e-01   0.0000000e+00   5.1486825e-02   9.4851318e-01
   4.6905357e-01   0.0000000e+00   5.2484481e-02   9.4751552e-01
   4.6550418e-01   0.0000000e+00   5.4546143e-02   9.4545386e-01
   4.6960197e-01   0.0000000e+00   5.1790712e-02   9.4820929e-01
   4.8319827e-01   0.0000000e+00   6.5905685e-02   9.3409431e-01
   4.6690339e-01   0.0000000e+00   5.2178081e-02   9.4782192e-01
   4.6859623e-01   0.0000000e+00   5.0442795e-02   9.4955721e-01
   4.6806708e-01   0.0000000e+00   5.2374815e-02   9.4762518e-01
   4.7603831e-01   0.0000000e+00   5.4545893e-02   9.4545411e-01
   4.9243259e-01   0.0000000e+00   9.7277108e-02   9.0272289e-01
   4.6295109e-01   0.0000000e+00   5.5965652e-02   9.4403435e-01
   4.8530324e-01   0.0000000e+00   5.8659634e-02   9.4134037e-01
   4.6382730e-01   0.0000000e+00   4.6527381e-02   9.5347262e-01
   4.8081704e-01   0.0000000e+00   5.9290610e-02   9.4070939e-01
   4.9502381e-01   0.0000000e+00   9.5705531e-02   9.0429447e-01
   4.7432357e-01   0.0000000e+00   5.1786108e-02   9.4821389e-01
   4.7801059e-01   0.0000000e+00   5.6343745e-02   9.4365626e-01
   4.6828487e-01   0.0000000e+00   4.7438729e-02   9.5256127e-01
   4.6167465e-01   0.0000000e+00   5.0466872e-02   9.4953313e-01
   4.6942047e-01   0.0000000e+00   4.7027566e-02   9.5297243e-01
   4.6906773e-01   0.0000000e+00   4.7111770e-02   9.5288823e-01
   4.7274717e-01   0.0000000e+00   5.1275823e-02   9.4872418e-01
   4.6028684e-01   0.0000000e+00   5.6246951e-02   9.4375305e-01
   4.6775375e-01   0.0000000e+00   4.3852352e-02   9.5614765e-01
   4.6949982e-01   0.0000000e+00   5.0204292e-02   9.4979571e-01
   4.7514952e-01   0.0000000e+00   4.8143270e-02   9.5185673e-01
   4.7324926e-01   0.0000000e+00   5.2726127e-02   9.4727387e-01
   4.6751945e-01   0.0000000e+00   4.2283097e-02   9.5771690e-01
   4.6403023e-01   0.0000000e+00   5.3051936e-02   9.4694806e-01
   4.8095189e-01   0.0000000e+00   5.4292165e-02   9.4570784e-01
   4.7211233e-01   0.0000000e+00   4.4068353e-02   9.5593165e-01
