   6.7236277e-01   0.0000000e+00   6.8340462e-02   9.3165954e-01
   6.7224907e-01   0.0000000e+00   6.9359873e-02   9.3064013e-01
   6.7201799e-01   0.0000000e+00   6.9593129e-02   9.3040687e-01
   6.7255084e-01   0.0000000e+00   6.8227172e-02   9.3177283e-01
   6.7239458e-01   0.0000000e+00   6.8940270e-02   9.3105973e-01
   6.7274473e-01   0.0000000e+00   6.9256139e-02   9.3074386e-01
   6.7299465e-01   0.0000000e+00   6.8324456e-02   9.3167554e-01
   6.7277293e-01   0.0000000e+00   6.8628273e-02   9.3137173e-01
   6.7293430e-01   0.0000000e+00   6.8359671e-02   9.3164033e-01
   6.7272450e-01   0.0000000e+00   6.8374223e-02   9.3162578e-01
   6.7251208e-01   0.0000000e+00   6.8658858e-02   9.3134114e-01
   6.7277238e-01   0.0000000e+00   6.9202821e-02   9.3079718e-01
   6.7355941e-01   0.0000000e+00   6.8249819e-02   9.3175018e-01
   6.7305286e-01   0.0000000e+00   6.8929323e-02   9.3107068e-01
   6.7389242e-01   0.0000000e+00   6.8336968e-02   9.3166303e-01
   6.7334097e-01   0.0000000e+00   6.8422878e-02   9.3157712e-01
   6.7300210e-01   0.0000000e+00   6.9021971e-02   9.3097803e-01
   6.7414598e-01   0.0000000e+00   6.9042715e-02   9.3095728e-01
   6.7386907e-01   0.0000000e+00   6.7598375e-02   9.3240163e-01
   6.7339254e-01   0.0000000e+00   6.8615739e-02   9.3138426e-01
   6.7385113e-01   0.0000000e+00   6.8578275e-02   9.3142173e-01
   6.7346224e-01   0.0000000e+00   6.8679565e-02   9.3132044e-01
   6.7354850e-01   0.0000000e+00   6.8824172e-02   9.3117583e-01
   6.7369997e-01   0.0000000e+00   6.8663978e-02   9.3133602e-01
   6.7205594e-01   0.0000000e+00   7.0690503e-02   9.2930950e-01
   6.7360867e-01   0.0000000e+00   6.8866131e-02   9.3113387e-01
   6.7470235e-01   0.0000000e+00   6.8307148e-02   9.3169285e-01
   6.7323124e-01   0.0000000e+00   6.8896536e-02   9.3110346e-01
   6.7254512e-01   0.0000000e+00   6.9740874e-02   9.3025913e-01
   6.7340458e-01   0.0000000e+00   6.8953811e-02   9.3104619e-01
   6.7377264e-01   0.0000000e+00   6.8493266e-02   9.3150673e-01
   6.7364517e-01   0.0000000e+00   6.8109472e-02   9.3189053e-01
   6.7335106e-01   0.0000000e+00   6.8947886e-02   9.3105211e-01
   6.7345487e-01   0.0000000e+00   6.9293340e-02   9.3070666e-01
   6.7389909e-01   0.0000000e+00   6.8631351e-02   9.3136865e-01
   6.7424231e-01   0.0000000e+00   6.8812705e-02   9.3118729e-01
   6.7393729e-01   0.0000000e+00   6.7719803e-02   9.3228020e-01
   6.7374184e-01   0.0000000e+00   6.8142109e-02   9.3185789e-01
   6.7371166e-01   0.0000000e+00   6.8862658e-02   9.3113734e-01
   6.7358394e-01   0.0000000e+00   6.8655807e-02   9.3134419e-01
   6.7411822e-01   0.0000000e+00   6.8720756e-02   9.3127924e-01
   6.7379249e-01   0.0000000e+00   6.9177715e-02   9.3082228e-01
   6.7396437e-01   0.0000000e+00   6.9009470e-02   9.3099053e-01
   6.7374434e-01   0.0000000e+00   6.8970303e-02   9.3102970e-01
   6.7384796e-01   0.0000000e+00   6.9113614e-02   9.3088639e-01
   6.7415779e-01   0.0000000e+00   6.8576189e-02   9.3142381e-01
   6.7342331e-01   0.0000000e+00   6.8750798e-02   9.3124920e-01
   6.7377269e-01   0.0000000e+00   6.8840528e-02   9.3115947e-01
   6.7426586e-01   0.0000000e+00   6.8675345e-02   9.3132466e-01
   6.7427950e-01   0.0000000e+00   6.8687024e-02   9.3131298e-01
   6.7381940e-01   0.0000000e+00   6.8970866e-02   9.3102913e-01
   6.7488895e-01   0.0000000e+00   6.9070901e-02   9.3092910e-01
   6.7429589e-01   0.0000000e+00   6.7373195e-02   9.3262680e-01
   6.7378424e-01   0.0000000e+00   6.9134508e-02   9.3086549e-01
   6.7427756e-01   0.0000000e+00   6.8562812e-02   9.3143719e-01
   6.7433794e-01   0.0000000e+00   6.8500781e-02   9.3149922e-01
   6.7371992e-01   0.0000000e+00   6.8635628e-02   9.3136437e-01
   6.7430430e-01   0.0000000e+00   6.8481066e-02   9.3151893e-01
   6.7392313e-01   0.0000000e+00   6.9107519e-02   9.3089248e-01
   6.7354310e-01   0.0000000e+00   6.9730373e-02   9.3026963e-01
   6.7407336e-01   0.0000000e+00   6.9502096e-02   9.3049790e-01
   6.7350521e-01   0.0000000e+00   6.8530732e-02   9.3146927e-01
   6.7445638e-01   0.0000000e+00   6.8757597e-02   9.3124240e-01
   6.7450230e-01   0.0000000e+00   6.8849526e-02   9.3115047e-01
   6.7445988e-01   0.0000000e+00   6.8686703e-02   9.3131330e-01
   6.7479050e-01   0.0000000e+00   6.9029377e-02   9.3097062e-01
   6.7379315e-01   0.0000000e+00   6.8401385e-02   9.3159861e-01
   6.7451319e-01   0.0000000e+00   6.8483272e-02   9.3151673e-01
   6.7384105e-01   0.0000000e+00   6.9594958e-02   9.3040504e-01
   6.7433321e-01   0.0000000e+00   6.8746273e-02   9.3125373e-01
   6.7462689e-01   0.0000000e+00   6.6456213e-02   9.3354379e-01
   6.7446593e-01   0.0000000e+00   6.8446887e-02   9.3155311e-01
   6.7446168e-01   0.0000000e+00   6.9024443e-02   9.3097556e-01
   6.7460456e-01   0.0000000e+00   6.9228824e-02   9.3077118e-01
   6.7432626e-01   0.0000000e+00   6.9091355e-02   9.3090864e-01
   6.7450230e-01   0.0000000e+00   6.8319013e-02   9.3168099e-01
   6.7472321e-01   0.0000000e+00   6.9318587e-02   9.3068141e-01
   6.7489795e-01   0.0000000e+00   6.8868617e-02   9.3113138e-01
   6.7464123e-01   0.0000000e+00   6.8627890e-02   9.3137211e-01
   6.7492607e-01   0.0000000e+00   6.8830727e-02   9.3116927e-01
   6.7502577e-01   0.0000000e+00   6.9542862e-02   9.3045714e-01
   6.7480169e-01   0.0000000e+00   6.9022862e-02   9.3097714e-01
   6.7354821e-01   0.0000000e+00   7.0655992e-02   9.2934401e-01
   6.7468885e-01   0.0000000e+00   6.8534504e-02   9.3146550e-01
   6.7463412e-01   0.0000000e+00   6.9242817e-02   9.3075718e-01
   6.7517063e-01   0.0000000e+00   6.8939086e-02   9.3106091e-01
   6.7488203e-01   0.0000000e+00   6.8866344e-02   9.3113366e-01
   6.7388846e-01   0.0000000e+00   7.0199580e-02   9.2980042e-01
   6.7510336e-01   0.0000000e+00   6.8651060e-02   9.3134894e-01
   6.7488970e-01   0.0000000e+00   6.8374723e-02   9.3162528e-01
   6.7507107e-01   0.0000000e+00   6.8802985e-02   9.3119702e-01
   6.7439262e-01   0.0000000e+00   6.8043708e-02   9.3195629e-01
   6.7480418e-01   0.0000000e+00   6.9297038e-02   9.3070296e-01
   6.7497593e-01   0.0000000e+00   6.8707332e-02   9.3129267e-01
   6.7520311e-01   0.0000000e+00   6.8630600e-02   9.3136940e-01
   6.7645051e-01   0.0000000e+00   6.8852919e-02   9.3114708e-01
   6.7505540e-01   0.0000000e+00   6.8376083e-02   9.3162392e-01
   6.7558668e-01   0.0000000e+00   6.8626154e-02   9.3137385e-01
   6.7556739e-01   0.0000000e+00   6.9628732e-02   9.3037127e-01
   6.7569057e-01   0.0000000e+00   6.8571882e-02   9.3142812e-01
   6.7515286e-01   0.0000000e+00   6.8600087e-02   9.3139991e-01
   6.7442507e-01   0.0000000e+00   6.8484287e-02   9.3151571e-01
   6.7560855e-01   0.0000000e+00   6.8837091e-02   9.3116291e-01
   6.7570982e-01   0.0000000e+00   6.9116380e-02   9.3088362e-01
   6.7570288e-01   0.0000000e+00   6.8718882e-02   9.3128112e-01
   6.7607657e-01   0.0000000e+00   6.8526254e-02   9.3147375e-01
   6.7455656e-01   0.0000000e+00   6.8224149e-02   9.3177585e-01
   6.7554789e-01   0.0000000e+00   6.8466961e-02   9.3153304e-01
   6.7573894e-01   0.0000000e+00   6.8608751e-02   9.3139125e-01
   6.7579722e-01   0.0000000e+00   6.8987714e-02   9.3101229e-01
   6.7298385e-01   0.0000000e+00   7.1444162e-02   9.2855584e-01
   6.7550329e-01   0.0000000e+00   6.8760324e-02   9.3123968e-01
   6.7631702e-01   0.0000000e+00   6.8285950e-02   9.3171405e-01
   6.7664570e-01   0.0000000e+00   6.7302679e-02   9.3269732e-01
   6.7559848e-01   0.0000000e+00   6.8083275e-02   9.3191672e-01
   6.7313620e-01   0.0000000e+00   7.2013077e-02   9.2798692e-01
   6.7532336e-01   0.0000000e+00   7.0194114e-02   9.2980589e-01
   6.7644284e-01   0.0000000e+00   6.8606282e-02   9.3139372e-01
   6.7602100e-01   0.0000000e+00   6.8707531e-02   9.3129247e-01
   6.7684955e-01   0.0000000e+00   6.8692451e-02   9.3130755e-01
   6.7442865e-01   0.0000000e+00   6.6965083e-02   9.3303492e-01
   6.7571151e-01   0.0000000e+00   6.8677468e-02   9.3132253e-01
   6.7749191e-01   0.0000000e+00   6.5554423e-02   9.3444558e-01
   6.7645290e-01   0.0000000e+00   6.8868370e-02   9.3113163e-01
   6.7688442e-01   0.0000000e+00   6.8382625e-02   9.3161738e-01
   6.7629486e-01   0.0000000e+00   6.8303234e-02   9.3169677e-01
   6.7675156e-01   0.0000000e+00   6.9178409e-02   9.3082159e-01
   6.7707167e-01   0.0000000e+00   6.7529809e-02   9.3247019e-01
   6.7591468e-01   0.0000000e+00   6.8933937e-02   9.3106606e-01
   6.7671949e-01   0.0000000e+00   6.8907302e-02   9.3109270e-01
   6.7625750e-01   0.0000000e+00   6.8731528e-02   9.3126847e-01
   6.7464647e-01   0.0000000e+00   6.7306626e-02   9.3269337e-01
   6.7669750e-01   0.0000000e+00   6.7804240e-02   9.3219576e-01
   6.7695297e-01   0.0000000e+00   6.9238762e-02   9.3076124e-01
   6.7745302e-01   0.0000000e+00   6.8128674e-02   9.3187133e-01
   6.7693995e-01   0.0000000e+00   6.8498481e-02   9.3150152e-01
   6.7889160e-01   0.0000000e+00   6.7240556e-02   9.3275944e-01
   6.7166045e-01   0.0000000e+00   7.3090932e-02   9.2690907e-01
   6.7667211e-01   0.0000000e+00   6.7874937e-02   9.3212506e-01
   6.7709119e-01   0.0000000e+00   6.6321720e-02   9.3367828e-01
   6.7836245e-01   0.0000000e+00   6.8882535e-02   9.3111746e-01
   6.7781378e-01   0.0000000e+00   6.8658020e-02   9.3134198e-01
   6.7622399e-01   0.0000000e+00   7.1544284e-02   9.2845572e-01
   6.7712100e-01   0.0000000e+00   6.8674342e-02   9.3132566e-01
   6.7766582e-01   0.0000000e+00   6.8521465e-02   9.3147853e-01
   6.7713027e-01   0.0000000e+00   6.8452448e-02   9.3154755e-01
   6.7698242e-01   0.0000000e+00   6.9484283e-02   9.3051572e-01
   6.7758697e-01   0.0000000e+00   6.8886211e-02   9.3111379e-01
   6.7818233e-01   0.0000000e+00   6.8455657e-02   9.3154434e-01
   6.7883704e-01   0.0000000e+00   6.7569242e-02   9.3243076e-01
   6.7845910e-01   0.0000000e+00   6.9177570e-02   9.3082243e-01
   6.7882285e-01   0.0000000e+00   6.6553819e-02   9.3344618e-01
   6.7799328e-01   0.0000000e+00   6.8230791e-02   9.3176921e-01
   6.7793835e-01   0.0000000e+00   6.9255899e-02   9.3074410e-01
   6.7855481e-01   0.0000000e+00   6.6139989e-02   9.3386001e-01
   6.7836227e-01   0.0000000e+00   6.5332237e-02   9.3466776e-01
   6.7724868e-01   0.0000000e+00   6.9843999e-02   9.3015600e-01
   6.7811666e-01   0.0000000e+00   6.8041623e-02   9.3195838e-01
   6.7459129e-01   0.0000000e+00   6.6189780e-02   9.3381022e-01
   6.7692173e-01   0.0000000e+00   6.9921795e-02   9.3007821e-01
   6.7858897e-01   0.0000000e+00   6.8194441e-02   9.3180556e-01
   6.7897571e-01   0.0000000e+00   6.7772461e-02   9.3222754e-01
   6.7861881e-01   0.0000000e+00   6.9096848e-02   9.3090315e-01
   6.7974789e-01   0.0000000e+00   6.8301851e-02   9.3169815e-01
   6.7839911e-01   0.0000000e+00   6.9382481e-02   9.3061752e-01
   6.7813222e-01   0.0000000e+00   6.8109227e-02   9.3189077e-01
   6.7899257e-01   0.0000000e+00   6.7727379e-02   9.3227262e-01
   6.7806787e-01   0.0000000e+00   6.9306116e-02   9.3069388e-01
   6.8102836e-01   0.0000000e+00   6.7760500e-02   9.3223950e-01
   6.7759260e-01   0.0000000e+00   6.9322132e-02   9.3067787e-01
   6.7749123e-01   0.0000000e+00   6.8972103e-02   9.3102790e-01
   6.7750399e-01   0.0000000e+00   6.9434947e-02   9.3056505e-01
   6.8032490e-01   0.0000000e+00   6.6646254e-02   9.3335375e-01
   6.7856403e-01   0.0000000e+00   7.0179686e-02   9.2982031e-01
   6.7807079e-01   0.0000000e+00   6.8442748e-02   9.3155725e-01
   6.7973883e-01   0.0000000e+00   6.5207256e-02   9.3479274e-01
   6.7917313e-01   0.0000000e+00   6.9381793e-02   9.3061821e-01
   6.7899438e-01   0.0000000e+00   6.8301794e-02   9.3169821e-01
   6.7504864e-01   0.0000000e+00   7.4792189e-02   9.2520781e-01
   6.7916445e-01   0.0000000e+00   7.0718383e-02   9.2928162e-01
   6.7972916e-01   0.0000000e+00   6.8030167e-02   9.3196983e-01
   6.7916741e-01   0.0000000e+00   6.8221250e-02   9.3177875e-01
   6.7767764e-01   0.0000000e+00   7.0012307e-02   9.2998769e-01
   6.8034275e-01   0.0000000e+00   6.8539474e-02   9.3146053e-01
   6.7922635e-01   0.0000000e+00   7.1307312e-02   9.2869269e-01
   6.7917762e-01   0.0000000e+00   6.9294646e-02   9.3070535e-01
   6.7971184e-01   0.0000000e+00   7.1266595e-02   9.2873340e-01
   6.8200491e-01   0.0000000e+00   7.0216007e-02   9.2978399e-01
   6.7985015e-01   0.0000000e+00   6.9919629e-02   9.3008037e-01
   6.7995936e-01   0.0000000e+00   6.9049766e-02   9.3095023e-01
   6.8006147e-01   0.0000000e+00   6.5552485e-02   9.3444752e-01
   6.7849742e-01   0.0000000e+00   7.1065132e-02   9.2893487e-01
   6.7910232e-01   0.0000000e+00   7.0291090e-02   9.2970891e-01
   6.8092055e-01   0.0000000e+00   7.0417308e-02   9.2958269e-01
   6.7957944e-01   0.0000000e+00   7.0603280e-02   9.2939672e-01
   6.8093355e-01   0.0000000e+00   6.7982064e-02   9.3201794e-01
   6.8053380e-01   0.0000000e+00   6.8656187e-02   9.3134381e-01
   6.8472212e-01   0.0000000e+00   6.3900108e-02   9.3609989e-01
   6.8138655e-01   0.0000000e+00   6.8376437e-02   9.3162356e-01
   6.8158460e-01   0.0000000e+00   6.9372907e-02   9.3062709e-01
   6.8112999e-01   0.0000000e+00   6.8725817e-02   9.3127418e-01
   6.8037684e-01   0.0000000e+00   6.9823059e-02   9.3017694e-01
   6.8185017e-01   0.0000000e+00   6.8728568e-02   9.3127143e-01
   6.8171616e-01   0.0000000e+00   7.1836389e-02   9.2816361e-01
   6.8326877e-01   0.0000000e+00   6.8731978e-02   9.3126802e-01
   6.8132093e-01   0.0000000e+00   6.3147782e-02   9.3685222e-01
   6.8062808e-01   0.0000000e+00   7.0450359e-02   9.2954964e-01
   6.7997266e-01   0.0000000e+00   7.1874667e-02   9.2812533e-01
   6.8287028e-01   0.0000000e+00   6.8772858e-02   9.3122714e-01
   6.8326260e-01   0.0000000e+00   7.0039936e-02   9.2996006e-01
   6.8279281e-01   0.0000000e+00   6.9578060e-02   9.3042194e-01
   6.8189024e-01   0.0000000e+00   6.9412128e-02   9.3058787e-01
   6.8291540e-01   0.0000000e+00   6.9813521e-02   9.3018648e-01
   6.8335580e-01   0.0000000e+00   7.2713936e-02   9.2728606e-01
   6.8363676e-01   0.0000000e+00   6.9663449e-02   9.3033655e-01
   6.8226151e-01   0.0000000e+00   7.0969726e-02   9.2903027e-01
   6.8483216e-01   0.0000000e+00   7.0108863e-02   9.2989114e-01
   6.8286786e-01   0.0000000e+00   7.1392034e-02   9.2860797e-01
   6.8404901e-01   0.0000000e+00   6.8414705e-02   9.3158530e-01
   6.8350030e-01   0.0000000e+00   7.0030990e-02   9.2996901e-01
   6.8167076e-01   0.0000000e+00   7.2001185e-02   9.2799882e-01
   6.8236045e-01   0.0000000e+00   7.1280296e-02   9.2871970e-01
   6.8389868e-01   0.0000000e+00   6.9461649e-02   9.3053835e-01
   6.8293767e-01   0.0000000e+00   7.1573898e-02   9.2842610e-01
   6.8569048e-01   0.0000000e+00   7.0174123e-02   9.2982588e-01
   6.8763067e-01   0.0000000e+00   7.2798391e-02   9.2720161e-01
   6.8372614e-01   0.0000000e+00   7.1318172e-02   9.2868183e-01
   6.8670510e-01   0.0000000e+00   6.8626236e-02   9.3137376e-01
   6.8711605e-01   0.0000000e+00   7.0325448e-02   9.2967455e-01
   6.8376014e-01   0.0000000e+00   6.9856591e-02   9.3014341e-01
   6.8568485e-01   0.0000000e+00   6.9906692e-02   9.3009331e-01
   6.8182804e-01   0.0000000e+00   7.0198959e-02   9.2980104e-01
   6.7985388e-01   0.0000000e+00   7.3433502e-02   9.2656650e-01
   6.8363930e-01   0.0000000e+00   7.1372554e-02   9.2862745e-01
   6.8455501e-01   0.0000000e+00   7.0985673e-02   9.2901433e-01
   6.8580457e-01   0.0000000e+00   7.0675246e-02   9.2932475e-01
   6.8578756e-01   0.0000000e+00   6.9449068e-02   9.3055093e-01
   6.8476539e-01   0.0000000e+00   7.2077542e-02   9.2792246e-01
   6.8554705e-01   0.0000000e+00   6.7209979e-02   9.3279002e-01
   6.8541095e-01   0.0000000e+00   7.1331560e-02   9.2866844e-01
   6.8492498e-01   0.0000000e+00   7.1520199e-02   9.2847980e-01
   6.8407928e-01   0.0000000e+00   7.0895487e-02   9.2910451e-01
   6.8883482e-01   0.0000000e+00   7.1369570e-02   9.2863043e-01
   6.8490255e-01   0.0000000e+00   7.1069972e-02   9.2893003e-01
   6.8973803e-01   0.0000000e+00   7.2534450e-02   9.2746555e-01
   6.7879972e-01   0.0000000e+00   7.5679371e-02   9.2432063e-01
   6.7068817e-01   0.0000000e+00   6.9521092e-02   9.3047891e-01
   6.8762844e-01   0.0000000e+00   7.0827598e-02   9.2917240e-01
   6.9017559e-01   0.0000000e+00   7.0258788e-02   9.2974121e-01
   6.7279382e-01   0.0000000e+00   6.8840672e-02   9.3115933e-01
   6.7273662e-01   0.0000000e+00   6.8771905e-02   9.3122809e-01
   6.7231259e-01   0.0000000e+00   6.8388749e-02   9.3161125e-01
   6.7240020e-01   0.0000000e+00   7.0501417e-02   9.2949858e-01
   6.7303739e-01   0.0000000e+00   6.8172496e-02   9.3182750e-01
   6.7312632e-01   0.0000000e+00   6.8001805e-02   9.3199819e-01
   6.8730928e-01   0.0000000e+00   7.1223915e-02   9.2877609e-01
   6.7300050e-01   0.0000000e+00   6.8352171e-02   9.3164783e-01
   6.7380867e-01   0.0000000e+00   6.9366840e-02   9.3063316e-01
   6.8766126e-01   0.0000000e+00   6.9889964e-02   9.3011004e-01
   6.7402877e-01   0.0000000e+00   6.9016972e-02   9.3098303e-01
   6.8640741e-01   0.0000000e+00   7.0890565e-02   9.2910944e-01
   6.7065916e-01   0.0000000e+00   7.0747866e-02   9.2925213e-01
   6.8688519e-01   0.0000000e+00   7.2736241e-02   9.2726376e-01
   6.7397561e-01   0.0000000e+00   6.6582323e-02   9.3341768e-01
   6.7269249e-01   0.0000000e+00   7.1498788e-02   9.2850121e-01
   6.7426615e-01   0.0000000e+00   6.6304124e-02   9.3369588e-01
   6.7318103e-01   0.0000000e+00   6.6138237e-02   9.3386176e-01
   6.8412518e-01   0.0000000e+00   7.0444858e-02   9.2955514e-01
   6.8748606e-01   0.0000000e+00   7.1599241e-02   9.2840076e-01
   6.9584186e-01   0.0000000e+00   7.0466352e-02   9.2953365e-01
   6.8682914e-01   0.0000000e+00   7.1611369e-02   9.2838863e-01
   6.8676431e-01   0.0000000e+00   7.2081184e-02   9.2791882e-01
   6.8869645e-01   0.0000000e+00   7.1046188e-02   9.2895381e-01
   6.7472375e-01   0.0000000e+00   6.6031630e-02   9.3396837e-01
   6.8567711e-01   0.0000000e+00   7.7776146e-02   9.2222385e-01
   6.8852119e-01   0.0000000e+00   7.2246292e-02   9.2775371e-01
   6.8640450e-01   0.0000000e+00   7.0757577e-02   9.2924242e-01
   6.8897288e-01   0.0000000e+00   7.2818800e-02   9.2718120e-01
   6.8730198e-01   0.0000000e+00   7.2706547e-02   9.2729345e-01
   6.8725026e-01   0.0000000e+00   7.1245881e-02   9.2875412e-01
   6.7497080e-01   0.0000000e+00   6.3534848e-02   9.3646515e-01
   6.7487200e-01   0.0000000e+00   6.3399090e-02   9.3660091e-01
   6.8912517e-01   0.0000000e+00   7.1263225e-02   9.2873677e-01
   6.7366791e-01   0.0000000e+00   6.9613360e-02   9.3038664e-01
   6.8999531e-01   0.0000000e+00   7.0729620e-02   9.2927038e-01
   6.8591288e-01   0.0000000e+00   7.4079663e-02   9.2592034e-01
   6.7513109e-01   0.0000000e+00   6.2110481e-02   9.3788952e-01
   6.8695658e-01   0.0000000e+00   7.0610784e-02   9.2938922e-01
   6.9032871e-01   0.0000000e+00   7.1187524e-02   9.2881248e-01
   6.9209653e-01   0.0000000e+00   6.9610411e-02   9.3038959e-01
   6.8597765e-01   0.0000000e+00   7.2988662e-02   9.2701134e-01
   6.7726347e-01   0.0000000e+00   7.0478137e-02   9.2952186e-01
   6.7996149e-01   0.0000000e+00   7.9189593e-02   9.2081041e-01
   6.9006007e-01   0.0000000e+00   7.3165026e-02   9.2683497e-01
   6.8997658e-01   0.0000000e+00   7.3715787e-02   9.2628421e-01
   6.9055466e-01   0.0000000e+00   7.4172010e-02   9.2582799e-01
   6.9053914e-01   0.0000000e+00   7.1563682e-02   9.2843632e-01
   6.9030160e-01   0.0000000e+00   7.1344323e-02   9.2865568e-01
   6.9001922e-01   0.0000000e+00   6.9758961e-02   9.3024104e-01
   6.8974384e-01   0.0000000e+00   7.2231845e-02   9.2776815e-01
   6.9267411e-01   0.0000000e+00   7.3256631e-02   9.2674337e-01
   6.8904731e-01   0.0000000e+00   7.3138514e-02   9.2686149e-01
   6.9154078e-01   0.0000000e+00   6.8322472e-02   9.3167753e-01
   6.9200962e-01   0.0000000e+00   7.0835356e-02   9.2916464e-01
   6.8940178e-01   0.0000000e+00   7.1497490e-02   9.2850251e-01
   6.9414396e-01   0.0000000e+00   7.0906383e-02   9.2909362e-01
   6.9368984e-01   0.0000000e+00   7.0034262e-02   9.2996574e-01
   6.8828269e-01   0.0000000e+00   7.0660625e-02   9.2933938e-01
   6.9167675e-01   0.0000000e+00   7.1762571e-02   9.2823743e-01
   6.9246712e-01   0.0000000e+00   7.0482940e-02   9.2951706e-01
   6.8760697e-01   0.0000000e+00   6.9572519e-02   9.3042748e-01
   6.8696844e-01   0.0000000e+00   6.8645808e-02   9.3135419e-01
   6.9894825e-01   0.0000000e+00   7.4689779e-02   9.2531022e-01
   6.9773016e-01   0.0000000e+00   6.3592981e-02   9.3640702e-01
   6.9560498e-01   0.0000000e+00   6.9165787e-02   9.3083421e-01
   6.9117869e-01   0.0000000e+00   7.1836280e-02   9.2816372e-01
   6.9327404e-01   0.0000000e+00   7.1380999e-02   9.2861900e-01
   6.9422462e-01   0.0000000e+00   7.4841361e-02   9.2515864e-01
   6.9266221e-01   0.0000000e+00   7.1327146e-02   9.2867285e-01
   6.9253602e-01   0.0000000e+00   7.6054321e-02   9.2394568e-01
   6.9298213e-01   0.0000000e+00   7.2207263e-02   9.2779274e-01
   6.9300955e-01   0.0000000e+00   6.5789907e-02   9.3421009e-01
   6.8501481e-01   0.0000000e+00   6.4553344e-02   9.3544666e-01
   6.8927398e-01   0.0000000e+00   7.6793780e-02   9.2320622e-01
   6.9832261e-01   0.0000000e+00   6.9162309e-02   9.3083769e-01
   6.9605709e-01   0.0000000e+00   6.9538477e-02   9.3046152e-01
   6.9293029e-01   0.0000000e+00   7.6782196e-02   9.2321780e-01
   6.8821155e-01   0.0000000e+00   6.9232090e-02   9.3076791e-01
   6.7435490e-01   0.0000000e+00   6.8950533e-02   9.3104947e-01
   6.8869945e-01   0.0000000e+00   7.0758719e-02   9.2924128e-01
   6.9033144e-01   0.0000000e+00   6.8664069e-02   9.3133593e-01
   6.9437419e-01   0.0000000e+00   7.1179867e-02   9.2882013e-01
   6.9730573e-01   0.0000000e+00   8.0737829e-02   9.1926217e-01
   6.9214439e-01   0.0000000e+00   7.3347323e-02   9.2665268e-01
   6.9358362e-01   0.0000000e+00   7.0785995e-02   9.2921401e-01
   6.7772550e-01   0.0000000e+00   7.2383833e-02   9.2761617e-01
   6.9790921e-01   0.0000000e+00   7.5529022e-02   9.2447098e-01
   6.9643072e-01   0.0000000e+00   7.0712255e-02   9.2928775e-01
   6.9725569e-01   0.0000000e+00   7.6493499e-02   9.2350650e-01
   6.9887847e-01   0.0000000e+00   6.8933418e-02   9.3106658e-01
   6.9552780e-01   0.0000000e+00   7.0639139e-02   9.2936086e-01
   7.0279459e-01   0.0000000e+00   6.7279647e-02   9.3272035e-01
   6.9708860e-01   0.0000000e+00   5.7414430e-02   9.4258557e-01
   6.9645811e-01   0.0000000e+00   7.1642552e-02   9.2835745e-01
   6.7958590e-01   0.0000000e+00   6.7709487e-02   9.3229051e-01
   7.0173080e-01   0.0000000e+00   7.5319331e-02   9.2468067e-01
   6.9535341e-01   0.0000000e+00   7.3670557e-02   9.2632944e-01
   6.9777484e-01   0.0000000e+00   7.2487229e-02   9.2751277e-01
   7.0287911e-01   0.0000000e+00   6.8527564e-02   9.3147244e-01
   6.9716740e-01   0.0000000e+00   7.0381365e-02   9.2961863e-01
   7.0163832e-01   0.0000000e+00   6.8938794e-02   9.3106121e-01
   7.0371664e-01   0.0000000e+00   6.8147773e-02   9.3185223e-01
   6.8949730e-01   0.0000000e+00   6.5548619e-02   9.3445138e-01
   7.0234554e-01   0.0000000e+00   6.8632488e-02   9.3136751e-01
   6.9970310e-01   0.0000000e+00   7.1145172e-02   9.2885483e-01
   6.8455049e-01   0.0000000e+00   6.5547504e-02   9.3445250e-01
   7.0411919e-01   0.0000000e+00   6.8930465e-02   9.3106953e-01
   6.9759133e-01   0.0000000e+00   6.8092776e-02   9.3190722e-01
   7.1037196e-01   0.0000000e+00   6.5457267e-02   9.3454273e-01
   6.9846583e-01   0.0000000e+00   7.1515393e-02   9.2848461e-01
   7.0758649e-01   0.0000000e+00   6.7911882e-02   9.3208812e-01
   6.8541145e-01   0.0000000e+00   7.0622892e-02   9.2937711e-01
   7.1358663e-01   0.0000000e+00   6.5504995e-02   9.3449501e-01
   7.0328436e-01   0.0000000e+00   7.0573448e-02   9.2942655e-01
   6.9697803e-01   0.0000000e+00   7.5548034e-02   9.2445197e-01
   7.0846848e-01   0.0000000e+00   6.8470503e-02   9.3152950e-01
   7.0304156e-01   0.0000000e+00   6.7192933e-02   9.3280707e-01
   7.0757576e-01   0.0000000e+00   6.7627784e-02   9.3237222e-01
   7.0614076e-01   0.0000000e+00   6.7724942e-02   9.3227506e-01
   7.0643689e-01   0.0000000e+00   7.1263013e-02   9.2873699e-01
   7.1083183e-01   0.0000000e+00   6.5624450e-02   9.3437555e-01
   6.9819200e-01   0.0000000e+00   8.2183210e-02   9.1781679e-01
   7.0744042e-01   0.0000000e+00   6.8760880e-02   9.3123912e-01
   7.0281418e-01   0.0000000e+00   7.0161822e-02   9.2983818e-01
   7.0581073e-01   0.0000000e+00   7.1452143e-02   9.2854786e-01
   6.7649855e-01   0.0000000e+00   6.1280538e-02   9.3871946e-01
   7.1027302e-01   0.0000000e+00   6.0015759e-02   9.3998424e-01
   7.2435879e-01   0.0000000e+00   6.3048088e-02   9.3695191e-01
   7.0835647e-01   0.0000000e+00   6.9190488e-02   9.3080951e-01
   7.0334824e-01   0.0000000e+00   7.4087434e-02   9.2591257e-01
   7.1139640e-01   0.0000000e+00   6.2178622e-02   9.3782138e-01
   7.0893477e-01   0.0000000e+00   7.3411909e-02   9.2658809e-01
   7.1136057e-01   0.0000000e+00   6.9202714e-02   9.3079729e-01
   7.0876052e-01   0.0000000e+00   6.6882080e-02   9.3311792e-01
   7.1743320e-01   0.0000000e+00   6.3677409e-02   9.3632259e-01
   7.0709307e-01   0.0000000e+00   8.2400465e-02   9.1759953e-01
   7.1274557e-01   0.0000000e+00   6.0531935e-02   9.3946806e-01
   7.1496055e-01   0.0000000e+00   6.5195705e-02   9.3480430e-01
   7.1684179e-01   0.0000000e+00   6.1002489e-02   9.3899751e-01
   7.1995253e-01   0.0000000e+00   6.8068468e-02   9.3193153e-01
   6.7867789e-01   0.0000000e+00   6.9714114e-02   9.3028589e-01
   7.0055452e-01   0.0000000e+00   6.7280880e-02   9.3271912e-01
   7.2483074e-01   0.0000000e+00   6.2594089e-02   9.3740591e-01
   7.0927905e-01   0.0000000e+00   5.3711068e-02   9.4628893e-01
   7.0965673e-01   0.0000000e+00   4.9086579e-02   9.5091342e-01
   7.1493752e-01   0.0000000e+00   7.0403173e-02   9.2959683e-01
   7.2602377e-01   0.0000000e+00   5.7972343e-02   9.4202766e-01
   7.1397484e-01   0.0000000e+00   6.6640471e-02   9.3335953e-01
   7.2914308e-01   0.0000000e+00   7.4353945e-02   9.2564606e-01
   7.1857419e-01   0.0000000e+00   5.7110474e-02   9.4288953e-01
   7.2461481e-01   0.0000000e+00   5.9463539e-02   9.4053646e-01
   7.1509948e-01   0.0000000e+00   7.3260654e-02   9.2673935e-01
   7.3277760e-01   0.0000000e+00   6.2268059e-02   9.3773194e-01
   7.1996169e-01   0.0000000e+00   5.6765728e-02   9.4323427e-01
   6.6772777e-01   0.0000000e+00   6.3577917e-02   9.3642208e-01
   7.3722565e-01   0.0000000e+00   5.7859421e-02   9.4214058e-01
   7.2309412e-01   0.0000000e+00   5.9297822e-02   9.4070218e-01
   7.2839374e-01   0.0000000e+00   7.6693619e-02   9.2330638e-01
   7.2458275e-01   0.0000000e+00   5.7991057e-02   9.4200894e-01
   7.3363222e-01   0.0000000e+00   6.4114632e-02   9.3588537e-01
   7.3078042e-01   0.0000000e+00   7.1894685e-02   9.2810531e-01
   7.3201887e-01   0.0000000e+00   6.3895181e-02   9.3610482e-01
   7.1945140e-01   0.0000000e+00   6.1069379e-02   9.3893062e-01
   7.3401577e-01   0.0000000e+00   6.2386943e-02   9.3761306e-01
   7.2827951e-01   0.0000000e+00   6.5564238e-02   9.3443576e-01
   7.2629139e-01   0.0000000e+00   5.4372106e-02   9.4562789e-01
   7.1082856e-01   0.0000000e+00   8.1248029e-02   9.1875197e-01
   7.3312691e-01   0.0000000e+00   6.0237072e-02   9.3976293e-01
   7.4247988e-01   0.0000000e+00   5.8263132e-02   9.4173687e-01
   7.2091333e-01   0.0000000e+00   5.0894716e-02   9.4910528e-01
   7.3517778e-01   0.0000000e+00   6.0958245e-02   9.3904176e-01
   7.3644624e-01   0.0000000e+00   4.8936502e-02   9.5106350e-01
   7.2910157e-01   0.0000000e+00   7.5222486e-02   9.2477751e-01
   7.1283210e-01   0.0000000e+00   6.6153442e-02   9.3384656e-01
   7.3452031e-01   0.0000000e+00   5.7140630e-02   9.4285937e-01
   7.2006030e-01   0.0000000e+00   4.0186228e-02   9.5981377e-01
   7.3499252e-01   0.0000000e+00   6.1187144e-02   9.3881286e-01
   7.2883622e-01   0.0000000e+00   6.6361352e-02   9.3363865e-01
   7.2692828e-01   0.0000000e+00   5.2714491e-02   9.4728551e-01
   7.3222480e-01   0.0000000e+00   5.3902802e-02   9.4609720e-01
   7.1940412e-01   0.0000000e+00   7.7805603e-02   9.2219440e-01
   7.3135321e-01   0.0000000e+00   6.8528705e-02   9.3147129e-01
   7.2411285e-01   0.0000000e+00   6.2298690e-02   9.3770131e-01
   7.2691137e-01   0.0000000e+00   4.6966969e-02   9.5303303e-01
   7.3444964e-01   0.0000000e+00   6.0714305e-02   9.3928569e-01
   7.2905183e-01   0.0000000e+00   6.3694307e-02   9.3630569e-01
   7.2311974e-01   0.0000000e+00   7.7139698e-02   9.2286030e-01
   7.3658850e-01   0.0000000e+00   6.2661380e-02   9.3733862e-01
   6.9486848e-01   0.0000000e+00   7.7265928e-02   9.2273407e-01
   7.1841004e-01   0.0000000e+00   6.2672627e-02   9.3732737e-01
   7.2995938e-01   0.0000000e+00   7.1161345e-02   9.2883866e-01
   7.3820366e-01   0.0000000e+00   5.7100076e-02   9.4289992e-01
   7.3954744e-01   0.0000000e+00   5.4449757e-02   9.4555024e-01
   7.3791555e-01   0.0000000e+00   5.4314362e-02   9.4568564e-01
   7.3701547e-01   0.0000000e+00   7.1677979e-02   9.2832202e-01
   7.3617078e-01   0.0000000e+00   5.3207716e-02   9.4679228e-01
   7.2952276e-01   0.0000000e+00   6.2230749e-02   9.3776925e-01
   7.4739644e-01   0.0000000e+00   5.4142049e-02   9.4585795e-01
   7.3598394e-01   0.0000000e+00   5.5622417e-02   9.4437758e-01
   7.1718917e-01   0.0000000e+00   5.7503284e-02   9.4249672e-01
   7.4532953e-01   0.0000000e+00   5.7479982e-02   9.4252002e-01
   7.2589513e-01   0.0000000e+00   4.7036931e-02   9.5296307e-01
   7.2968758e-01   0.0000000e+00   4.4317094e-02   9.5568291e-01
   7.3468785e-01   0.0000000e+00   5.6410910e-02   9.4358909e-01
   7.1599901e-01   0.0000000e+00   8.0505194e-02   9.1949481e-01
   7.1314578e-01   0.0000000e+00   6.9895340e-02   9.3010466e-01
   7.4030435e-01   0.0000000e+00   4.4410602e-02   9.5558940e-01
   6.9324147e-01   0.0000000e+00   7.9106658e-02   9.2089334e-01
   7.1173032e-01   0.0000000e+00   6.9916892e-02   9.3008311e-01
   7.2372903e-01   0.0000000e+00   6.4587714e-02   9.3541229e-01
   7.1694052e-01   0.0000000e+00   7.4445186e-02   9.2555481e-01
   7.3373683e-01   0.0000000e+00   4.3672953e-02   9.5632705e-01
   7.2898518e-01   0.0000000e+00   5.8571416e-02   9.4142858e-01
   7.4951020e-01   0.0000000e+00   6.0892370e-02   9.3910763e-01
   7.2796048e-01   0.0000000e+00   4.7496589e-02   9.5250341e-01
   7.2854811e-01   0.0000000e+00   6.4031826e-02   9.3596817e-01
   7.1051844e-01   0.0000000e+00   5.5786849e-02   9.4421315e-01
   7.3851153e-01   0.0000000e+00   4.7323568e-02   9.5267643e-01
   7.2943367e-01   0.0000000e+00   4.8439942e-02   9.5156006e-01
   7.4376610e-01   0.0000000e+00   4.5393822e-02   9.5460618e-01
   7.2392714e-01   0.0000000e+00   7.4661515e-02   9.2533849e-01
   7.2798462e-01   0.0000000e+00   5.9585231e-02   9.4041477e-01
   7.4296432e-01   0.0000000e+00   4.4558576e-02   9.5544142e-01
   7.2553196e-01   0.0000000e+00   6.0210433e-02   9.3978957e-01
   7.4255957e-01   0.0000000e+00   4.6527714e-02   9.5347229e-01
   7.1893286e-01   0.0000000e+00   7.4140621e-02   9.2585938e-01
   7.3602128e-01   0.0000000e+00   4.6268705e-02   9.5373129e-01
   7.3612976e-01   0.0000000e+00   4.4286931e-02   9.5571307e-01
   7.4300289e-01   0.0000000e+00   3.9985904e-02   9.6001410e-01
   7.3321893e-01   0.0000000e+00   6.8559414e-02   9.3144059e-01
   7.3976077e-01   0.0000000e+00   5.5625578e-02   9.4437442e-01
   7.3345868e-01   0.0000000e+00   3.7583000e-02   9.6241700e-01
   7.4835065e-01   0.0000000e+00   4.8104501e-02   9.5189550e-01
   7.2299362e-01   0.0000000e+00   3.5241744e-02   9.6475826e-01
   7.4181362e-01   0.0000000e+00   4.8353864e-02   9.5164614e-01
   6.9629155e-01   0.0000000e+00   8.7461962e-02   9.1253804e-01
   7.4776114e-01   0.0000000e+00   3.8918361e-02   9.6108164e-01
   7.2650620e-01   0.0000000e+00   7.5222148e-02   9.2477785e-01
   7.2153609e-01   0.0000000e+00   6.6818306e-02   9.3318169e-01
   7.3458465e-01   0.0000000e+00   5.7062227e-02   9.4293777e-01
   7.4640783e-01   0.0000000e+00   4.5080266e-02   9.5491973e-01
   7.4692653e-01   0.0000000e+00   4.9697154e-02   9.5030285e-01
   7.2395579e-01   0.0000000e+00   5.1745953e-02   9.4825405e-01
   7.3867772e-01   0.0000000e+00   4.7554264e-02   9.5244574e-01
   7.4515398e-01   0.0000000e+00   5.1195778e-02   9.4880422e-01
   7.4290475e-01   0.0000000e+00   3.7217564e-02   9.6278244e-01
   7.1036855e-01   0.0000000e+00   5.1380485e-02   9.4861952e-01
   7.3131665e-01   0.0000000e+00   3.6633246e-02   9.6336675e-01
   7.3457361e-01   0.0000000e+00   3.2148777e-02   9.6785122e-01
   7.2889613e-01   0.0000000e+00   7.0520187e-02   9.2947981e-01
   7.3235479e-01   0.0000000e+00   4.0104510e-02   9.5989549e-01
   7.1963856e-01   0.0000000e+00   8.5518830e-02   9.1448117e-01
   7.5327478e-01   0.0000000e+00   3.5140114e-02   9.6485989e-01
   7.4207579e-01   0.0000000e+00   2.9635210e-02   9.7036479e-01
   7.1363070e-01   0.0000000e+00   7.1289913e-02   9.2871009e-01
   7.1861843e-01   0.0000000e+00   8.0889046e-02   9.1911095e-01
   7.0933514e-01   0.0000000e+00   9.1710586e-02   9.0828941e-01
   7.3583827e-01   0.0000000e+00   2.9135099e-02   9.7086490e-01
   7.2686093e-01   0.0000000e+00   3.2177581e-02   9.6782242e-01
   7.5619778e-01   0.0000000e+00   3.1229376e-02   9.6877062e-01
   7.1055851e-01   0.0000000e+00   9.2009319e-02   9.0799068e-01
   7.4912018e-01   0.0000000e+00   3.3550915e-02   9.6644909e-01
   7.2427260e-01   0.0000000e+00   2.7487607e-02   9.7251239e-01
   7.3394991e-01   0.0000000e+00   3.0633009e-02   9.6936699e-01
   7.4815181e-01   0.0000000e+00   2.7510749e-02   9.7248925e-01
   7.4446657e-01   0.0000000e+00   4.4331290e-02   9.5566871e-01
   7.4806055e-01   0.0000000e+00   2.9549113e-02   9.7045089e-01
   7.0477111e-01   0.0000000e+00   8.9379380e-02   9.1062062e-01
   7.4729417e-01   0.0000000e+00   3.0487754e-02   9.6951225e-01
   7.5972383e-01   0.0000000e+00   2.9070844e-02   9.7092916e-01
   6.9579328e-01   0.0000000e+00   9.2203957e-02   9.0779604e-01
   7.4027325e-01   0.0000000e+00   2.5242828e-02   9.7475717e-01
   7.1815102e-01   0.0000000e+00   8.0810071e-02   9.1918993e-01
   7.6104509e-01   0.0000000e+00   2.7628411e-02   9.7237159e-01
   7.1379057e-01   0.0000000e+00   9.3784225e-02   9.0621577e-01
   7.4731663e-01   0.0000000e+00   2.4189856e-02   9.7581014e-01
   7.4560942e-01   0.0000000e+00   3.1361468e-02   9.6863853e-01
   7.3054348e-01   0.0000000e+00   2.3190238e-02   9.7680976e-01
   7.2977551e-01   0.0000000e+00   2.4310874e-02   9.7568913e-01
   7.2773420e-01   0.0000000e+00   2.6955786e-02   9.7304421e-01
   7.5996536e-01   0.0000000e+00   2.4675499e-02   9.7532450e-01
   7.4800082e-01   0.0000000e+00   2.2784202e-02   9.7721580e-01
   7.4960872e-01   0.0000000e+00   2.8509772e-02   9.7149023e-01
   7.6496529e-01   0.0000000e+00   2.7718815e-02   9.7228119e-01
   7.4324190e-01   0.0000000e+00   2.8220361e-02   9.7177964e-01
   7.4445116e-01   0.0000000e+00   2.1202606e-02   9.7879739e-01
   7.3032512e-01   0.0000000e+00   2.0150921e-02   9.7984908e-01
   7.3736096e-01   0.0000000e+00   2.6836064e-02   9.7316394e-01
   7.5437406e-01   0.0000000e+00   2.3141720e-02   9.7685828e-01
   7.4578989e-01   0.0000000e+00   2.3083733e-02   9.7691627e-01
   7.4808782e-01   0.0000000e+00   2.2749412e-02   9.7725059e-01
   7.3045269e-01   0.0000000e+00   2.0081988e-02   9.7991801e-01
   7.6087523e-01   0.0000000e+00   2.3741317e-02   9.7625868e-01
   7.4427626e-01   0.0000000e+00   2.0605309e-02   9.7939469e-01
   7.4413101e-01   0.0000000e+00   2.1092565e-02   9.7890744e-01
   7.3739265e-01   0.0000000e+00   2.0965946e-02   9.7903405e-01
   7.3989753e-01   0.0000000e+00   2.0190236e-02   9.7980976e-01
   7.6784310e-01   0.0000000e+00   2.5327454e-02   9.7467255e-01
   7.4893627e-01   0.0000000e+00   2.2224378e-02   9.7777562e-01
   7.4705068e-01   0.0000000e+00   2.1232487e-02   9.7876751e-01
   7.6509381e-01   0.0000000e+00   2.3386115e-02   9.7661388e-01
   7.7310617e-01   0.0000000e+00   2.6716285e-02   9.7328372e-01
   7.3300094e-01   0.0000000e+00   2.2862526e-02   9.7713747e-01
   7.6405015e-01   0.0000000e+00   3.1184590e-02   9.6881541e-01
   7.4484521e-01   0.0000000e+00   1.9216617e-02   9.8078338e-01
   7.2947482e-01   0.0000000e+00   2.0858276e-02   9.7914172e-01
   7.4748163e-01   0.0000000e+00   2.5139514e-02   9.7486049e-01
   7.3511556e-01   0.0000000e+00   1.7911269e-02   9.8208873e-01
   7.4916728e-01   0.0000000e+00   1.8502030e-02   9.8149797e-01
   7.4054302e-01   0.0000000e+00   1.7462138e-02   9.8253786e-01
   7.4542165e-01   0.0000000e+00   1.9080244e-02   9.8091976e-01
   7.4535709e-01   0.0000000e+00   1.7921843e-02   9.8207816e-01
   7.5569444e-01   0.0000000e+00   2.1998657e-02   9.7800134e-01
   7.4470799e-01   0.0000000e+00   1.8841679e-02   9.8115832e-01
   7.2215246e-01   0.0000000e+00   1.7979124e-02   9.8202088e-01
   7.3771881e-01   0.0000000e+00   1.7511969e-02   9.8248803e-01
   7.4656214e-01   0.0000000e+00   1.8174567e-02   9.8182543e-01
   7.6403984e-01   0.0000000e+00   2.6226248e-02   9.7377375e-01
   7.4070576e-01   0.0000000e+00   2.4725044e-02   9.7527496e-01
   7.3823880e-01   0.0000000e+00   1.7853537e-02   9.8214646e-01
   7.3216338e-01   0.0000000e+00   1.8740013e-02   9.8125999e-01
   7.5163114e-01   0.0000000e+00   1.9321695e-02   9.8067831e-01
   7.2443802e-01   0.0000000e+00   1.5500273e-02   9.8449973e-01
   7.3694941e-01   0.0000000e+00   1.5034782e-02   9.8496522e-01
   7.4737475e-01   0.0000000e+00   1.8772766e-02   9.8122723e-01
   7.4614392e-01   0.0000000e+00   1.5950181e-02   9.8404982e-01
   7.4430324e-01   0.0000000e+00   1.7477251e-02   9.8252275e-01
   7.2891590e-01   0.0000000e+00   1.7336439e-02   9.8266356e-01
   7.4216706e-01   0.0000000e+00   1.5533494e-02   9.8446651e-01
   7.6204940e-01   0.0000000e+00   1.9107361e-02   9.8089264e-01
   7.2984789e-01   0.0000000e+00   1.6232691e-02   9.8376731e-01
   7.3644338e-01   0.0000000e+00   1.4264196e-02   9.8573580e-01
   7.4630405e-01   0.0000000e+00   1.5165822e-02   9.8483418e-01
   7.4305919e-01   0.0000000e+00   1.5811912e-02   9.8418809e-01
   7.4203352e-01   0.0000000e+00   1.4247200e-02   9.8575280e-01
   7.4433460e-01   0.0000000e+00   1.4665952e-02   9.8533405e-01
   7.4825547e-01   0.0000000e+00   1.5204439e-02   9.8479556e-01
   7.3457554e-01   0.0000000e+00   1.4509347e-02   9.8549065e-01
   7.4672859e-01   0.0000000e+00   1.9069739e-02   9.8093026e-01
   7.2248441e-01   0.0000000e+00   1.4565114e-02   9.8543489e-01
   7.3894895e-01   0.0000000e+00   1.4069708e-02   9.8593029e-01
   7.3582415e-01   0.0000000e+00   1.4573628e-02   9.8542637e-01
   7.3900816e-01   0.0000000e+00   1.5465466e-02   9.8453453e-01
   7.5555557e-01   0.0000000e+00   2.9186230e-02   9.7081377e-01
   7.2372796e-01   0.0000000e+00   1.5353510e-02   9.8464649e-01
   7.5304838e-01   0.0000000e+00   1.6889969e-02   9.8311003e-01
   7.3661882e-01   0.0000000e+00   1.2789560e-02   9.8721044e-01
   7.4051865e-01   0.0000000e+00   1.6990592e-02   9.8300941e-01
   7.5819025e-01   0.0000000e+00   2.8739655e-02   9.7126034e-01
   7.2926660e-01   0.0000000e+00   1.4615443e-02   9.8538456e-01
   7.5874715e-01   0.0000000e+00   1.6001141e-02   9.8399886e-01
   7.4059434e-01   0.0000000e+00   1.3133106e-02   9.8686689e-01
   7.4347482e-01   0.0000000e+00   1.3825858e-02   9.8617414e-01
   7.3948473e-01   0.0000000e+00   1.3072408e-02   9.8692759e-01
   7.2750718e-01   0.0000000e+00   1.3073895e-02   9.8692610e-01
   7.3508241e-01   0.0000000e+00   1.4376409e-02   9.8562359e-01
   7.5259818e-01   0.0000000e+00   1.5484808e-02   9.8451519e-01
   7.2957036e-01   0.0000000e+00   1.2059044e-02   9.8794096e-01
   7.2913659e-01   0.0000000e+00   1.3898763e-02   9.8610124e-01
   7.5046358e-01   0.0000000e+00   1.3513514e-02   9.8648649e-01
   7.1861070e-01   0.0000000e+00   1.4826444e-02   9.8517356e-01
   7.3406492e-01   0.0000000e+00   1.1624703e-02   9.8837530e-01
   7.5752540e-01   0.0000000e+00   1.4638800e-02   9.8536120e-01
   7.3721408e-01   0.0000000e+00   1.5487223e-02   9.8451278e-01
   7.2767678e-01   0.0000000e+00   1.2246490e-02   9.8775351e-01
