   1.7890123e+00   0.0000000e+00   7.0982631e-02   9.2901737e-01
   1.7933320e+00   0.0000000e+00   7.2054565e-02   9.2794544e-01
   1.7954971e+00   0.0000000e+00   7.2303960e-02   9.2769604e-01
   1.7878948e+00   0.0000000e+00   7.0864858e-02   9.2913514e-01
   1.7909231e+00   0.0000000e+00   7.1610530e-02   9.2838947e-01
   1.7908380e+00   0.0000000e+00   7.1942810e-02   9.2805719e-01
   1.7857657e+00   0.0000000e+00   7.0956384e-02   9.2904362e-01
   1.7881374e+00   0.0000000e+00   7.1280217e-02   9.2871978e-01
   1.7867641e+00   0.0000000e+00   7.1003764e-02   9.2899624e-01
   1.7884012e+00   0.0000000e+00   7.1027117e-02   9.2897288e-01
   1.7908138e+00   0.0000000e+00   7.1337048e-02   9.2866295e-01
   1.7919013e+00   0.0000000e+00   7.1905294e-02   9.2809471e-01
   1.7847562e+00   0.0000000e+00   7.0893117e-02   9.2910688e-01
   1.7895418e+00   0.0000000e+00   7.1616328e-02   9.2838367e-01
   1.7828398e+00   0.0000000e+00   7.0973879e-02   9.2902612e-01
   1.7868463e+00   0.0000000e+00   7.1086207e-02   9.2891379e-01
   1.7900981e+00   0.0000000e+00   7.1713784e-02   9.2828622e-01
   1.7861668e+00   0.0000000e+00   7.1735136e-02   9.2826486e-01
   1.7812520e+00   0.0000000e+00   7.0209148e-02   9.2979085e-01
   1.7873968e+00   0.0000000e+00   7.1291431e-02   9.2870857e-01
   1.7849387e+00   0.0000000e+00   7.1240820e-02   9.2875918e-01
   1.7866323e+00   0.0000000e+00   7.1349093e-02   9.2865091e-01
   1.7876167e+00   0.0000000e+00   7.1510437e-02   9.2848956e-01
   1.7856254e+00   0.0000000e+00   7.1331177e-02   9.2866882e-01
   1.7974368e+00   0.0000000e+00   7.3434777e-02   9.2656522e-01
   1.7873306e+00   0.0000000e+00   7.1550768e-02   9.2844923e-01
   1.7790833e+00   0.0000000e+00   7.0933500e-02   9.2906650e-01
   1.7891861e+00   0.0000000e+00   7.1590003e-02   9.2841000e-01
   1.7963015e+00   0.0000000e+00   7.2487967e-02   9.2751203e-01
   1.7888277e+00   0.0000000e+00   7.1648897e-02   9.2835110e-01
   1.7853405e+00   0.0000000e+00   7.1159948e-02   9.2884005e-01
   1.7838209e+00   0.0000000e+00   7.0752595e-02   9.2924740e-01
   1.7887418e+00   0.0000000e+00   7.1641271e-02   9.2835873e-01
   1.7875465e+00   0.0000000e+00   7.1974713e-02   9.2802529e-01
   1.7850148e+00   0.0000000e+00   7.1300015e-02   9.2869999e-01
   1.7849435e+00   0.0000000e+00   7.1493859e-02   9.2850614e-01
   1.7829603e+00   0.0000000e+00   7.0358686e-02   9.2964131e-01
   1.7848525e+00   0.0000000e+00   7.0802323e-02   9.2919768e-01
   1.7869123e+00   0.0000000e+00   7.1549212e-02   9.2845079e-01
   1.7875796e+00   0.0000000e+00   7.1343775e-02   9.2865622e-01
   1.7847754e+00   0.0000000e+00   7.1397675e-02   9.2860232e-01
   1.7891975e+00   0.0000000e+00   7.1898309e-02   9.2810169e-01
   1.7869005e+00   0.0000000e+00   7.1706391e-02   9.2829361e-01
   1.7874454e+00   0.0000000e+00   7.1665310e-02   9.2833469e-01
   1.7882697e+00   0.0000000e+00   7.1822821e-02   9.2817718e-01
   1.7848813e+00   0.0000000e+00   7.1255450e-02   9.2874455e-01
   1.7884218e+00   0.0000000e+00   7.1447348e-02   9.2855265e-01
   1.7874234e+00   0.0000000e+00   7.1537266e-02   9.2846273e-01
   1.7844618e+00   0.0000000e+00   7.1355478e-02   9.2864452e-01
   1.7843410e+00   0.0000000e+00   7.1366262e-02   9.2863374e-01
   1.7874237e+00   0.0000000e+00   7.1671099e-02   9.2832890e-01
   1.7838259e+00   0.0000000e+00   7.1765928e-02   9.2823407e-01
   1.7778597e+00   0.0000000e+00   6.9971355e-02   9.3002864e-01
   1.7883236e+00   0.0000000e+00   7.1844887e-02   9.2815511e-01
   1.7842579e+00   0.0000000e+00   7.1241432e-02   9.2875857e-01
   1.7839330e+00   0.0000000e+00   7.1177764e-02   9.2882224e-01
   1.7878308e+00   0.0000000e+00   7.1335021e-02   9.2866498e-01
   1.7848214e+00   0.0000000e+00   7.1168914e-02   9.2883109e-01
   1.7877362e+00   0.0000000e+00   7.1818206e-02   9.2818179e-01
   1.7923035e+00   0.0000000e+00   7.2480836e-02   9.2751916e-01
   1.7903627e+00   0.0000000e+00   7.2250944e-02   9.2774906e-01
   1.7882317e+00   0.0000000e+00   7.1232483e-02   9.2876752e-01
   1.7844173e+00   0.0000000e+00   7.1449132e-02   9.2855087e-01
   1.7846047e+00   0.0000000e+00   7.1546319e-02   9.2845368e-01
   1.7843659e+00   0.0000000e+00   7.1378426e-02   9.2862157e-01
   1.7840468e+00   0.0000000e+00   7.1731656e-02   9.2826834e-01
   1.7854750e+00   0.0000000e+00   7.1077902e-02   9.2892210e-01
   1.7835628e+00   0.0000000e+00   7.1167131e-02   9.2883287e-01
   1.7910369e+00   0.0000000e+00   7.2344831e-02   9.2765517e-01
   1.7860837e+00   0.0000000e+00   7.1454550e-02   9.2854545e-01
   1.7770983e+00   0.0000000e+00   6.9043520e-02   9.3095648e-01
   1.7838919e+00   0.0000000e+00   7.1133108e-02   9.2886689e-01
   1.7856462e+00   0.0000000e+00   7.1733856e-02   9.2826614e-01
   1.7859425e+00   0.0000000e+00   7.1947675e-02   9.2805232e-01
   1.7868284e+00   0.0000000e+00   7.1811169e-02   9.2818883e-01
   1.7844286e+00   0.0000000e+00   7.1014634e-02   9.2898537e-01
   1.7860343e+00   0.0000000e+00   7.2041593e-02   9.2795841e-01
   1.7837889e+00   0.0000000e+00   7.1574543e-02   9.2842546e-01
   1.7838555e+00   0.0000000e+00   7.1325666e-02   9.2867433e-01
   1.7835928e+00   0.0000000e+00   7.1538108e-02   9.2846189e-01
   1.7889060e+00   0.0000000e+00   7.2317837e-02   9.2768216e-01
   1.7843028e+00   0.0000000e+00   7.1734773e-02   9.2826523e-01
   1.7972742e+00   0.0000000e+00   7.3470662e-02   9.2652934e-01
   1.7842670e+00   0.0000000e+00   7.1240798e-02   9.2875920e-01
   1.7863692e+00   0.0000000e+00   7.1973797e-02   9.2802620e-01
   1.7830252e+00   0.0000000e+00   7.1648709e-02   9.2835129e-01
   1.7842863e+00   0.0000000e+00   7.1581536e-02   9.2841846e-01
   1.7947620e+00   0.0000000e+00   7.3002211e-02   9.2699779e-01
   1.7828521e+00   0.0000000e+00   7.1358072e-02   9.2864193e-01
   1.7832303e+00   0.0000000e+00   7.1078659e-02   9.2892134e-01
   1.7835377e+00   0.0000000e+00   7.1519014e-02   9.2848099e-01
   1.7854912e+00   0.0000000e+00   7.0752377e-02   9.2924762e-01
   1.7866825e+00   0.0000000e+00   7.2042014e-02   9.2795799e-01
   1.7837372e+00   0.0000000e+00   7.1423421e-02   9.2857658e-01
   1.7837986e+00   0.0000000e+00   7.1354460e-02   9.2864554e-01
   1.7775892e+00   0.0000000e+00   7.1551907e-02   9.2844809e-01
   1.7819668e+00   0.0000000e+00   7.1074251e-02   9.2892575e-01
   1.7811155e+00   0.0000000e+00   7.1332863e-02   9.2866714e-01
   1.7848183e+00   0.0000000e+00   7.2372274e-02   9.2762773e-01
   1.7806107e+00   0.0000000e+00   7.1278252e-02   9.2872175e-01
   1.7835334e+00   0.0000000e+00   7.1324503e-02   9.2867550e-01
   1.7855265e+00   0.0000000e+00   7.1201394e-02   9.2879861e-01
   1.7805376e+00   0.0000000e+00   7.1543620e-02   9.2845638e-01
   1.7818518e+00   0.0000000e+00   7.1844042e-02   9.2815596e-01
   1.7809594e+00   0.0000000e+00   7.1433972e-02   9.2856603e-01
   1.7791948e+00   0.0000000e+00   7.1232983e-02   9.2876702e-01
   1.7835378e+00   0.0000000e+00   7.0921316e-02   9.2907868e-01
   1.7819264e+00   0.0000000e+00   7.1188989e-02   9.2881101e-01
   1.7807809e+00   0.0000000e+00   7.1325086e-02   9.2867491e-01
   1.7814336e+00   0.0000000e+00   7.1714723e-02   9.2828528e-01
   1.8054256e+00   0.0000000e+00   7.4344766e-02   9.2565523e-01
   1.7821181e+00   0.0000000e+00   7.1487363e-02   9.2851264e-01
   1.7782691e+00   0.0000000e+00   7.0994449e-02   9.2900555e-01
   1.7751640e+00   0.0000000e+00   6.9978871e-02   9.3002113e-01
   1.7788848e+00   0.0000000e+00   7.0776071e-02   9.2922393e-01
   1.8065230e+00   0.0000000e+00   7.4925736e-02   9.2507426e-01
   1.7887344e+00   0.0000000e+00   7.2994351e-02   9.2700565e-01
   1.7790294e+00   0.0000000e+00   7.1331156e-02   9.2866884e-01
   1.7827514e+00   0.0000000e+00   7.1461799e-02   9.2853820e-01
   1.7775052e+00   0.0000000e+00   7.1416325e-02   9.2858368e-01
   1.7858719e+00   0.0000000e+00   6.9684206e-02   9.3031579e-01
   1.7828654e+00   0.0000000e+00   7.1427350e-02   9.2857265e-01
   1.7609247e+00   0.0000000e+00   6.8073160e-02   9.3192684e-01
   1.7792239e+00   0.0000000e+00   7.1602531e-02   9.2839747e-01
   1.7764141e+00   0.0000000e+00   7.1098149e-02   9.2890185e-01
   1.7751016e+00   0.0000000e+00   7.0983486e-02   9.2901651e-01
   1.7781427e+00   0.0000000e+00   7.1914316e-02   9.2808568e-01
   1.7731253e+00   0.0000000e+00   7.0210884e-02   9.2978912e-01
   1.7834394e+00   0.0000000e+00   7.1702514e-02   9.2829749e-01
   1.7790978e+00   0.0000000e+00   7.1654476e-02   9.2834552e-01
   1.7792549e+00   0.0000000e+00   7.1463851e-02   9.2853615e-01
   1.7807865e+00   0.0000000e+00   6.9986280e-02   9.3001372e-01
   1.7772427e+00   0.0000000e+00   7.0527424e-02   9.2947258e-01
   1.7783406e+00   0.0000000e+00   7.1985818e-02   9.2801418e-01
   1.7739607e+00   0.0000000e+00   7.0841690e-02   9.2915831e-01
   1.7770103e+00   0.0000000e+00   7.1230382e-02   9.2876962e-01
   1.7627630e+00   0.0000000e+00   6.9868515e-02   9.3013149e-01
   1.8172223e+00   0.0000000e+00   7.6087458e-02   9.2391254e-01
   1.7702271e+00   0.0000000e+00   7.0528164e-02   9.2947184e-01
   1.7659015e+00   0.0000000e+00   6.8926765e-02   9.3107323e-01
   1.7743474e+00   0.0000000e+00   7.1642108e-02   9.2835789e-01
   1.7761646e+00   0.0000000e+00   7.1420703e-02   9.2857930e-01
   1.7904838e+00   0.0000000e+00   7.4410601e-02   9.2558940e-01
   1.7787726e+00   0.0000000e+00   7.1445578e-02   9.2855442e-01
   1.7757181e+00   0.0000000e+00   7.1277308e-02   9.2872269e-01
   1.7786941e+00   0.0000000e+00   7.1223565e-02   9.2877643e-01
   1.7817444e+00   0.0000000e+00   7.2286785e-02   9.2771321e-01
   1.7821351e+00   0.0000000e+00   7.1718158e-02   9.2828184e-01
   1.7701568e+00   0.0000000e+00   7.1170546e-02   9.2882945e-01
   1.7687624e+00   0.0000000e+00   7.0290114e-02   9.2970989e-01
   1.7752076e+00   0.0000000e+00   7.1962733e-02   9.2803727e-01
   1.7654628e+00   0.0000000e+00   6.9227354e-02   9.3077265e-01
   1.7741708e+00   0.0000000e+00   7.0987467e-02   9.2901253e-01
   1.7792183e+00   0.0000000e+00   7.2074358e-02   9.2792564e-01
   1.7621126e+00   0.0000000e+00   6.8771316e-02   9.3122868e-01
   1.7590850e+00   0.0000000e+00   6.7908077e-02   9.3209192e-01
   1.7977920e+00   0.0000000e+00   7.3548520e-02   9.2645148e-01
   1.7739096e+00   0.0000000e+00   7.0803242e-02   9.2919676e-01
   1.7777659e+00   0.0000000e+00   6.8852635e-02   9.3114736e-01
   1.8018128e+00   0.0000000e+00   7.3671371e-02   9.2632863e-01
   1.7729611e+00   0.0000000e+00   7.0969570e-02   9.2903043e-01
   1.7686696e+00   0.0000000e+00   7.0511622e-02   9.2948838e-01
   1.7775856e+00   0.0000000e+00   7.1931834e-02   9.2806817e-01
   1.7877770e+00   0.0000000e+00   7.1964004e-02   9.2803600e-01
   1.7766061e+00   0.0000000e+00   7.2197580e-02   9.2780242e-01
   1.7928117e+00   0.0000000e+00   7.1789582e-02   9.2821042e-01
   1.7711890e+00   0.0000000e+00   7.0500545e-02   9.2949945e-01
   1.7926586e+00   0.0000000e+00   7.2993899e-02   9.2700610e-01
   1.7651605e+00   0.0000000e+00   7.0540598e-02   9.2945940e-01
   1.8021823e+00   0.0000000e+00   7.3106485e-02   9.2689352e-01
   1.8020649e+00   0.0000000e+00   7.2752272e-02   9.2724773e-01
   1.8056625e+00   0.0000000e+00   7.3264917e-02   9.2673508e-01
   1.7653444e+00   0.0000000e+00   6.9405950e-02   9.3059405e-01
   1.7998958e+00   0.0000000e+00   7.3982469e-02   9.2601753e-01
   1.7998452e+00   0.0000000e+00   7.2222237e-02   9.2777776e-01
   1.7804767e+00   0.0000000e+00   6.8764900e-02   9.3123510e-01
   1.8028103e+00   0.0000000e+00   7.3251754e-02   9.2674825e-01
   1.7955817e+00   0.0000000e+00   7.2076509e-02   9.2792349e-01
   1.8287883e+00   0.0000000e+00   7.8807457e-02   9.2119254e-01
   1.7953786e+00   0.0000000e+00   7.4499966e-02   9.2550003e-01
   1.7911200e+00   0.0000000e+00   7.1780788e-02   9.2821921e-01
   1.7962247e+00   0.0000000e+00   7.2013813e-02   9.2798619e-01
   1.8043796e+00   0.0000000e+00   7.3862032e-02   9.2613797e-01
   1.7891354e+00   0.0000000e+00   7.2291103e-02   9.2770890e-01
   1.8010145e+00   0.0000000e+00   7.5165933e-02   9.2483407e-01
   1.8066600e+00   0.0000000e+00   7.3216995e-02   9.2678300e-01
   1.7922402e+00   0.0000000e+00   7.5040506e-02   9.2495949e-01
   1.7797752e+00   0.0000000e+00   7.3908644e-02   9.2609136e-01
   1.8008122e+00   0.0000000e+00   7.3805213e-02   9.2619479e-01
   1.7963018e+00   0.0000000e+00   7.2887479e-02   9.2711252e-01
   1.7814806e+00   0.0000000e+00   6.9188516e-02   9.3081148e-01
   1.8136525e+00   0.0000000e+00   7.5067344e-02   9.2493266e-01
   1.8071128e+00   0.0000000e+00   7.4239600e-02   9.2576040e-01
   1.7953340e+00   0.0000000e+00   7.4274871e-02   9.2572513e-01
   1.8018689e+00   0.0000000e+00   7.4510038e-02   9.2548996e-01
   1.7849323e+00   0.0000000e+00   7.1742281e-02   9.2825772e-01
   1.7979282e+00   0.0000000e+00   7.2549408e-02   9.2745059e-01
   1.7520480e+00   0.0000000e+00   6.7293930e-02   9.3270607e-01
   1.7910226e+00   0.0000000e+00   7.2214080e-02   9.2778592e-01
   1.8031987e+00   0.0000000e+00   7.3366853e-02   9.2663315e-01
   1.7956903e+00   0.0000000e+00   7.2613912e-02   9.2738609e-01
   1.8049277e+00   0.0000000e+00   7.3811844e-02   9.2618816e-01
   1.7936843e+00   0.0000000e+00   7.2629395e-02   9.2737060e-01
   1.7859142e+00   0.0000000e+00   7.5623071e-02   9.2437693e-01
   1.7840420e+00   0.0000000e+00   7.2579826e-02   9.2742017e-01
   1.7722273e+00   0.0000000e+00   6.6718844e-02   9.3328116e-01
   1.8078226e+00   0.0000000e+00   7.4503036e-02   9.2549696e-01
   1.8193680e+00   0.0000000e+00   7.6043275e-02   9.2395673e-01
   1.7928608e+00   0.0000000e+00   7.2720877e-02   9.2727912e-01
   1.7958583e+00   0.0000000e+00   7.4035423e-02   9.2596458e-01
   1.8001376e+00   0.0000000e+00   7.3616987e-02   9.2638301e-01
   1.8068293e+00   0.0000000e+00   7.3506373e-02   9.2649363e-01
   1.7963658e+00   0.0000000e+00   7.3818370e-02   9.2618163e-01
   1.7985402e+00   0.0000000e+00   7.6727405e-02   9.2327260e-01
   1.7936406e+00   0.0000000e+00   7.3656007e-02   9.2634399e-01
   1.7946062e+00   0.0000000e+00   7.4936394e-02   9.2506361e-01
   1.7911427e+00   0.0000000e+00   7.4108240e-02   9.2589176e-01
   1.7952092e+00   0.0000000e+00   7.5381812e-02   9.2461819e-01
   1.7752789e+00   0.0000000e+00   7.2232740e-02   9.2776726e-01
   1.8092261e+00   0.0000000e+00   7.4209040e-02   9.2579096e-01
   1.7951615e+00   0.0000000e+00   7.5958833e-02   9.2404117e-01
   1.7996133e+00   0.0000000e+00   7.5319926e-02   9.2468007e-01
   1.7979753e+00   0.0000000e+00   7.3536497e-02   9.2646350e-01
   1.8011988e+00   0.0000000e+00   7.5649459e-02   9.2435054e-01
   1.8073190e+00   0.0000000e+00   7.4420213e-02   9.2557979e-01
   1.7683606e+00   0.0000000e+00   7.6582240e-02   9.2341776e-01
   1.7980310e+00   0.0000000e+00   7.5392236e-02   9.2460776e-01
   1.7749631e+00   0.0000000e+00   7.2544336e-02   9.2745566e-01
   1.7817684e+00   0.0000000e+00   7.4308591e-02   9.2569141e-01
   1.8057211e+00   0.0000000e+00   7.4042726e-02   9.2595727e-01
   1.7902049e+00   0.0000000e+00   7.3968306e-02   9.2603169e-01
   1.8260739e+00   0.0000000e+00   7.4570324e-02   9.2542968e-01
   1.8397571e+00   0.0000000e+00   7.7894520e-02   9.2210548e-01
   1.7989414e+00   0.0000000e+00   7.5482031e-02   9.2451797e-01
   1.8093465e+00   0.0000000e+00   7.5245752e-02   9.2475425e-01
   1.7997497e+00   0.0000000e+00   7.4863830e-02   9.2513617e-01
   1.7970932e+00   0.0000000e+00   7.3611141e-02   9.2638886e-01
   1.8016804e+00   0.0000000e+00   7.6249523e-02   9.2375048e-01
   1.7566586e+00   0.0000000e+00   7.0915544e-02   9.2908446e-01
   1.8007634e+00   0.0000000e+00   7.5527201e-02   9.2447280e-01
   1.8035997e+00   0.0000000e+00   7.5737497e-02   9.2426250e-01
   1.8113876e+00   0.0000000e+00   7.5205038e-02   9.2479496e-01
   1.7937618e+00   0.0000000e+00   7.5580153e-02   9.2441985e-01
   1.7935117e+00   0.0000000e+00   7.5195530e-02   9.2480447e-01
   1.7927492e+00   0.0000000e+00   7.6750763e-02   9.2324924e-01
   1.8519387e+00   0.0000000e+00   7.9543203e-02   9.2045680e-01
   1.8696165e+00   0.0000000e+00   7.2073573e-02   9.2792643e-01
   1.7927175e+00   0.0000000e+00   7.5021537e-02   9.2497846e-01
   1.7857177e+00   0.0000000e+00   7.5385426e-02   9.2461457e-01
   1.8582445e+00   0.0000000e+00   7.1354949e-02   9.2864505e-01
   1.8583830e+00   0.0000000e+00   7.1286176e-02   9.2871382e-01
   1.8598819e+00   0.0000000e+00   7.0899314e-02   9.2910069e-01
   1.8642993e+00   0.0000000e+00   7.3075842e-02   9.2692416e-01
   1.8558916e+00   0.0000000e+00   7.0668662e-02   9.2933134e-01
   1.8540645e+00   0.0000000e+00   7.0483842e-02   9.2951616e-01
   1.8017177e+00   0.0000000e+00   7.5522815e-02   9.2447719e-01
   1.8556138e+00   0.0000000e+00   7.0855421e-02   9.2914458e-01
   1.8554828e+00   0.0000000e+00   7.1906622e-02   9.2809338e-01
   1.8123414e+00   0.0000000e+00   7.4327168e-02   9.2567283e-01
   1.8568607e+00   0.0000000e+00   7.1576527e-02   9.2842347e-01
   1.8110112e+00   0.0000000e+00   7.5291823e-02   9.2470818e-01
   1.8792649e+00   0.0000000e+00   7.3434492e-02   9.2656551e-01
   1.8072350e+00   0.0000000e+00   7.7083421e-02   9.2291658e-01
   1.8472958e+00   0.0000000e+00   6.9010327e-02   9.3098967e-01
   1.8672720e+00   0.0000000e+00   7.4130400e-02   9.2586960e-01
   1.8484841e+00   0.0000000e+00   6.8761353e-02   9.3123865e-01
   1.8522127e+00   0.0000000e+00   6.8589963e-02   9.3141004e-01
   1.8245428e+00   0.0000000e+00   7.4972575e-02   9.2502743e-01
   1.8013870e+00   0.0000000e+00   7.5917568e-02   9.2408243e-01
   1.7726351e+00   0.0000000e+00   7.5666034e-02   9.2433397e-01
   1.8100659e+00   0.0000000e+00   7.6020529e-02   9.2397947e-01
   1.8137626e+00   0.0000000e+00   7.6527340e-02   9.2347266e-01
   1.7987422e+00   0.0000000e+00   7.5379713e-02   9.2462029e-01
   1.8482619e+00   0.0000000e+00   6.8516352e-02   9.3148365e-01
   1.8265649e+00   0.0000000e+00   8.2216691e-02   9.1778331e-01
   1.8020501e+00   0.0000000e+00   7.6618948e-02   9.2338105e-01
   1.8197411e+00   0.0000000e+00   7.5303039e-02   9.2469696e-01
   1.7970294e+00   0.0000000e+00   7.7133948e-02   9.2286605e-01
   1.8117746e+00   0.0000000e+00   7.7169383e-02   9.2283062e-01
   1.8146771e+00   0.0000000e+00   7.5766456e-02   9.2423354e-01
   1.8386919e+00   0.0000000e+00   6.5913319e-02   9.3408668e-01
   1.8435654e+00   0.0000000e+00   6.5813076e-02   9.3418692e-01
   1.8006205e+00   0.0000000e+00   7.5663300e-02   9.2433670e-01
   1.8742550e+00   0.0000000e+00   7.2444261e-02   9.2755574e-01
   1.8038006e+00   0.0000000e+00   7.5212602e-02   9.2478740e-01
   1.8426571e+00   0.0000000e+00   7.9925256e-02   9.2007474e-01
   1.8353438e+00   0.0000000e+00   6.4432505e-02   9.3556749e-01
   1.7925908e+00   0.0000000e+00   7.4889153e-02   9.2511085e-01
   1.8047822e+00   0.0000000e+00   7.5690984e-02   9.2430902e-01
   1.7980015e+00   0.0000000e+00   7.4096292e-02   9.2590371e-01
   1.8067256e+00   0.0000000e+00   7.7362045e-02   9.2263796e-01
   1.8701916e+00   0.0000000e+00   7.3425049e-02   9.2657495e-01
   1.8418554e+00   0.0000000e+00   8.3695207e-02   9.1630479e-01
   1.8077121e+00   0.0000000e+00   7.7697593e-02   9.2230241e-01
   1.8213929e+00   0.0000000e+00   7.9375731e-02   9.2062427e-01
   1.7968272e+00   0.0000000e+00   7.8564925e-02   9.2143507e-01
   1.8051966e+00   0.0000000e+00   7.6103586e-02   9.2389641e-01
   1.8165452e+00   0.0000000e+00   7.6014883e-02   9.2398512e-01
   1.8245662e+00   0.0000000e+00   7.4531500e-02   9.2546850e-01
   1.8169882e+00   0.0000000e+00   7.6890609e-02   9.2310939e-01
   1.8219503e+00   0.0000000e+00   7.9029939e-02   9.2097006e-01
   1.7962530e+00   0.0000000e+00   7.7532214e-02   9.2246779e-01
   1.8490340e+00   0.0000000e+00   7.4408458e-02   9.2559154e-01
   1.7964800e+00   0.0000000e+00   7.5333932e-02   9.2466607e-01
   1.8343019e+00   0.0000000e+00   7.6395997e-02   9.2360400e-01
   1.7908860e+00   0.0000000e+00   7.5390835e-02   9.2460916e-01
   1.7931591e+00   0.0000000e+00   7.4549752e-02   9.2545025e-01
   1.8233216e+00   0.0000000e+00   7.5392168e-02   9.2460783e-01
   1.8140461e+00   0.0000000e+00   7.6469163e-02   9.2353084e-01
   1.8202500e+00   0.0000000e+00   7.6255172e-02   9.2374483e-01
   1.8419907e+00   0.0000000e+00   7.4521566e-02   9.2547843e-01
   1.7770179e+00   0.0000000e+00   7.2795404e-02   9.2720460e-01
   1.8183986e+00   0.0000000e+00   8.0558059e-02   9.1944194e-01
   1.8666092e+00   0.0000000e+00   6.9944560e-02   9.3005544e-01
   1.8131573e+00   0.0000000e+00   7.4959075e-02   9.2504092e-01
   1.8231271e+00   0.0000000e+00   7.6678668e-02   9.2332133e-01
   1.8124761e+00   0.0000000e+00   7.6154675e-02   9.2384532e-01
   1.8023784e+00   0.0000000e+00   7.9471139e-02   9.2052886e-01
   1.8234303e+00   0.0000000e+00   7.6239223e-02   9.2376078e-01
   1.8295071e+00   0.0000000e+00   8.1983688e-02   9.1801631e-01
   1.8317671e+00   0.0000000e+00   7.8190808e-02   9.2180919e-01
   1.8501599e+00   0.0000000e+00   7.1994302e-02   9.2800570e-01
   1.8671563e+00   0.0000000e+00   6.9677187e-02   9.3032281e-01
   1.8817885e+00   0.0000000e+00   8.3316761e-02   9.1668324e-01
   1.8141862e+00   0.0000000e+00   7.5118978e-02   9.2488102e-01
   1.8223486e+00   0.0000000e+00   7.5564099e-02   9.2443590e-01
   1.8148299e+00   0.0000000e+00   8.2567421e-02   9.1743258e-01
   1.8390319e+00   0.0000000e+00   7.4248015e-02   9.2575199e-01
   1.8770024e+00   0.0000000e+00   7.2032822e-02   9.2796718e-01
   1.8511287e+00   0.0000000e+00   7.5938216e-02   9.2406178e-01
   1.8384102e+00   0.0000000e+00   7.3734067e-02   9.2626593e-01
   1.8323146e+00   0.0000000e+00   7.7297898e-02   9.2270210e-01
   1.8113711e+00   0.0000000e+00   8.6396103e-02   9.1360390e-01
   1.8501077e+00   0.0000000e+00   7.9629861e-02   9.2037014e-01
   1.8112934e+00   0.0000000e+00   7.5635954e-02   9.2436405e-01
   1.9151401e+00   0.0000000e+00   7.6028535e-02   9.2397147e-01
   1.8227707e+00   0.0000000e+00   8.1605181e-02   9.1839482e-01
   1.8234551e+00   0.0000000e+00   7.6779191e-02   9.2322081e-01
   1.8028131e+00   0.0000000e+00   8.2205258e-02   9.1779474e-01
   1.8186853e+00   0.0000000e+00   7.5005202e-02   9.2499480e-01
   1.8330539e+00   0.0000000e+00   7.6781690e-02   9.2321831e-01
   1.8157189e+00   0.0000000e+00   7.3398614e-02   9.2660139e-01
   1.8613969e+00   0.0000000e+00   6.3574021e-02   9.3642598e-01
   1.8494890e+00   0.0000000e+00   7.8077980e-02   9.2192202e-01
   1.9297965e+00   0.0000000e+00   7.1613075e-02   9.2838693e-01
   1.8143543e+00   0.0000000e+00   8.1462212e-02   9.1853779e-01
   1.8514492e+00   0.0000000e+00   8.0132044e-02   9.1986796e-01
   1.8430426e+00   0.0000000e+00   7.8867790e-02   9.2113221e-01
   1.8001389e+00   0.0000000e+00   7.4490918e-02   9.2550908e-01
   1.8228918e+00   0.0000000e+00   7.6517502e-02   9.2348250e-01
   1.8085591e+00   0.0000000e+00   7.5017170e-02   9.2498283e-01
   1.8127411e+00   0.0000000e+00   7.4304630e-02   9.2569537e-01
   1.8543978e+00   0.0000000e+00   7.0791540e-02   9.2920846e-01
   1.8076520e+00   0.0000000e+00   7.4720437e-02   9.2527956e-01
   1.8214624e+00   0.0000000e+00   7.7352120e-02   9.2264788e-01
   1.8610650e+00   0.0000000e+00   7.0683001e-02   9.2931700e-01
   1.8193365e+00   0.0000000e+00   7.5232011e-02   9.2476799e-01
   1.8163104e+00   0.0000000e+00   7.4170172e-02   9.2582983e-01
   1.7977061e+00   0.0000000e+00   7.1547623e-02   9.2845238e-01
   1.8112512e+00   0.0000000e+00   7.7620156e-02   9.2237984e-01
   1.7905751e+00   0.0000000e+00   7.3974892e-02   9.2602511e-01
   1.8878139e+00   0.0000000e+00   7.6240731e-02   9.2375927e-01
   1.7618133e+00   0.0000000e+00   7.1279327e-02   9.2872067e-01
   1.8073513e+00   0.0000000e+00   7.6700708e-02   9.2329929e-01
   1.8686053e+00   0.0000000e+00   8.2287040e-02   9.1771296e-01
   1.8121720e+00   0.0000000e+00   7.4865716e-02   9.2513428e-01
   1.8289871e+00   0.0000000e+00   7.3597417e-02   9.2640258e-01
   1.7629178e+00   0.0000000e+00   7.3362403e-02   9.2663760e-01
   1.7957774e+00   0.0000000e+00   7.3848766e-02   9.2615123e-01
   1.8466593e+00   0.0000000e+00   7.7986859e-02   9.2201314e-01
   1.8027500e+00   0.0000000e+00   7.1888506e-02   9.2811149e-01
   1.8133313e+00   0.0000000e+00   8.8045578e-02   9.1195442e-01
   1.8139927e+00   0.0000000e+00   7.5151166e-02   9.2484883e-01
   1.8469802e+00   0.0000000e+00   7.6849656e-02   9.2315034e-01
   1.8074847e+00   0.0000000e+00   7.7799121e-02   9.2220088e-01
   1.9346089e+00   0.0000000e+00   6.6723360e-02   9.3327664e-01
   1.8332837e+00   0.0000000e+00   6.6523899e-02   9.3347610e-01
   1.7644069e+00   0.0000000e+00   6.9016737e-02   9.3098326e-01
   1.8676588e+00   0.0000000e+00   7.6312745e-02   9.2368726e-01
   1.8482363e+00   0.0000000e+00   8.0954838e-02   9.1904516e-01
   1.8312426e+00   0.0000000e+00   6.8865470e-02   9.3113453e-01
   1.8553690e+00   0.0000000e+00   8.0458650e-02   9.1954135e-01
   1.8077148e+00   0.0000000e+00   7.5729568e-02   9.2427043e-01
   1.7813207e+00   0.0000000e+00   7.2984230e-02   9.2701577e-01
   1.7867312e+00   0.0000000e+00   7.0012845e-02   9.2998716e-01
   1.8095460e+00   0.0000000e+00   8.8490011e-02   9.1150999e-01
   1.8389914e+00   0.0000000e+00   6.7318708e-02   9.3268129e-01
   1.8080575e+00   0.0000000e+00   7.1798860e-02   9.2820114e-01
   1.7667877e+00   0.0000000e+00   6.7041050e-02   9.3295895e-01
   1.7397798e+00   0.0000000e+00   7.3861569e-02   9.2613843e-01
   1.9675604e+00   0.0000000e+00   7.6041825e-02   9.2395818e-01
   1.7742286e+00   0.0000000e+00   7.2146333e-02   9.2785367e-01
   1.7831333e+00   0.0000000e+00   6.8927502e-02   9.3107250e-01
   1.8327403e+00   0.0000000e+00   5.9865042e-02   9.4013496e-01
   1.8771689e+00   0.0000000e+00   5.5273656e-02   9.4472634e-01
   1.7853541e+00   0.0000000e+00   7.6841146e-02   9.2315885e-01
   1.7493731e+00   0.0000000e+00   6.3907586e-02   9.3609241e-01
   1.8663469e+00   0.0000000e+00   7.3972997e-02   9.2602700e-01
   1.7166287e+00   0.0000000e+00   7.9526143e-02   9.2047386e-01
   1.8502660e+00   0.0000000e+00   6.4045252e-02   9.3595475e-01
   1.8191373e+00   0.0000000e+00   6.6194139e-02   9.3380586e-01
   1.8009689e+00   0.0000000e+00   7.9837912e-02   9.2016209e-01
   1.7021533e+00   0.0000000e+00   6.7829296e-02   9.3217070e-01
   1.7154855e+00   0.0000000e+00   6.2187519e-02   9.3781248e-01
   1.9852162e+00   0.0000000e+00   6.7641068e-02   9.3235893e-01
   1.7276354e+00   0.0000000e+00   6.3379837e-02   9.3662016e-01
   1.8145936e+00   0.0000000e+00   6.6099922e-02   9.3390008e-01
   1.7263573e+00   0.0000000e+00   8.1923342e-02   9.1807666e-01
   1.7964404e+00   0.0000000e+00   6.4581718e-02   9.3541828e-01
   1.6720271e+00   0.0000000e+00   6.9350102e-02   9.3064990e-01
   1.7601205e+00   0.0000000e+00   7.7857142e-02   9.2214286e-01
   1.7646885e+00   0.0000000e+00   7.0329936e-02   9.2967006e-01
   1.7724155e+00   0.0000000e+00   6.7430977e-02   9.3256902e-01
   1.7338273e+00   0.0000000e+00   6.8447524e-02   9.3155248e-01
   1.8102704e+00   0.0000000e+00   7.2499041e-02   9.2750096e-01
   1.8809377e+00   0.0000000e+00   6.1501937e-02   9.3849806e-01
   1.7994592e+00   0.0000000e+00   8.7501034e-02   9.1249897e-01
   1.7719152e+00   0.0000000e+00   6.6688222e-02   9.3331178e-01
   1.6521955e+00   0.0000000e+00   6.3348544e-02   9.3665146e-01
   1.9075409e+00   0.0000000e+00   5.8052933e-02   9.4194707e-01
   1.7511982e+00   0.0000000e+00   6.7271154e-02   9.3272885e-01
   1.6943039e+00   0.0000000e+00   5.4137301e-02   9.4586270e-01
   1.7700926e+00   0.0000000e+00   8.1361583e-02   9.1863842e-01
   1.9349940e+00   0.0000000e+00   7.4381452e-02   9.2561855e-01
   1.7422782e+00   0.0000000e+00   6.3328178e-02   9.3667182e-01
   1.8253060e+00   0.0000000e+00   4.4727310e-02   9.5527269e-01
   1.7630434e+00   0.0000000e+00   6.7650566e-02   9.3234943e-01
   1.8057295e+00   0.0000000e+00   7.3353537e-02   9.2664646e-01
   1.8383822e+00   0.0000000e+00   5.9555433e-02   9.4044457e-01
   1.8207836e+00   0.0000000e+00   6.0672741e-02   9.3932726e-01
   1.7639330e+00   0.0000000e+00   8.3871377e-02   9.1612862e-01
   1.8343464e+00   0.0000000e+00   7.5482303e-02   9.2451770e-01
   1.8664023e+00   0.0000000e+00   6.9863474e-02   9.3013653e-01
   1.7914965e+00   0.0000000e+00   5.2827660e-02   9.4717234e-01
   1.7520808e+00   0.0000000e+00   6.7123912e-02   9.3287609e-01
   1.7451617e+00   0.0000000e+00   7.0053896e-02   9.2994610e-01
   1.7529392e+00   0.0000000e+00   8.3201226e-02   9.1679877e-01
   1.6523723e+00   0.0000000e+00   6.7903668e-02   9.3209633e-01
   1.8471559e+00   0.0000000e+00   8.3994234e-02   9.1600577e-01
   1.8127027e+00   0.0000000e+00   6.9635161e-02   9.3036484e-01
   1.7748900e+00   0.0000000e+00   7.7792763e-02   9.2220724e-01
   1.7919384e+00   0.0000000e+00   6.3818624e-02   9.3618138e-01
   1.7488971e+00   0.0000000e+00   6.0694475e-02   9.3930553e-01
   1.7771268e+00   0.0000000e+00   6.0833347e-02   9.3916665e-01
   1.7662360e+00   0.0000000e+00   7.7859276e-02   9.2214072e-01
   1.7761159e+00   0.0000000e+00   5.9666058e-02   9.4033394e-01
   1.6945500e+00   0.0000000e+00   6.7960384e-02   9.3203962e-01
   1.6947381e+00   0.0000000e+00   5.9750612e-02   9.4024939e-01
   1.7764728e+00   0.0000000e+00   6.2243991e-02   9.3775601e-01
   1.9800384e+00   0.0000000e+00   6.5881767e-02   9.3411823e-01
   1.7650827e+00   0.0000000e+00   6.3498857e-02   9.3650114e-01
   1.9101439e+00   0.0000000e+00   5.4033129e-02   9.4596687e-01
   1.9117587e+00   0.0000000e+00   5.1029426e-02   9.4897057e-01
   1.8726921e+00   0.0000000e+00   6.3890693e-02   9.3610931e-01
   1.8299623e+00   0.0000000e+00   8.7496011e-02   9.1250399e-01
   1.9098122e+00   0.0000000e+00   7.8098108e-02   9.2190189e-01
   1.7317795e+00   0.0000000e+00   4.9904422e-02   9.5009558e-01
   1.8911451e+00   0.0000000e+00   8.6423298e-02   9.1357670e-01
   1.7571744e+00   0.0000000e+00   7.6093897e-02   9.2390610e-01
   1.7577123e+00   0.0000000e+00   7.1051729e-02   9.2894827e-01
   1.8618092e+00   0.0000000e+00   8.2108014e-02   9.1789199e-01
   1.8401578e+00   0.0000000e+00   4.9857073e-02   9.5014293e-01
   1.7425748e+00   0.0000000e+00   6.4895392e-02   9.3510461e-01
   1.7153806e+00   0.0000000e+00   6.6865714e-02   9.3313429e-01
   1.9694404e+00   0.0000000e+00   5.5066923e-02   9.4493308e-01
   1.8821560e+00   0.0000000e+00   7.2095721e-02   9.2790428e-01
   2.1184680e+00   0.0000000e+00   6.5094949e-02   9.3490505e-01
   1.8098632e+00   0.0000000e+00   5.3819995e-02   9.4618001e-01
   1.8054474e+00   0.0000000e+00   5.4891540e-02   9.4510846e-01
   1.7852951e+00   0.0000000e+00   5.1500691e-02   9.4849931e-01
   1.8569382e+00   0.0000000e+00   8.2468059e-02   9.1753194e-01
   1.8616692e+00   0.0000000e+00   6.7341285e-02   9.3265871e-01
   1.8332149e+00   0.0000000e+00   5.0966864e-02   9.4903314e-01
   1.8195410e+00   0.0000000e+00   6.7467374e-02   9.3253263e-01
   1.7498323e+00   0.0000000e+00   5.2490136e-02   9.4750986e-01
   1.8204012e+00   0.0000000e+00   8.1397090e-02   9.1860291e-01
   1.7477748e+00   0.0000000e+00   5.2099496e-02   9.4790050e-01
   1.8459516e+00   0.0000000e+00   5.0746915e-02   9.4925309e-01
   1.7822664e+00   0.0000000e+00   4.5534837e-02   9.5446516e-01
   1.8774002e+00   0.0000000e+00   7.6636344e-02   9.2336366e-01
   1.7811333e+00   0.0000000e+00   6.2480580e-02   9.3751942e-01
   1.8669132e+00   0.0000000e+00   4.3381332e-02   9.5661867e-01
   1.8110431e+00   0.0000000e+00   5.4629233e-02   9.4537077e-01
   1.9825113e+00   0.0000000e+00   4.1228412e-02   9.5877159e-01
   1.8304960e+00   0.0000000e+00   5.5205516e-02   9.4479448e-01
   2.0052313e+00   0.0000000e+00   9.6360861e-02   9.0363914e-01
   1.7426634e+00   0.0000000e+00   4.4174361e-02   9.5582564e-01
   1.7428565e+00   0.0000000e+00   8.1528309e-02   9.1847169e-01
   1.7203449e+00   0.0000000e+00   7.2910150e-02   9.2708985e-01
   1.9931121e+00   0.0000000e+00   6.5784097e-02   9.3421590e-01
   1.5980985e+00   0.0000000e+00   4.9576854e-02   9.5042315e-01
   1.8705789e+00   0.0000000e+00   5.6913072e-02   9.4308693e-01
   1.9059886e+00   0.0000000e+00   5.9324746e-02   9.4067525e-01
   1.9807146e+00   0.0000000e+00   5.5374336e-02   9.4462566e-01
   1.7066132e+00   0.0000000e+00   5.7211948e-02   9.4278805e-01
   1.9095915e+00   0.0000000e+00   4.3418306e-02   9.5658169e-01
   1.9170587e+00   0.0000000e+00   5.8533538e-02   9.4146646e-01
   1.9244203e+00   0.0000000e+00   4.2675598e-02   9.5732440e-01
   1.8649350e+00   0.0000000e+00   3.7206621e-02   9.6279338e-01
   2.0043283e+00   0.0000000e+00   8.0089006e-02   9.1991099e-01
   1.7413593e+00   0.0000000e+00   4.5260580e-02   9.5473942e-01
   1.8465070e+00   0.0000000e+00   9.2883833e-02   9.0711617e-01
   1.8515916e+00   0.0000000e+00   4.0716073e-02   9.5928393e-01
   1.7337124e+00   0.0000000e+00   3.3670207e-02   9.6632979e-01
   1.8981981e+00   0.0000000e+00   7.9624970e-02   9.2037503e-01
   1.8384207e+00   0.0000000e+00   8.8309472e-02   9.1169053e-01
   1.9023287e+00   0.0000000e+00   9.9308292e-02   9.0069171e-01
   2.0178834e+00   0.0000000e+00   3.4455822e-02   9.6554418e-01
   1.8798021e+00   0.0000000e+00   3.7184881e-02   9.6281512e-01
   1.7454143e+00   0.0000000e+00   3.5706759e-02   9.6429324e-01
   1.9192908e+00   0.0000000e+00   9.9786090e-02   9.0021391e-01
   1.7775444e+00   0.0000000e+00   3.8568244e-02   9.6143176e-01
   1.9574119e+00   0.0000000e+00   3.2140195e-02   9.6785981e-01
   1.9013725e+00   0.0000000e+00   3.5724517e-02   9.6427548e-01
   1.8336859e+00   0.0000000e+00   3.1871256e-02   9.6812874e-01
   2.0178757e+00   0.0000000e+00   5.2110359e-02   9.4788964e-01
   1.9202426e+00   0.0000000e+00   3.4700936e-02   9.6529906e-01
   1.8586164e+00   0.0000000e+00   9.6403782e-02   9.0359622e-01
   1.8730492e+00   0.0000000e+00   3.5618051e-02   9.6438195e-01
   1.6697983e+00   0.0000000e+00   3.2864042e-02   9.6713596e-01
   2.0617906e+00   0.0000000e+00   1.0196265e-01   8.9803735e-01
   1.9664214e+00   0.0000000e+00   2.9811788e-02   9.7018821e-01
   1.7659627e+00   0.0000000e+00   8.7345266e-02   9.1265473e-01
   1.7373141e+00   0.0000000e+00   3.1644227e-02   9.6835577e-01
   1.9255311e+00   0.0000000e+00   1.0154926e-01   8.9845074e-01
   1.7803280e+00   0.0000000e+00   2.7858228e-02   9.7214177e-01
   2.0735783e+00   0.0000000e+00   3.7630646e-02   9.6236935e-01
   2.0063775e+00   0.0000000e+00   2.7470341e-02   9.7252966e-01
   2.1027012e+00   0.0000000e+00   2.9231451e-02   9.7076855e-01
   1.8852603e+00   0.0000000e+00   3.1394113e-02   9.6860589e-01
   1.7064730e+00   0.0000000e+00   2.8174228e-02   9.7182577e-01
   1.8845684e+00   0.0000000e+00   2.6723627e-02   9.7327637e-01
   1.9780842e+00   0.0000000e+00   3.3858374e-02   9.6614163e-01
   1.7919225e+00   0.0000000e+00   3.2148879e-02   9.6785112e-01
   2.0101450e+00   0.0000000e+00   3.3696337e-02   9.6630366e-01
   1.8463973e+00   0.0000000e+00   2.4653493e-02   9.7534651e-01
   2.0002001e+00   0.0000000e+00   2.3834890e-02   9.7616511e-01
   1.7468361e+00   0.0000000e+00   3.0696286e-02   9.6930371e-01
   1.6907593e+00   0.0000000e+00   2.6257324e-02   9.7374268e-01
   2.0152651e+00   0.0000000e+00   2.7612075e-02   9.7238792e-01
   1.8033499e+00   0.0000000e+00   2.6359286e-02   9.7364071e-01
   1.8845849e+00   0.0000000e+00   2.3397500e-02   9.7660250e-01
   1.8354673e+00   0.0000000e+00   2.7768726e-02   9.7223127e-01
   1.8953568e+00   0.0000000e+00   2.4192697e-02   9.7580730e-01
   1.9806135e+00   0.0000000e+00   2.5102237e-02   9.7489776e-01
   1.9055801e+00   0.0000000e+00   2.4600121e-02   9.7539988e-01
   2.0276511e+00   0.0000000e+00   2.4126519e-02   9.7587348e-01
   1.5730050e+00   0.0000000e+00   2.8197591e-02   9.7180241e-01
   1.9874906e+00   0.0000000e+00   2.6553945e-02   9.7344605e-01
   1.9366570e+00   0.0000000e+00   2.5145804e-02   9.7485420e-01
   1.6875140e+00   0.0000000e+00   2.6720741e-02   9.7327926e-01
   1.7252243e+00   0.0000000e+00   3.0727184e-02   9.6927282e-01
   2.1976581e+00   0.0000000e+00   2.7892440e-02   9.7210756e-01
   1.9060805e+00   0.0000000e+00   3.6779465e-02   9.6322053e-01
   1.8998630e+00   0.0000000e+00   2.2613289e-02   9.7738671e-01
   2.1972621e+00   0.0000000e+00   2.5436744e-02   9.7456326e-01
   2.1326954e+00   0.0000000e+00   3.0447451e-02   9.6955255e-01
   1.9681075e+00   0.0000000e+00   2.1216286e-02   9.7878371e-01
   1.8964452e+00   0.0000000e+00   2.1808613e-02   9.7819139e-01
   1.9643605e+00   0.0000000e+00   2.0680200e-02   9.7931980e-01
   2.0383567e+00   0.0000000e+00   2.2915629e-02   9.7708437e-01
   1.9493906e+00   0.0000000e+00   2.1266837e-02   9.7873316e-01
   1.9205441e+00   0.0000000e+00   2.6090382e-02   9.7390962e-01
   2.0154222e+00   0.0000000e+00   2.2588682e-02   9.7741132e-01
   2.0610250e+00   0.0000000e+00   2.1518286e-02   9.7848171e-01
   2.0125919e+00   0.0000000e+00   2.0930396e-02   9.7906960e-01
   1.8133562e+00   0.0000000e+00   2.1139190e-02   9.7886081e-01
   1.9213476e+00   0.0000000e+00   3.1096221e-02   9.6890378e-01
   2.1930446e+00   0.0000000e+00   3.0233327e-02   9.6976667e-01
   2.1353280e+00   0.0000000e+00   2.1673262e-02   9.7832674e-01
   2.1968351e+00   0.0000000e+00   2.2868100e-02   9.7713190e-01
   1.8743534e+00   0.0000000e+00   2.2748304e-02   9.7725170e-01
   2.1009617e+00   0.0000000e+00   1.8617353e-02   9.8138265e-01
   1.9250885e+00   0.0000000e+00   1.7707445e-02   9.8229256e-01
   2.1090019e+00   0.0000000e+00   2.2822859e-02   9.7717714e-01
   2.0368249e+00   0.0000000e+00   1.9175665e-02   9.8082434e-01
   2.1148615e+00   0.0000000e+00   2.1231806e-02   9.7876819e-01
   2.2599125e+00   0.0000000e+00   2.1307282e-02   9.7869272e-01
   2.0096743e+00   0.0000000e+00   1.8612144e-02   9.8138786e-01
   1.9278474e+00   0.0000000e+00   2.2685887e-02   9.7731411e-01
   2.2361253e+00   0.0000000e+00   1.9901039e-02   9.8009896e-01
   1.8990506e+00   0.0000000e+00   1.6704824e-02   9.8329518e-01
   1.8282671e+00   0.0000000e+00   1.7672612e-02   9.8232739e-01
   2.0888434e+00   0.0000000e+00   1.9122784e-02   9.8087722e-01
   1.8915177e+00   0.0000000e+00   1.6740420e-02   9.8325958e-01
   1.9676857e+00   0.0000000e+00   1.7447875e-02   9.8255212e-01
   1.8928250e+00   0.0000000e+00   1.7944719e-02   9.8205528e-01
   2.1216707e+00   0.0000000e+00   1.7581029e-02   9.8241897e-01
   2.1874420e+00   0.0000000e+00   2.3390341e-02   9.7660966e-01
   2.2128387e+00   0.0000000e+00   1.7770792e-02   9.8222921e-01
   2.0346223e+00   0.0000000e+00   1.6884955e-02   9.8311504e-01
   2.0654834e+00   0.0000000e+00   1.7546597e-02   9.8245340e-01
   2.1629978e+00   0.0000000e+00   1.8861719e-02   9.8113828e-01
   2.1503453e+00   0.0000000e+00   3.5541776e-02   9.6445822e-01
   2.0388777e+00   0.0000000e+00   1.8458613e-02   9.8154139e-01
   2.0449978e+00   0.0000000e+00   2.0330739e-02   9.7966926e-01
   1.9101169e+00   0.0000000e+00   1.5024361e-02   9.8497564e-01
   2.2200030e+00   0.0000000e+00   2.0914685e-02   9.7908532e-01
   2.1259607e+00   0.0000000e+00   3.4872958e-02   9.6512704e-01
   2.2290763e+00   0.0000000e+00   1.7917339e-02   9.8208266e-01
   1.9583127e+00   0.0000000e+00   1.9130368e-02   9.8086963e-01
   1.9716998e+00   0.0000000e+00   1.5619393e-02   9.8438061e-01
   1.7790265e+00   0.0000000e+00   1.5973069e-02   9.8402693e-01
   2.0249128e+00   0.0000000e+00   1.5645334e-02   9.8435467e-01
   2.1553551e+00   0.0000000e+00   1.5859890e-02   9.8414011e-01
   2.1691582e+00   0.0000000e+00   1.7548107e-02   9.8245189e-01
   1.6713132e+00   0.0000000e+00   1.7606004e-02   9.8239400e-01
   2.0828142e+00   0.0000000e+00   1.4499867e-02   9.8550013e-01
   2.1518320e+00   0.0000000e+00   1.6890168e-02   9.8310983e-01
   1.9901889e+00   0.0000000e+00   1.6189366e-02   9.8381063e-01
   2.3472912e+00   0.0000000e+00   1.8374216e-02   9.8162578e-01
   2.0085605e+00   0.0000000e+00   1.3871621e-02   9.8612838e-01
   1.7002284e+00   0.0000000e+00   1.6761181e-02   9.8323882e-01
   2.2583625e+00   0.0000000e+00   1.9139715e-02   9.8086028e-01
   2.1800259e+00   0.0000000e+00   1.4917494e-02   9.8508251e-01
